  0.835489359667719E-005  0.159805495687638E+003  0.352666030277520E+001  0.125756086551323E+001
  0.835489359667719E-005  0.168436420511384E+003  0.341808987658011E+001  0.179345489735962E+001
  0.835489359667719E-005  0.167603062851841E+003  0.355198131257834E+001  0.752888791406622E+000
  0.835489359667719E-005  0.159858322382646E+003  0.346649125694294E+001  0.113762153037920E+001
  0.835489359667719E-005  0.159876133718930E+003  0.343843539789263E+001  0.131304977275210E+001
  0.835489359667719E-005  0.164959287526751E+003  0.350857648949285E+001  0.139888471151094E+001
  0.835489359667719E-005  0.159879973243741E+003  0.341911616648921E+001  0.172564314658003E+001
  0.835489359667719E-005  0.160100599445645E+003  0.340490676700285E+001  0.168287822725537E+001
  0.835489359667719E-005  0.160129140031649E+003  0.344344552019376E+001  0.127712625988775E+001
  0.835489359667719E-005  0.160171941068638E+003  0.348510738393963E+001  0.149999115575156E+001
  0.835489359667719E-005  0.160499036032527E+003  0.343684149326033E+001  0.169542978144317E+001
  0.835489359667719E-005  0.164179603709182E+003  0.339842549563948E+001  0.173700492743721E+001
  0.835489359667719E-005  0.160887860648500E+003  0.354804392896828E+001  0.110464784611746E+001
  0.835489359667719E-005  0.163857589239969E+003  0.343035372582489E+001  0.173506452430142E+001
  0.835489359667719E-005  0.161121018779773E+003  0.341828963447434E+001  0.146129762799968E+001
  0.835489359667719E-005  0.161121833647672E+003  0.350260825080495E+001  0.141267479366474E+001
  0.835489359667719E-005  0.161282878256656E+003  0.355224166511983E+001  0.801967917444637E+000
  0.835489359667719E-005  0.161327369647914E+003  0.349183358737236E+001  0.147195360649222E+001
  0.835489359667719E-005  0.161353830862138E+003  0.341039282260729E+001  0.174097109434542E+001
  0.835489359667719E-005  0.161362158716030E+003  0.352923935938941E+001  0.850858260744527E+000
  0.835489359667719E-005  0.161383583718922E+003  0.345010322160132E+001  0.165781719952913E+001
  0.835489359667719E-005  0.161443552765245E+003  0.355586179510799E+001  0.103830170054268E+001
  0.835489359667719E-005  0.161506709979663E+003  0.350174130574687E+001  0.953446925800215E+000
  0.835489359667719E-005  0.161718363110632E+003  0.355176606527109E+001  0.798422315206093E+000
  0.835489359667719E-005  0.162280779658998E+003  0.351166861545430E+001  0.136673531985992E+001
  0.835489359667719E-005  0.161788136097946E+003  0.344419370038775E+001  0.126199183012675E+001
  0.835489359667719E-005  0.161912166754420E+003  0.340399322648533E+001  0.173035652812223E+001
  0.835489359667719E-005  0.162213496666125E+003  0.349608538166944E+001  0.145417186325342E+001
  0.835489359667719E-005  0.162170102002787E+003  0.356502279733982E+001  0.805707475284906E+000
  0.835489359667719E-005  0.162010562693936E+003  0.350813447073093E+001  0.138599483263767E+001
  0.835489359667719E-005  0.163527956290478E+003  0.353845858955703E+001  0.841729407989163E+000
  0.835489359667719E-005  0.162792699927957E+003  0.355521906829823E+001  0.835972114303321E+000
  0.835489359667719E-005  0.162076749487052E+003  0.354951639559600E+001  0.840419617069333E+000
  0.835489359667719E-005  0.161927884633129E+003  0.355266563895319E+001  0.844140613610946E+000
  0.835489359667719E-005  0.161732017508804E+003  0.354364378180247E+001  0.847891141144931E+000
  0.835489359667719E-005  0.161566497658170E+003  0.354891697677446E+001  0.846301248741382E+000
