  0.49406565E-323  0.16424451E+004  0.40689754E+001 -0.27207392E+001
  0.49406565E-323  0.16415772E+004  0.36029431E+001  0.25780148E+001
  0.98813129E-323  0.16407617E+004  0.40336760E+001 -0.26809517E+001
  0.98813129E-323  0.16405589E+004  0.29182022E+001  0.32083518E+001
  0.24703282E-322  0.16388331E+004  0.40788179E+001 -0.65280102E+000
  0.29643939E-322  0.16386579E+004  0.36233466E+001 -0.13321566E+001
  0.39525252E-322  0.16381254E+004  0.35119912E+001  0.30420614E+001
  0.39525252E-322  0.16381184E+004  0.33865941E+001 -0.14756380E+000
  0.27667676E-321  0.16341632E+004  0.40705675E+001 -0.27121475E+001
  0.31620201E-321  0.16338999E+004  0.38327526E+001 -0.21600351E+001
  0.98813129E-321  0.16316324E+004  0.28972094E+001  0.34644954E+001
  0.16501793E-320  0.16306004E+004  0.37214004E+001 -0.17438617E+001
  0.29545126E-320  0.16294341E+004  0.28753397E+001  0.37692114E+001
  0.48369027E-320  0.16284469E+004  0.28680552E+001  0.47179519E+001
  0.53754342E-320  0.16282331E+004  0.33297645E+001  0.38601220E+001
  0.73467562E-320  0.16276068E+004  0.30808960E+001  0.46984279E+001
  0.91155112E-320  0.16271733E+004  0.41802778E+001 -0.22616763E+001
  0.41140846E-319  0.16241570E+004  0.28878788E+001  0.35993527E+001
  0.78210592E-319  0.16228703E+004  0.36178116E+001 -0.12968718E+001
  0.82479319E-319  0.16227619E+004  0.34783310E+001 -0.62550038E+000
  0.12353123E-318  0.16219521E+004  0.38778944E+001 -0.22971276E+001
  0.17380241E-318  0.16212673E+004  0.37467300E+001 -0.18374571E+001
  0.17728064E-318  0.16212257E+004  0.37442462E+001 -0.18277700E+001
  0.21485433E-318  0.16208394E+004  0.41588424E+001 -0.25552738E+001
  0.31133053E-318  0.16200956E+004  0.30723127E+001  0.47123711E+001
  0.76000636E-318  0.16183087E+004  0.41776403E+001 -0.20664317E+001
  0.41359964E-317  0.16149184E+004  0.28785540E+001  0.37553177E+001
  0.24503492E-316  0.16113583E+004  0.33345659E+001  0.16438319E+000
  0.25340197E-316  0.16112892E+004  0.40966217E+001 -0.86331105E+000
  0.31914007E-316  0.16108259E+004  0.32075753E+001  0.94125131E+000
  0.38920738E-316  0.16104270E+004  0.32349633E+001  0.42129508E+001
  0.11362723E-315  0.16082823E+004  0.34592508E+001  0.32764300E+001
  0.11710260E-315  0.16082201E+004  0.39378371E+001  0.47630156E+000
  0.26789814E-315  0.16065630E+004  0.38170450E+001  0.13026493E+001
  0.35841892E-315  0.16059789E+004  0.28670834E+001  0.46318168E+001
  0.37421528E-315  0.16058907E+004  0.41749182E+001 -0.20581997E+001
  0.39192207E-315  0.16057962E+004  0.41418853E+001 -0.13962916E+001
  0.24494089E-314  0.16021292E+004  0.38474957E+001 -0.21853570E+001
  0.32107333E-314  0.16015860E+004  0.38202536E+001  0.12783104E+001
  0.35569596E-314  0.16013792E+004  0.34545364E+001 -0.48840364E+000
  0.55600142E-314  0.16004838E+004  0.35064973E+001 -0.75330557E+000
  0.29151775E-313  0.15971681E+004  0.33093289E+001  0.39214850E+001
  0.31390424E-313  0.15970181E+004  0.38759643E+001  0.90510574E+000
  0.32061074E-313  0.15969739E+004  0.28604341E+001  0.42527201E+001
  0.10418476E-312  0.15946149E+004  0.29470120E+001  0.29732759E+001
  0.53947343E-312  0.15913241E+004  0.38344287E+001  0.11785158E+001
  0.97453623E-312  0.15901394E+004  0.28633529E+001  0.44808843E+001
  0.20956200E-311  0.15886062E+004  0.34769834E+001  0.31794567E+001
  0.26678910E-311  0.15881213E+004  0.36593100E+001 -0.14565078E+001
  0.30719605E-311  0.15878373E+004  0.41708891E+001 -0.20435289E+001
  0.44789238E-311  0.15870813E+004  0.29738620E+001  0.27252372E+001
  0.60781197E-311  0.15864687E+004  0.28633520E+001  0.42115044E+001
  0.69776276E-311  0.15861907E+004  0.29408082E+001  0.30476223E+001
  0.23917721E-310  0.15837249E+004  0.38097296E+001 -0.20435190E+001
  0.86421854E-310  0.15811537E+004  0.38625652E+001 -0.22175963E+001
  0.11194431E-309  0.15806343E+004  0.36424896E+001  0.23231811E+001
  0.19972424E-309  0.15794744E+004  0.30634453E+001  0.46957564E+001
  0.24829708E-309  0.15790371E+004  0.33225164E+001  0.25668478E+000
  0.42703295E-309  0.15779507E+004  0.28780669E+001  0.46448650E+001
  0.60316271E-309  0.15772581E+004  0.28688178E+001  0.40782962E+001
  0.12648873E-308  0.15757750E+004  0.28854187E+001  0.37473232E+001
  0.18168688E-308  0.15750488E+004  0.29186549E+001  0.48050781E+001
  0.20014857E-308  0.15748533E+004  0.41647162E+001 -0.23234106E+001
  0.32110689E-308  0.15739059E+004  0.37737838E+001 -0.19066065E+001
  0.50969080E-308  0.15729799E+004  0.40248183E+001 -0.25979349E+001
  0.54121760E-308  0.15728579E+004  0.31195362E+001  0.15701772E+001
  0.16941179E-307  0.15705738E+004  0.40977570E+001 -0.26293294E+001
  0.20938175E-307  0.15701482E+004  0.40389085E+001 -0.36770217E+000
  0.70816681E-307  0.15677092E+004  0.30789097E+001  0.46503254E+001
  0.24923427E-305  0.15605855E+004  0.36510487E+001  0.22621698E+001
  0.37400156E-305  0.15597718E+004  0.33091543E+001  0.34882887E+000
  0.97001917E-305  0.15578637E+004  0.28687551E+001  0.43327448E+001
  0.16870074E-304  0.15567550E+004  0.41309977E+001 -0.25405155E+001
  0.30110964E-304  0.15555943E+004  0.41336821E+001 -0.13903374E+001
  0.26252013E-303  0.15512615E+004  0.28996385E+001  0.35927600E+001
  0.57374879E-303  0.15496958E+004  0.38062321E+001 -0.20059136E+001
  0.17798329E-302  0.15474297E+004  0.28944483E+001  0.36784223E+001
  0.27651113E-302  0.15465466E+004  0.34317901E+001  0.33624272E+001
  0.28266232E-302  0.15465007E+004  0.35803640E+001  0.26341181E+001
  0.46648618E-302  0.15454968E+004  0.28898311E+001  0.46384257E+001
  0.70246217E-302  0.15446761E+004  0.38300953E+001  0.11713903E+001
  0.77241117E-302  0.15444843E+004  0.31074278E+001  0.45598361E+001
  0.87831039E-302  0.15442254E+004  0.28801926E+001  0.45445365E+001
  0.35595417E-301  0.15414246E+004  0.40709492E+001 -0.69973527E+000
  0.46715075E-301  0.15408790E+004  0.30647111E+001  0.46570717E+001
  0.54671928E-301  0.15405625E+004  0.41323717E+001 -0.24995334E+001
  0.43737210E-300  0.15364016E+004  0.34052367E+001  0.34751341E+001
  0.64376094E-300  0.15356266E+004  0.32626707E+001  0.64769191E+000
  0.21341564E-299  0.15332276E+004  0.37097438E+001  0.19081903E+001
  0.47235940E-299  0.15316367E+004  0.28859572E+001  0.45617200E+001
  0.53297230E-299  0.15313933E+004  0.31571185E+001  0.44099343E+001
  0.58614213E-299  0.15312012E+004  0.28800650E+001  0.40111724E+001
  0.58641137E-299  0.15311983E+004  0.36656029E+001  0.21604674E+001
  0.27767733E-298  0.15280863E+004  0.33487128E+001  0.37127401E+001
  0.42477506E-298  0.15272341E+004  0.30868473E+001  0.45951711E+001
  0.45442696E-298  0.15270972E+004  0.36299191E+001 -0.12864921E+001
  0.13405173E-297  0.15249317E+004  0.38659608E+001 -0.21835480E+001
  0.13750054E-297  0.15248790E+004  0.41251810E+001 -0.24942917E+001
  0.25258004E-297  0.15236608E+004  0.35647095E+001  0.27000964E+001
  0.75370105E-297  0.15214723E+004  0.41464278E+001 -0.16970061E+001
  0.39579618E-296  0.15181534E+004  0.36138251E+001 -0.12084256E+001
  0.12073346E-295  0.15159209E+004  0.37492413E+001 -0.17720975E+001
  0.13742067E-295  0.15156600E+004  0.30984473E+001  0.45569476E+001
  0.34818304E-295  0.15137987E+004  0.28921760E+001  0.45594534E+001
  0.45986980E-295  0.15132403E+004  0.29181087E+001  0.46921779E+001
  0.95339841E-295  0.15117802E+004  0.38254868E+001  0.11761763E+001
  0.18048015E-294  0.15105019E+004  0.41513592E+001 -0.22086602E+001
  0.32704368E-294  0.15093110E+004  0.39465234E+001  0.32387137E+000
  0.54431318E-293  0.15036850E+004  0.40235829E+001 -0.30743862E+000
  0.19530003E-292  0.15011279E+004  0.36477025E+001  0.22397711E+001
  0.23484906E-292  0.15007571E+004  0.28846547E+001  0.40571019E+001
  0.44990427E-292  0.14994550E+004  0.37245187E+001  0.17968274E+001
  0.87859081E-292  0.14981144E+004  0.29628335E+001  0.47276601E+001
  0.15000238E-291  0.14970427E+004  0.37017699E+001 -0.15711360E+001
  0.16807732E-291  0.14968132E+004  0.34993182E+001 -0.64779850E+000
  0.47393113E-291  0.14947379E+004  0.30764191E+001  0.45883958E+001
  0.57948873E-291  0.14943338E+004  0.39590133E+001 -0.24026971E+001
  0.63380387E-291  0.14941527E+004  0.31689669E+001  0.43436911E+001
  0.76175503E-291  0.14937830E+004  0.41171807E+001 -0.24571455E+001
  0.10591766E-290  0.14931218E+004  0.28851694E+001  0.41024665E+001
  0.15705041E-290  0.14923320E+004  0.37399060E+001  0.16994225E+001
  0.40219551E-290  0.14904493E+004  0.40828690E+001 -0.25207156E+001
  0.41473213E-290  0.14903860E+004  0.30356174E+001  0.46605924E+001
  0.12500139E-289  0.14881775E+004  0.29600791E+001  0.29881072E+001
  0.13769827E-289  0.14879820E+004  0.29527201E+001  0.47078960E+001
  0.17200848E-289  0.14875351E+004  0.40713155E+001 -0.77736322E+000
  0.25981671E-289  0.14867083E+004  0.29636080E+001  0.29540039E+001
  0.30720954E-288  0.14817661E+004  0.39787366E+001  0.45602069E-001
  0.32402192E-288  0.14816576E+004  0.40739443E+001 -0.25135391E+001
  0.45087622E-288  0.14809948E+004  0.36108214E+001  0.24275669E+001
  0.69473582E-288  0.14801282E+004  0.37802098E+001 -0.18608233E+001
  0.86221388E-288  0.14796943E+004  0.41332838E+001 -0.15859269E+001
  0.11479148E-287  0.14791200E+004  0.36988506E+001  0.19332588E+001
  0.30313076E-287  0.14771759E+004  0.28922394E+001  0.39665560E+001
  0.67447379E-287  0.14755744E+004  0.29355965E+001  0.32788462E+001
  0.92622702E-287  0.14749381E+004  0.38564053E+001 -0.21134515E+001
  0.11793266E-286  0.14744530E+004  0.36148100E+001 -0.11826346E+001
  0.14439066E-286  0.14740462E+004  0.34733371E+001  0.31193625E+001
  0.37093847E-286  0.14721572E+004  0.35070456E+001 -0.66960256E+000
  0.63770690E-286  0.14710716E+004  0.41443574E+001 -0.20487091E+001
  0.97349197E-286  0.14702236E+004  0.41059671E+001 -0.24450695E+001
  0.12561733E-285  0.14697118E+004  0.39952531E+001 -0.10238944E+000
  0.18970649E-285  0.14688854E+004  0.31076495E+001  0.44920427E+001
  0.43641856E-284  0.14626120E+004  0.39197302E+001  0.48175383E+000
  0.32525268E-282  0.14539877E+004  0.41375737E+001 -0.18073286E+001
  0.53375523E-282  0.14529951E+004  0.40482024E+001 -0.59524370E+000
  0.13862483E-281  0.14510843E+004  0.31264413E+001  0.16255916E+001
  0.14572020E-281  0.14509825E+004  0.29461128E+001  0.31988738E+001
  0.19011872E-281  0.14504486E+004  0.41297264E+001 -0.16215433E+001
  0.19139139E-281  0.14504333E+004  0.36095190E+001  0.24132146E+001
  0.19399569E-281  0.14504044E+004  0.29066043E+001  0.44743290E+001
  0.60888513E-281  0.14481148E+004  0.40996493E+001 -0.24189320E+001
  0.69022291E-281  0.14478621E+004  0.38458545E+001  0.98982263E+000
  0.12440500E-280  0.14466819E+004  0.40878977E+001 -0.24425034E+001
  0.70227432E-280  0.14432184E+004  0.32224770E+001  0.97295268E+000
  0.27999780E-279  0.14404504E+004  0.40732928E+001 -0.86888775E+000
  0.28860863E-279  0.14403878E+004  0.33884622E+001  0.34817587E+001
  0.46447096E-279  0.14394342E+004  0.37478983E+001 -0.17103642E+001
  0.52222230E-279  0.14391979E+004  0.30722656E+001  0.45427986E+001
  0.54434833E-279  0.14391129E+004  0.41037491E+001 -0.12342569E+001
  0.14001925E-278  0.14372214E+004  0.41363383E+001 -0.19639771E+001
  0.33611554E-278  0.14354681E+004  0.41358522E+001 -0.19432587E+001
  0.82670799E-278  0.14336662E+004  0.38697949E+001  0.81395617E+000
  0.99052510E-278  0.14333027E+004  0.30217256E+001  0.46159561E+001
  0.11325623E-277  0.14330327E+004  0.40922668E+001 -0.24085392E+001
  0.42032059E-277  0.14304080E+004  0.36326232E+001  0.22732888E+001
  0.73958304E-277  0.14292759E+004  0.35378306E+001  0.27723072E+001
  0.86796282E-277  0.14289539E+004  0.31569362E+001  0.43246369E+001
  0.13158045E-276  0.14281198E+004  0.30965753E+001  0.44802199E+001
  0.33107360E-276  0.14262724E+004  0.39551101E+001 -0.23281270E+001
  0.91782048E-276  0.14242311E+004  0.36367763E+001 -0.12445927E+001
  0.11284424E-275  0.14238160E+004  0.37687705E+001  0.14708604E+001
  0.11294249E-275  0.14238123E+004  0.41223685E+001 -0.22333716E+001
  0.22861737E-275  0.14224000E+004  0.38024791E+001 -0.18947516E+001
  0.32329526E-275  0.14217050E+004  0.36400984E+001  0.22257952E+001
  0.34913466E-275  0.14215493E+004  0.41311720E+001 -0.20649086E+001
  0.10761757E-274  0.14192959E+004  0.38586579E+001  0.87878854E+000
  0.11961176E-274  0.14190826E+004  0.31382781E+001  0.15684895E+001
  0.17430731E-274  0.14183275E+004  0.41212261E+001 -0.22243801E+001
  0.68290022E-274  0.14155945E+004  0.40923027E+001 -0.11340770E+001
  0.11311719E-273  0.14145833E+004  0.37290594E+001 -0.16193598E+001
  0.44095147E-273  0.14118603E+004  0.29049074E+001  0.42477249E+001
  0.46005669E-273  0.14117735E+004  0.31292741E+001  0.43852798E+001
  0.48552474E-273  0.14116638E+004  0.36838668E+001 -0.14359195E+001
  0.55904539E-273  0.14113798E+004  0.35670253E+001  0.26102865E+001
  0.84109264E-273  0.14105609E+004  0.29640178E+001  0.45962425E+001
  0.14011801E-272  0.14095383E+004  0.33305670E+001  0.37017570E+001
  0.27761669E-272  0.14081688E+004  0.38041550E+001 -0.18891528E+001
  0.63280089E-272  0.14065190E+004  0.30751838E+001  0.45040130E+001
  0.70978175E-272  0.14062875E+004  0.35852306E+001  0.25114382E+001
  0.16246024E-271  0.14046294E+004  0.40131067E+001 -0.23938383E+001
  0.20363419E-271  0.14041756E+004  0.29062689E+001  0.40162025E+001
  0.24032259E-271  0.14038424E+004  0.29185299E+001  0.36916494E+001
  0.68060952E-271  0.14017584E+004  0.41276828E+001 -0.19416444E+001
  0.92911725E-271  0.14011340E+004  0.39277685E+001  0.36444223E+000
  0.12189955E-270  0.14005889E+004  0.38955534E+001  0.60230444E+000
  0.20132518E-270  0.13995835E+004  0.32784046E+001  0.38966366E+001
  0.26937039E-270  0.13989992E+004  0.32005548E+001  0.11534505E+001
  0.31903474E-270  0.13986589E+004  0.31947915E+001  0.41845689E+001
  0.41591295E-270  0.13981266E+004  0.33498322E+001  0.36147296E+001
  0.19221023E-269  0.13950632E+004  0.38643610E+001 -0.20702989E+001
  0.25867944E-269  0.13944673E+004  0.30084991E+001  0.26417185E+001
  0.11947442E-268  0.13914051E+004  0.29475071E+001  0.45319090E+001
  0.21555528E-268  0.13902229E+004  0.30413322E+001  0.45423929E+001
  0.34783216E-268  0.13892640E+004  0.29097969E+001  0.40064349E+001
  0.37011156E-268  0.13891378E+004  0.39688795E+001 -0.23158989E+001
  0.45250454E-268  0.13887339E+004  0.31328582E+001  0.43548893E+001
  0.67207399E-268  0.13879408E+004  0.36033187E+001  0.24020746E+001
  0.11531824E-267  0.13868590E+004  0.39338600E+001 -0.22438839E+001
  0.12972552E-267  0.13866216E+004  0.32989518E+001  0.38089556E+001
  0.28623318E-267  0.13850369E+004  0.29528855E+001  0.45328197E+001
  0.27927958E-266  0.13804790E+004  0.31327745E+001  0.43474960E+001
  0.28757151E-266  0.13804185E+004  0.40188230E+001 -0.41252039E+000
  0.68763525E-266  0.13786730E+004  0.29138249E+001  0.42301194E+001
  0.85222850E-266  0.13782418E+004  0.34368918E+001 -0.24130498E+000
  0.18463443E-265  0.13766937E+004  0.36245040E+001 -0.11562508E+001
  0.68656843E-265  0.13740651E+004  0.41009731E+001 -0.22408086E+001
  0.10794797E-264  0.13731580E+004  0.35890708E+001  0.24673797E+001
  0.25252706E-264  0.13714564E+004  0.33514658E+001  0.23776959E+000
  0.29020910E-264  0.13711762E+004  0.30958537E+001  0.19304664E+001
  0.35160816E-264  0.13707905E+004  0.29136922E+001  0.40386676E+001
  0.43795483E-264  0.13703493E+004  0.33128721E+001  0.46547524E+000
  0.73752128E-264  0.13693050E+004  0.29314784E+001  0.44091917E+001
  0.19813265E-263  0.13673266E+004  0.31402326E+001  0.43158874E+001
  0.22794625E-263  0.13670443E+004  0.29342980E+001  0.44205693E+001
  0.30512471E-263  0.13664591E+004  0.35579868E+001  0.26248959E+001
  0.60657469E-263  0.13650829E+004  0.36973203E+001  0.18582728E+001
  0.84353431E-263  0.13644215E+004  0.33723354E+001  0.34956834E+001
  0.36781890E-262  0.13614743E+004  0.39673952E+001 -0.22835582E+001
  0.10101821E-261  0.13594518E+004  0.38795314E+001  0.68022108E+000
  0.14281200E-261  0.13587574E+004  0.38486615E+001  0.89566075E+000
  0.38178248E-261  0.13567888E+004  0.36546481E+001  0.20971695E+001
  0.40482468E-261  0.13566696E+004  0.29772051E+001  0.30098417E+001
  0.54360771E-261  0.13560781E+004  0.31425431E+001  0.42994064E+001
  0.71149815E-261  0.13555379E+004  0.38812095E+001 -0.20831717E+001
  0.22067053E-260  0.13532722E+004  0.38591985E+001 -0.20186170E+001
  0.33440227E-260  0.13524389E+004  0.38912795E+001 -0.21073963E+001
  0.63761901E-260  0.13511461E+004  0.36000584E+001  0.23928593E+001
  0.22661249E-259  0.13486080E+004  0.36759615E+001  0.19698030E+001
  0.15113148E-258  0.13448111E+004  0.37928452E+001 -0.17990766E+001
  0.23451492E-258  0.13439304E+004  0.40603415E+001 -0.23054402E+001
  0.28773320E-258  0.13435194E+004  0.39637713E+001 -0.22578462E+001
  0.10057218E-257  0.13410146E+004  0.37948352E+001  0.12394058E+001
  0.32217216E-256  0.13340791E+004  0.30322217E+001  0.44852809E+001
  0.42410066E-256  0.13335273E+004  0.39264126E+001 -0.21744092E+001
  0.44803600E-256  0.13334156E+004  0.29266022E+001  0.42074500E+001
  0.72356906E-256  0.13324550E+004  0.36298547E+001  0.22172259E+001
  0.10192422E-255  0.13317678E+004  0.29233323E+001  0.40484278E+001
  0.14077749E-255  0.13311199E+004  0.38497877E+001  0.86375812E+000
  0.34384652E-255  0.13293320E+004  0.31465378E+001  0.42639815E+001
  0.38027527E-255  0.13291286E+004  0.29404954E+001  0.35460990E+001
  0.56428014E-255  0.13283373E+004  0.41016487E+001 -0.20760967E+001
  0.57936770E-255  0.13282826E+004  0.39185643E+001 -0.21515482E+001
  0.68322019E-255  0.13279509E+004  0.30514896E+001  0.44567897E+001
  0.96454869E-255  0.13272593E+004  0.40347517E+001 -0.63980143E+000
  0.10801391E-254  0.13270309E+004  0.39075235E+001  0.44533713E+000
  0.12819340E-254  0.13266864E+004  0.32566334E+001  0.84675584E+000
  0.24525750E-254  0.13253869E+004  0.40526436E+001 -0.22832795E+001
  0.38149789E-254  0.13245014E+004  0.38732968E+001 -0.20330214E+001
  0.32151162E-253  0.13202364E+004  0.30853141E+001  0.43943845E+001
  0.52236320E-253  0.13192638E+004  0.29575847E+001  0.33168186E+001
  0.11894539E-252  0.13176161E+004  0.37755682E+001  0.13438521E+001
  0.16271092E-252  0.13169875E+004  0.29305679E+001  0.41819914E+001
  0.20431042E-252  0.13165302E+004  0.30025374E+001  0.44727776E+001
  0.22254086E-252  0.13163573E+004  0.35930892E+001  0.24044885E+001
  0.47424053E-252  0.13148422E+004  0.39047083E+001 -0.21056508E+001
  0.10401522E-251  0.13132694E+004  0.40839536E+001 -0.12565575E+001
  0.26053915E-251  0.13114310E+004  0.34958921E+001  0.28952349E+001
  0.31138988E-251  0.13110725E+004  0.36470719E+001  0.21055276E+001
  0.43050985E-251  0.13104227E+004  0.30550666E+001  0.23289046E+001
  0.45775885E-251  0.13102980E+004  0.38997597E+001  0.48696290E+000
  0.10658930E-250  0.13086056E+004  0.32679513E+001  0.38629359E+001
  0.14054010E-250  0.13080506E+004  0.37411273E+001 -0.15830617E+001
  0.31680344E-250  0.13064231E+004  0.35775810E+001  0.24791434E+001
  0.48354452E-250  0.13055754E+004  0.38945821E+001 -0.20716123E+001
  0.49185445E-250  0.13055394E+004  0.29836145E+001  0.30263185E+001
  0.53089866E-250  0.13053846E+004  0.29305364E+001  0.39250278E+001
  0.53167257E-250  0.13053798E+004  0.41021104E+001 -0.16839655E+001
  0.55289956E-250  0.13052995E+004  0.30203820E+001  0.26488404E+001
  0.86577415E-250  0.13044007E+004  0.40020660E+001 -0.35663065E+000
  0.15900748E-249  0.13031829E+004  0.31199895E+001  0.18132120E+001
  0.34674670E-249  0.13016217E+004  0.32367542E+001  0.99551973E+000
  0.40142362E-249  0.13013269E+004  0.30128900E+001  0.27269322E+001
  0.53485923E-249  0.13007509E+004  0.29924494E+001  0.44427574E+001
  0.16194035E-248  0.12985334E+004  0.30759904E+001  0.21662875E+001
  0.22073764E-248  0.12979119E+004  0.29327347E+001  0.38969624E+001
  0.48988696E-248  0.12963156E+004  0.38628494E+001  0.74115514E+000
  0.81821974E-248  0.12952877E+004  0.40294816E+001 -0.22515102E+001
  0.43622949E-246  0.12873333E+004  0.32052117E+001  0.40563973E+001
  0.57167110E-246  0.12867906E+004  0.34145511E+001  0.32545873E+001
  0.11585171E-245  0.12853760E+004  0.32183015E+001  0.11311361E+001
  0.12304489E-245  0.12852536E+004  0.32175865E+001  0.40153507E+001
  0.13803220E-245  0.12850217E+004  0.30607342E+001  0.23104825E+001
  0.23608111E-245  0.12839464E+004  0.33658984E+001  0.22117376E+000
  0.39569166E-245  0.12829115E+004  0.30490114E+001  0.44048461E+001
  0.52781095E-245  0.12823334E+004  0.31117108E+001  0.18980933E+001
  0.74438360E-245  0.12816438E+004  0.39203701E+001  0.30202839E+000
  0.15907286E-244  0.12801230E+004  0.40074544E+001 -0.43994779E+000
  0.21958494E-244  0.12794763E+004  0.36004798E+001  0.23373917E+001
  0.27985553E-244  0.12789893E+004  0.37971356E+001  0.11725175E+001
  0.48807031E-244  0.12778750E+004  0.37666235E+001  0.13679176E+001
  0.97867495E-244  0.12764816E+004  0.37819208E+001  0.12691298E+001
  0.11262779E-243  0.12761987E+004  0.33815179E+001  0.13835171E+000
  0.15956165E-243  0.12755000E+004  0.31843602E+001  0.41088712E+001
  0.11022080E-242  0.12716328E+004  0.39244374E+001  0.25990383E+000
  0.24508169E-242  0.12700326E+004  0.32659905E+001  0.38382205E+001
  0.10427586E-241  0.12671346E+004  0.34404359E+001  0.31232433E+001
  0.10751905E-241  0.12670714E+004  0.40659453E+001 -0.21337914E+001
  0.12008248E-241  0.12668484E+004  0.39606756E+001 -0.21659554E+001
  0.16208578E-241  0.12662466E+004  0.36849151E+001  0.18547315E+001
  0.46915365E-241  0.12641190E+004  0.36884210E+001  0.18325834E+001
  0.91329197E-241  0.12627848E+004  0.40859679E+001 -0.19736075E+001
  0.11810228E-240  0.12622687E+004  0.29418690E+001  0.38569589E+001
  0.15510309E-240  0.12617217E+004  0.40512848E+001 -0.93532502E+000
  0.52783692E-240  0.12592703E+004  0.35148627E+001 -0.55522098E+000
  0.79062229E-240  0.12584603E+004  0.39583046E+001 -0.29158264E-001
  0.10246186E-239  0.12579398E+004  0.32457229E+001  0.97420161E+000
  0.13643384E-239  0.12573652E+004  0.36145294E+001  0.22445935E+001
  0.20916633E-239  0.12565087E+004  0.32645280E+001  0.85454163E+000
  0.26369414E-239  0.12560434E+004  0.34303227E+001 -0.11542007E+000
  0.27316522E-239  0.12559709E+004  0.40616503E+001 -0.21235876E+001
  0.27717521E-239  0.12559398E+004  0.31517001E+001  0.41803622E+001
  0.33101577E-239  0.12555828E+004  0.29955956E+001  0.43680538E+001
  0.72992509E-239  0.12539993E+004  0.40801632E+001 -0.13846881E+001
  0.99459581E-239  0.12533785E+004  0.31896234E+001  0.13550549E+001
  0.13922417E-238  0.12527039E+004  0.32026510E+001  0.12658026E+001
  0.16686928E-238  0.12523397E+004  0.32395719E+001  0.39145957E+001
  0.75073123E-238  0.12493301E+004  0.29445303E+001  0.39190053E+001
  0.10733002E-237  0.12486132E+004  0.40379029E+001 -0.21661611E+001
  0.21645732E-237  0.12472083E+004  0.32941959E+001  0.37165358E+001
  0.27548474E-237  0.12467241E+004  0.29577625E+001  0.42057396E+001
  0.76813879E-237  0.12446713E+004  0.37839478E+001  0.12290266E+001
  0.35223163E-236  0.12416235E+004  0.39304460E+001 -0.20859556E+001
  0.10526865E-235  0.12394319E+004  0.32165971E+001  0.11830323E+001
  0.18498335E-235  0.12383025E+004  0.36910867E+001 -0.13327587E+001
  0.20336344E-234  0.12335059E+004  0.40527483E+001 -0.21020692E+001
  0.23701158E-234  0.12331977E+004  0.39898644E+001 -0.21545943E+001
  0.42165871E-234  0.12320436E+004  0.39685971E+001 -0.21340765E+001
  0.20880079E-233  0.12288421E+004  0.37469166E+001 -0.15399030E+001
  0.21465340E-233  0.12287849E+004  0.31398169E+001  0.41826515E+001
  0.26475018E-233  0.12283634E+004  0.31130405E+001  0.42412553E+001
  0.26622888E-233  0.12283503E+004  0.31917623E+001  0.13633417E+001
  0.32624549E-233  0.12279417E+004  0.38478280E+001 -0.18714588E+001
  0.36184005E-233  0.12277327E+004  0.38326033E+001 -0.18264619E+001
  0.46911032E-233  0.12272115E+004  0.30157897E+001  0.28116668E+001
  0.15959733E-232  0.12247607E+004  0.39931071E+001 -0.21445146E+001
  0.18024749E-232  0.12245154E+004  0.34886902E+001  0.28647133E+001
  0.18505290E-232  0.12244608E+004  0.39633366E+001 -0.11328337E+000
  0.18896691E-232  0.12244170E+004  0.40760595E+001 -0.19190134E+001
  0.42149330E-232  0.12228106E+004  0.35206894E+001  0.27069874E+001
  0.10420748E-231  0.12209983E+004  0.30311781E+001  0.26659351E+001
  0.21475867E-231  0.12195501E+004  0.38776522E+001  0.56103246E+000
  0.35254847E-231  0.12185568E+004  0.39238133E+001 -0.20476782E+001
  0.58838440E-231  0.12175305E+004  0.32464088E+001  0.10046858E+001
  0.81797081E-231  0.12168696E+004  0.38138039E+001 -0.17585227E+001
  0.82922176E-231  0.12168404E+004  0.39109322E+001 -0.20195822E+001
  0.17196758E-230  0.12153796E+004  0.39991593E+001 -0.45344835E+000
  0.17416010E-230  0.12153523E+004  0.34011045E+001  0.32585906E+001
  0.37076639E-230  0.12138392E+004  0.39760420E+001 -0.23923051E+000
  0.77480880E-230  0.12123631E+004  0.34094808E+001  0.31946993E-001
  0.39223835E-229  0.12091175E+004  0.29754021E+001  0.42057842E+001
  0.58145828E-229  0.12083282E+004  0.35585851E+001  0.25038120E+001
  0.16011899E-228  0.12063003E+004  0.34411223E+001 -0.13502302E+000
  0.49047022E-228  0.12040595E+004  0.37960813E+001  0.11141261E+001
  0.73717407E-228  0.12032426E+004  0.30599853E+001  0.42911329E+001
  0.86185581E-228  0.12029281E+004  0.30975867E+001  0.20980006E+001
  0.10158974E-227  0.12025973E+004  0.37257393E+001  0.15596945E+001
  0.21390364E-227  0.12011062E+004  0.36609941E+001  0.19412334E+001
  0.35345298E-227  0.12000998E+004  0.39826408E+001 -0.31840030E+000
  0.37787616E-227  0.11999642E+004  0.31548309E+001  0.41166468E+001
  0.41233658E-227  0.11997877E+004  0.35138730E+001  0.27230122E+001
  0.11509185E-226  0.11977328E+004  0.37450316E+001  0.14364483E+001
  0.18668637E-226  0.11967634E+004  0.39143695E+001  0.25805815E+000
  0.24562032E-226  0.11962128E+004  0.34006645E+001  0.93503187E-001
  0.31588203E-226  0.11957076E+004  0.31518535E+001  0.16824498E+001
  0.13797899E-225  0.11927571E+004  0.40330068E+001 -0.20663038E+001
  0.24552735E-225  0.11916025E+004  0.36551345E+001 -0.11473997E+001
  0.85673975E-225  0.11891011E+004  0.37469298E+001 -0.15063543E+001
  0.91761714E-225  0.11889618E+004  0.40726569E+001 -0.16009738E+001
  0.16264549E-224  0.11878151E+004  0.39070681E+001  0.30544009E+000
  0.25657647E-224  0.11869015E+004  0.29684757E+001  0.35488252E+001
  0.21126712E-222  0.11780778E+004  0.34684117E+001 -0.25685007E+000
  0.48961078E-222  0.11763949E+004  0.40693109E+001 -0.16914875E+001
  0.50356681E-222  0.11763367E+004  0.40233508E+001 -0.77405156E+000
  0.61398947E-222  0.11759382E+004  0.36163197E+001 -0.96734911E+000
  0.67678457E-222  0.11757415E+004  0.34044751E+001  0.88638935E-001
  0.18556214E-221  0.11737223E+004  0.30604969E+001  0.24561041E+001
  0.52605973E-221  0.11716363E+004  0.29806955E+001  0.33743559E+001
  0.10556033E-220  0.11702415E+004  0.33490285E+001  0.34404785E+001
  0.12126947E-220  0.11699621E+004  0.30746726E+001  0.42326540E+001
  0.25095341E-220  0.11685056E+004  0.40673092E+001 -0.16663481E+001
  0.31051516E-220  0.11680777E+004  0.36891995E+001 -0.12680769E+001
  0.55365547E-220  0.11669191E+004  0.32397201E+001  0.10938689E+001
  0.70993643E-220  0.11664199E+004  0.38314368E+001  0.83962339E+000
  0.77968394E-220  0.11662305E+004  0.40431536E+001 -0.19716932E+001
  0.58350170E-219  0.11622031E+004  0.35464796E+001 -0.63460793E+000
  0.19995538E-218  0.11597379E+004  0.39297061E+001 -0.19904790E+001
  0.41329305E-218  0.11582838E+004  0.40495784E+001 -0.11741833E+001
  0.41497370E-218  0.11582737E+004  0.40418026E+001 -0.10521900E+001
  0.46148289E-218  0.11580593E+004  0.39823616E+001 -0.20432578E+001
  0.12057014E-217  0.11561366E+004  0.30045467E+001  0.41864912E+001
  0.12978649E-217  0.11559874E+004  0.29887633E+001  0.32933390E+001
  0.12992532E-217  0.11559833E+004  0.31126903E+001  0.20296724E+001
  0.32620624E-217  0.11541402E+004  0.38946353E+001 -0.19163779E+001
  0.41300407E-217  0.11536664E+004  0.39123271E+001  0.22572373E+000
  0.46951700E-217  0.11534079E+004  0.38260798E+001  0.86434366E+000
  0.58829975E-217  0.11529549E+004  0.36189393E+001  0.21384570E+001
  0.59465637E-217  0.11529315E+004  0.29784359E+001  0.34895944E+001
  0.14547332E-216  0.11511403E+004  0.39019231E+001 -0.19286061E+001
  0.40594945E-216  0.11490859E+004  0.35657978E+001  0.24198777E+001
  0.95152907E-216  0.11473803E+004  0.39320086E+001 -0.19791624E+001
  0.10660552E-215  0.11471510E+004  0.37819465E+001 -0.15917365E+001
  0.10801180E-215  0.11471229E+004  0.36203342E+001  0.21260663E+001
  0.12711599E-215  0.11467952E+004  0.40034058E+001 -0.20207106E+001
  0.18857949E-215  0.11460044E+004  0.40518784E+001 -0.12631607E+001
  0.19288712E-215  0.11459573E+004  0.39089306E+001  0.24392210E+000
  0.24955935E-215  0.11454401E+004  0.32147085E+001  0.12827633E+001
  0.26572576E-215  0.11453126E+004  0.33575374E+001  0.38046360E+000
  0.49185000E-215  0.11440793E+004  0.30642090E+001  0.42060658E+001
  0.52216212E-215  0.11439577E+004  0.32217042E+001  0.38743125E+001
  0.60803022E-215  0.11436513E+004  0.38022109E+001  0.10181002E+001
  0.10786124E-214  0.11425029E+004  0.29922672E+001  0.32796014E+001
  0.10894587E-214  0.11424809E+004  0.39264224E+001 -0.19642671E+001
  0.12729359E-214  0.11421677E+004  0.38856856E+001 -0.18833117E+001
  0.18014684E-214  0.11414712E+004  0.35222557E+001 -0.50050111E+000
  0.19197961E-214  0.11413420E+004  0.38527910E+001  0.66350705E+000
  0.24290812E-213  0.11362643E+004  0.31957809E+001  0.39435738E+001
  0.29244874E-213  0.11358911E+004  0.31590415E+001  0.40396884E+001
  0.90920595E-213  0.11336206E+004  0.35737999E+001  0.23656139E+001
  0.11080505E-212  0.11332231E+004  0.33960602E+001  0.32144225E+001
  0.15971553E-212  0.11324899E+004  0.36332415E+001  0.20425409E+001
  0.41917116E-212  0.11305582E+004  0.33845326E+001  0.32612798E+001
  0.45164915E-212  0.11304070E+004  0.34595484E+001 -0.17255738E+000
  0.57881743E-212  0.11299089E+004  0.30091455E+001  0.30755495E+001
  0.96290336E-212  0.11288890E+004  0.30257662E+001  0.28781293E+001
  0.98472073E-212  0.11288422E+004  0.36394382E+001 -0.10297736E+001
  0.25663540E-211  0.11269245E+004  0.39723303E+001 -0.19930962E+001
  0.81735554E-211  0.11246057E+004  0.29931199E+001  0.33235234E+001
  0.90953738E-211  0.11243900E+004  0.39436969E+001 -0.19660650E+001
  0.21521632E-210  0.11226655E+004  0.37167226E+001 -0.13369101E+001
  0.23979697E-210  0.11224472E+004  0.35840170E+001  0.23025923E+001
  0.26047822E-210  0.11222798E+004  0.30876473E+001  0.22826010E+001
  0.33879202E-210  0.11217521E+004  0.30772558E+001  0.41647986E+001
  0.34352574E-210  0.11217224E+004  0.39352072E+001 -0.19516750E+001
  0.44686909E-210  0.11211945E+004  0.29833678E+001  0.39288199E+001
  0.52398356E-210  0.11208741E+004  0.31091065E+001  0.41239661E+001
  0.82222952E-210  0.11199711E+004  0.29988371E+001  0.32461838E+001
  0.23556584E-209  0.11178640E+004  0.36673501E+001  0.18363595E+001
  0.24938254E-209  0.11177481E+004  0.30036559E+001  0.31809414E+001
  0.92143316E-209  0.11151322E+004  0.40056055E+001 -0.19592276E+001
  0.11283707E-207  0.11101199E+004  0.38738356E+001 -0.18209852E+001
  0.16224972E-207  0.11093916E+004  0.34942827E+001  0.27470390E+001
  0.21624949E-207  0.11088150E+004  0.30544456E+001  0.41554575E+001
  0.32229514E-207  0.11080150E+004  0.37548112E+001 -0.14632036E+001
  0.39484495E-207  0.11076070E+004  0.35989316E+001 -0.83454127E+000
  0.10642598E-206  0.11056220E+004  0.33244450E+001  0.61103880E+000
  0.23205290E-206  0.11040610E+004  0.33679661E+001  0.33081388E+001
  0.35965346E-206  0.11031827E+004  0.39191524E+001  0.11008047E+000
  0.15563456E-205  0.11002508E+004  0.33121669E+001  0.69075995E+000
  0.21696937E-205  0.10995844E+004  0.38777970E+001  0.43387801E+000
  0.39542368E-205  0.10983820E+004  0.39528768E+001 -0.19396332E+001
  0.57291858E-205  0.10976385E+004  0.32448706E+001  0.11240263E+001
  0.11208985E-204  0.10962943E+004  0.40438779E+001 -0.13379457E+001
  0.12525369E-204  0.10960702E+004  0.35194529E+001  0.26129608E+001
  0.18649016E-204  0.10952722E+004  0.30776683E+001  0.24098450E+001
  0.42997245E-204  0.10935996E+004  0.31595378E+001  0.39926218E+001
  0.65307246E-204  0.10927617E+004  0.37995539E+001  0.98764445E+000
  0.92869513E-204  0.10920555E+004  0.35718238E+001 -0.69776393E+000
  0.31347185E-203  0.10896205E+004  0.38757829E+001  0.43813888E+000
  0.95535200E-203  0.10873899E+004  0.30843788E+001  0.41102396E+001
  0.55558599E-202  0.10838668E+004  0.38671124E+001 -0.17763254E+001
  0.75004260E-202  0.10832647E+004  0.30453681E+001  0.41077456E+001
  0.10921191E-201  0.10825112E+004  0.32096290E+001  0.13799306E+001
  0.12264301E-201  0.10822773E+004  0.32985795E+001  0.79115750E+000
  0.17103740E-201  0.10816102E+004  0.30992031E+001  0.22362206E+001
  0.38064011E-201  0.10800083E+004  0.30129745E+001  0.40249262E+001
  0.69533590E-201  0.10788012E+004  0.39677839E+001 -0.19172722E+001
  0.13452662E-200  0.10774794E+004  0.30366170E+001  0.28566839E+001
  0.13932251E-200  0.10774074E+004  0.35856964E+001  0.22566605E+001
  0.15735646E-200  0.10771620E+004  0.36260697E+001  0.20365307E+001
  0.18535699E-200  0.10768325E+004  0.40353836E+001 -0.17101407E+001
  0.30527804E-200  0.10758326E+004  0.35083993E+001  0.26508947E+001
  0.34934612E-200  0.10755610E+004  0.40192936E+001 -0.95660446E+000
  0.45563676E-200  0.10750278E+004  0.35019953E+001 -0.34580081E+000
  0.56186423E-200  0.10746067E+004  0.39051951E+001  0.18930807E+000
  0.62387735E-200  0.10743954E+004  0.36428964E+001  0.19397159E+001
  0.75028123E-200  0.10740244E+004  0.35771526E+001 -0.70753680E+000
  0.45194942E-199  0.10704311E+004  0.29940470E+001  0.37501221E+001
  0.18273527E-198  0.10676350E+004  0.30663730E+001  0.40884530E+001
  0.19733767E-198  0.10674793E+004  0.32449823E+001  0.11522285E+001
  0.19840425E-198  0.10674666E+004  0.34770767E+001  0.27948540E+001
  0.33073380E-198  0.10664426E+004  0.35453605E+001 -0.55169736E+000
  0.45444760E-198  0.10658051E+004  0.37630373E+001 -0.14526975E+001
  0.74912313E-198  0.10648035E+004  0.37299008E+001  0.14141305E+001
  0.12130710E-197  0.10638375E+004  0.37323899E+001 -0.13428749E+001
  0.16295224E-197  0.10632453E+004  0.33380980E+001  0.56582615E+000
  0.28434562E-197  0.10621299E+004  0.34781597E+001  0.27852858E+001
  0.93860854E-197  0.10597395E+004  0.36712414E+001 -0.11037773E+001
  0.12383728E-196  0.10591833E+004  0.33250932E+001  0.64810450E+000
  0.15951971E-196  0.10586749E+004  0.32408873E+001  0.37322925E+001
  0.16777526E-196  0.10585721E+004  0.33710467E+001  0.32564995E+001
  0.20056373E-196  0.10582131E+004  0.40360874E+001 -0.14136000E+001
  0.44265905E-196  0.10566278E+004  0.37239641E+001  0.14436446E+001
  0.52865508E-196  0.10562708E+004  0.39335867E+001 -0.18621277E+001
  0.56469940E-196  0.10561369E+004  0.40327127E+001 -0.12924560E+001
  0.90801406E-196  0.10551850E+004  0.30036191E+001  0.34131919E+001
  0.10227888E-195  0.10549450E+004  0.33284768E+001  0.34222411E+001
  0.11074615E-195  0.10547840E+004  0.37813247E+001  0.10733030E+001
  0.27202196E-195  0.10529848E+004  0.36640836E+001 -0.10687337E+001
  0.27808582E-195  0.10529387E+004  0.30224865E+001  0.30921074E+001
  0.38128640E-195  0.10523055E+004  0.34658209E+001  0.28350587E+001
  0.59139515E-195  0.10514257E+004  0.30510553E+001  0.27468352E+001
  0.71620946E-195  0.10510408E+004  0.30096197E+001  0.39047471E+001
  0.95479131E-195  0.10504638E+004  0.31440436E+001  0.39760150E+001
  0.11777128E-194  0.10500421E+004  0.38034541E+001 -0.15676486E+001
  0.12243384E-194  0.10499625E+004  0.33784413E+001  0.34040578E+000
  0.22057066E-194  0.10487833E+004  0.30344377E+001  0.40196343E+001
  0.24492548E-194  0.10485719E+004  0.39022634E+001 -0.18077953E+001
  0.25776055E-194  0.10484678E+004  0.37995563E+001 -0.15541958E+001
  0.25923693E-194  0.10484544E+004  0.31033571E+001  0.22453782E+001
  0.30322803E-194  0.10481390E+004  0.40320349E+001 -0.13390898E+001
  0.49974048E-194  0.10471378E+004  0.32152566E+001  0.37978731E+001
  0.70932918E-194  0.10464354E+004  0.31064591E+001  0.40305290E+001
  0.17294932E-193  0.10446509E+004  0.34974440E+001 -0.29753984E+000
  0.28112831E-193  0.10436773E+004  0.34321397E+001  0.45682386E-001
  0.30404018E-193  0.10435187E+004  0.39641205E+001 -0.38019697E+000
  0.32226139E-193  0.10434003E+004  0.30635072E+001  0.40468471E+001
  0.38628147E-193  0.10430360E+004  0.34997686E+001 -0.30792596E+000
  0.56901253E-193  0.10422593E+004  0.40276603E+001 -0.12435669E+001
  0.65844126E-193  0.10419654E+004  0.30017882E+001  0.36242459E+001
  0.24095458E-192  0.10393688E+004  0.30509305E+001  0.40295439E+001
  0.30309563E-192  0.10389080E+004  0.30128025E+001  0.38830668E+001
  0.11815316E-191  0.10361850E+004  0.36610028E+001  0.18029469E+001
  0.40356626E-191  0.10337264E+004  0.36985166E+001 -0.11885900E+001
  0.46886259E-191  0.10334245E+004  0.34525424E+001  0.28805070E+001
  0.92169660E-191  0.10320707E+004  0.33266877E+001  0.34084011E+001
  0.95636127E-191  0.10319949E+004  0.36253572E+001 -0.88749014E+000
  0.98419964E-191  0.10319356E+004  0.39634361E+001 -0.18394200E+001
  0.22116595E-190  0.10303143E+004  0.40275939E+001 -0.15177353E+001
  0.57735205E-189  0.10237881E+004  0.31928726E+001  0.15619460E+001
  0.59236378E-189  0.10237348E+004  0.38775603E+001 -0.17305156E+001
  0.65191570E-189  0.10235412E+004  0.40158163E+001 -0.10768778E+001
  0.26403292E-188  0.10207418E+004  0.30507831E+001  0.39911227E+001
  0.33561145E-188  0.10202601E+004  0.31289097E+001  0.39646231E+001
  0.38151727E-188  0.10200017E+004  0.37819575E+001  0.10348492E+001
  0.53421952E-188  0.10193265E+004  0.37487764E+001  0.12521581E+001
  0.55163153E-188  0.10192604E+004  0.38485024E+001 -0.16594152E+001
  0.71298319E-188  0.10187453E+004  0.39985394E+001 -0.17573770E+001
  0.27555612E-187  0.10160395E+004  0.35895056E+001 -0.71495525E+000
  0.27920104E-187  0.10160113E+004  0.31347695E+001  0.39497070E+001
  0.29075356E-187  0.10159282E+004  0.39083711E+001 -0.17751148E+001
  0.32353466E-187  0.10157126E+004  0.32665451E+001  0.36072811E+001
  0.37876795E-187  0.10153954E+004  0.32600488E+001  0.36283071E+001
  0.56875910E-187  0.10145804E+004  0.34512455E+001  0.28703076E+001
  0.59794689E-187  0.10144784E+004  0.31394482E+001  0.39398219E+001
  0.11743433E-186  0.10131265E+004  0.36660454E+001 -0.10415420E+001
  0.19284465E-186  0.10121325E+004  0.39169572E+001  0.90082628E-002
  0.50906523E-186  0.10101892E+004  0.31842086E+001  0.38405723E+001
  0.68821514E-186  0.10095842E+004  0.31329602E+001  0.39442339E+001
  0.71205179E-186  0.10095141E+004  0.34348327E+001  0.29401931E+001
  0.79148597E-186  0.10093007E+004  0.33883006E+001  0.31957801E+000
  0.79225928E-186  0.10092967E+004  0.34776392E+001 -0.16618874E+000
  0.17003187E-185  0.10077674E+004  0.38780523E+001 -0.17121141E+001
  0.24578090E-185  0.10070286E+004  0.30566817E+001  0.27729519E+001
  0.31676568E-185  0.10065192E+004  0.31079737E+001  0.22643673E+001
  0.10656359E-184  0.10040909E+004  0.37055845E+001  0.15086612E+001
  0.29861861E-184  0.10020281E+004  0.39828115E+001 -0.66370252E+000
  0.31561532E-184  0.10019154E+004  0.31555043E+001  0.18717400E+001
  0.53508992E-184  0.10008576E+004  0.32064592E+001  0.14883390E+001
  0.80815598E-184  0.10000311E+004  0.30255385E+001  0.32186131E+001
  0.31066762E-183  0.99733600E+003  0.39320666E+001 -0.17744682E+001
  0.40889637E-183  0.99678457E+003  0.39937665E+001 -0.81736524E+000
  0.41755017E-183  0.99674073E+003  0.33448965E+001  0.33060470E+001
  0.50711765E-183  0.99635010E+003  0.39496701E+001 -0.31678306E+000
  0.53191165E-183  0.99625268E+003  0.30357102E+001  0.30665227E+001
  0.56112392E-183  0.99614380E+003  0.34631056E+001 -0.79001067E-001
  0.61417951E-183  0.99596116E+003  0.34959017E+001  0.26442926E+001
  0.73196499E-183  0.99560831E+003  0.35740801E+001  0.22487786E+001
  0.78239692E-183  0.99547310E+003  0.32315176E+001  0.13167536E+001
  0.82450439E-183  0.99536631E+003  0.30274386E+001  0.38308403E+001
  0.24041608E-182  0.99322401E+003  0.30255835E+001  0.32467504E+001
  0.24423657E-182  0.99319052E+003  0.38023452E+001 -0.15058525E+001
  0.39230516E-182  0.99224077E+003  0.39064313E+001  0.71961573E-001
  0.40864554E-182  0.99215720E+003  0.38812491E+001  0.27998342E+000
  0.55171491E-182  0.99155488E+003  0.37629011E+001 -0.13804366E+001
  0.93099453E-182  0.99050648E+003  0.34775325E+001 -0.14939858E+000
  0.10824022E-181  0.99020316E+003  0.34582877E+001  0.28168401E+001
  0.12761674E-181  0.98987185E+003  0.34868705E+001 -0.19694061E+000
  0.13157677E-181  0.98980878E+003  0.34849171E+001  0.26916626E+001
  0.14218489E-181  0.98965176E+003  0.39557567E+001 -0.38985133E+000
  0.18099634E-181  0.98916711E+003  0.36918235E+001 -0.11219901E+001
  0.20068844E-181  0.98895860E+003  0.33466261E+001  0.58173982E+000
  0.24163943E-181  0.98858526E+003  0.38771117E+001  0.30854549E+000
  0.24281247E-181  0.98857362E+003  0.39911438E+001 -0.17027585E+001
  0.25941407E-181  0.98843940E+003  0.37162625E+001  0.14282063E+001
  0.29540025E-181  0.98817764E+003  0.39393210E+001 -0.22995701E+000
  0.31719362E-181  0.98803332E+003  0.30309996E+001  0.38296674E+001
  0.42054579E-181  0.98746729E+003  0.30190283E+001  0.36566578E+001
  0.13490614E-180  0.98513411E+003  0.36027811E+001 -0.74758684E+000
  0.25466171E-180  0.98386145E+003  0.30285047E+001  0.32315140E+001
  0.30519614E-180  0.98349746E+003  0.31072299E+001  0.23055429E+001
  0.36177242E-180  0.98315538E+003  0.30397206E+001  0.38646821E+001
  0.77255876E-180  0.98163605E+003  0.35287518E+001  0.24701009E+001
  0.17794264E-179  0.97996542E+003  0.31607869E+001  0.38565055E+001
  0.18257970E-179  0.97991202E+003  0.35567170E+001  0.23259444E+001
  0.43856203E-179  0.97815743E+003  0.36062077E+001  0.20606204E+001
  0.57463134E-179  0.97761503E+003  0.30586848E+001  0.39107415E+001
  0.69522695E-179  0.97723206E+003  0.32919125E+001  0.93217161E+000
  0.87052083E-179  0.97678040E+003  0.32266030E+001  0.36911114E+001
  0.10357037E-178  0.97643096E+003  0.35369353E+001 -0.43446864E+000
  0.11511025E-178  0.97621772E+003  0.39526178E+001 -0.17433085E+001
  0.14309947E-178  0.97578047E+003  0.34569369E+001 -0.28617730E-001
  0.15880473E-178  0.97557025E+003  0.38830858E+001  0.24391697E+000
  0.45365971E-178  0.97346895E+003  0.35889521E+001  0.21501164E+001
  0.54391082E-178  0.97310413E+003  0.39617039E+001 -0.48421174E+000
  0.85383439E-178  0.97220027E+003  0.37264296E+001  0.13490798E+001
  0.10415781E-177  0.97180081E+003  0.34545131E+001  0.28180354E+001
  0.18443136E-177  0.97065612E+003  0.39345443E+001 -0.17334179E+001
  0.25597812E-177  0.96999853E+003  0.34652657E+001  0.27668187E+001
  0.28064775E-177  0.96981257E+003  0.38109640E+001  0.78251280E+000
  0.33731643E-177  0.96944277E+003  0.30618878E+001  0.38984633E+001
  0.41650090E-177  0.96901908E+003  0.35678446E+001 -0.57451353E+000
  0.73247603E-177  0.96788805E+003  0.38215313E+001  0.70477088E+000
  0.99795361E-177  0.96726754E+003  0.37984322E+001  0.86780697E+000
  0.15577855E-176  0.96637496E+003  0.32322082E+001  0.36637234E+001
  0.69868983E-176  0.96337147E+003  0.32118558E+001  0.37171937E+001
  0.17450483E-175  0.96153886E+003  0.37980588E+001 -0.14595659E+001
  0.32268835E-175  0.96030743E+003  0.30275382E+001  0.34081959E+001
  0.36016999E-175  0.96008570E+003  0.33708429E+001  0.31691617E+001
  0.57636392E-175  0.95914343E+003  0.40071048E+001 -0.13376911E+001
  0.10952768E-174  0.95785743E+003  0.37273346E+001 -0.12245472E+001
  0.14096196E-174  0.95735085E+003  0.30279729E+001  0.34255894E+001
  0.14768449E-174  0.95725572E+003  0.39355517E+001 -0.17112659E+001
  0.39873900E-174  0.95526731E+003  0.30311289E+001  0.33304804E+001
  0.47636720E-174  0.95490959E+003  0.30350445E+001  0.37220628E+001
  0.58247094E-174  0.95450546E+003  0.30884011E+001  0.25350242E+001
  0.17404365E-173  0.95231429E+003  0.39720867E+001 -0.16678912E+001
  0.18680627E-173  0.95217080E+003  0.36206005E+001  0.19577341E+001
  0.18969923E-173  0.95213811E+003  0.31779941E+001  0.37862484E+001
  0.20249805E-173  0.95200558E+003  0.38396949E+001  0.55293808E+000
  0.25396801E-173  0.95155067E+003  0.33669702E+001  0.49560648E+000
  0.14890157E-172  0.94801140E+003  0.36038346E+001 -0.71910673E+000
  0.17627716E-172  0.94767190E+003  0.30308325E+001  0.34170903E+001
  0.38357035E-172  0.94611502E+003  0.32531084E+001  0.35794250E+001
  0.38943951E-172  0.94608269E+003  0.40021140E+001 -0.13968875E+001
  0.41102302E-172  0.94597286E+003  0.39971296E+001 -0.15016445E+001
  0.68917218E-172  0.94493722E+003  0.30692650E+001  0.27630764E+001
  0.10205833E-171  0.94414999E+003  0.36238375E+001  0.19323324E+001
  0.17793730E-171  0.94303627E+003  0.31420002E+001  0.38401213E+001
  0.22209051E-171  0.94259101E+003  0.39560366E+001 -0.48449345E+000
  0.34728957E-171  0.94169491E+003  0.34999126E+001  0.25772016E+001
  0.36590932E-171  0.94158850E+003  0.34277490E+001  0.15939243E+000
  0.42688811E-171  0.94127828E+003  0.36201768E+001  0.19501748E+001
  0.10899100E-170  0.93940167E+003  0.30353114E+001  0.36273525E+001
  0.12788542E-170  0.93907998E+003  0.34182955E+001  0.21385540E+000
  0.14636696E-170  0.93880806E+003  0.39525529E+001 -0.45400203E+000
  0.14937670E-170  0.93876540E+003  0.33700464E+001  0.48949647E+000
  0.17223675E-170  0.93847865E+003  0.34389749E+001  0.10098117E+000
  0.33343309E-170  0.93715556E+003  0.36640786E+001  0.16950344E+001
  0.43545801E-170  0.93661969E+003  0.37743650E+001 -0.13611011E+001
  0.47530725E-170  0.93644261E+003  0.32320482E+001  0.36314751E+001
  0.60498341E-170  0.93595818E+003  0.35599071E+001  0.22703785E+001
  0.76565802E-170  0.93548516E+003  0.39739309E+001 -0.71790616E+000
  0.10212405E-169  0.93490713E+003  0.39458964E+001 -0.39041440E+000
  0.16737790E-169  0.93391705E+003  0.36772813E+001 -0.10134166E+001
  0.71005529E-169  0.93102492E+003  0.39331506E+001 -0.26746318E+000
  0.76498497E-169  0.93087394E+003  0.37559880E+001 -0.12959827E+001
  0.18104729E-168  0.92914901E+003  0.31499097E+001  0.20124813E+001
  0.18653903E-168  0.92908730E+003  0.31660714E+001  0.18802895E+001
  0.27472532E-168  0.92831108E+003  0.39599962E+001 -0.56129525E+000
  0.59581325E-168  0.92676082E+003  0.31493816E+001  0.38063646E+001
  0.60466168E-168  0.92672938E+003  0.37425097E+001 -0.12464865E+001
  0.83279108E-168  0.92608720E+003  0.34940869E+001  0.25913297E+001
  0.11987769E-167  0.92535670E+003  0.31920983E+001  0.37218492E+001
  0.12612911E-167  0.92525308E+003  0.30438711E+001  0.36701414E+001
  0.13220721E-167  0.92515700E+003  0.37515398E+001  0.11405512E+001
  0.14803870E-167  0.92492884E+003  0.39932642E+001 -0.11027093E+001
  0.22245100E-167  0.92411242E+003  0.34318880E+001  0.15266967E+000
  0.28639017E-167  0.92360518E+003  0.30430615E+001  0.36505691E+001
  0.35247443E-167  0.92318798E+003  0.31093569E+001  0.23832556E+001
  0.71530494E-167  0.92177056E+003  0.30391167E+001  0.33660690E+001
  0.76933139E-167  0.92162299E+003  0.39488647E+001 -0.16390000E+001
  0.77169873E-167  0.92161489E+003  0.39954237E+001 -0.12973779E+001
  0.10595224E-166  0.92097898E+003  0.31891074E+001  0.17100806E+001
  0.11094350E-166  0.92088496E+003  0.32252754E+001  0.36328698E+001
  0.13369366E-166  0.92050995E+003  0.39047340E+001 -0.17850826E-001
  0.33795790E-166  0.91865326E+003  0.39483433E+001 -0.44979947E+000
  0.35913224E-166  0.91852976E+003  0.39426210E+001 -0.38813220E+000
  0.65449583E-166  0.91732746E+003  0.36630289E+001 -0.94094546E+000
  0.78789997E-166  0.91695450E+003  0.39046435E+001 -0.16279369E+001
  0.10125863E-165  0.91645076E+003  0.30415525E+001  0.35682847E+001
  0.10149649E-165  0.91644412E+003  0.38543513E+001  0.39685349E+000
  0.12348870E-165  0.91604992E+003  0.30669573E+001  0.28635690E+001
  0.41606657E-165  0.91361857E+003  0.39929364E+001 -0.12445286E+001
  0.74295792E-165  0.91245703E+003  0.30423867E+001  0.33365580E+001
  0.14453846E-164  0.91112410E+003  0.39219665E+001 -0.16288149E+001
  0.27628675E-164  0.90982636E+003  0.30777733E+001  0.27442493E+001
  0.42002026E-164  0.90898668E+003  0.36285978E+001  0.18729869E+001
  0.49667782E-164  0.90864945E+003  0.38111072E+001  0.71257477E+000
  0.62783879E-164  0.90817881E+003  0.31319040E+001  0.38007843E+001
  0.66389520E-164  0.90806518E+003  0.34011836E+001  0.29951237E+001
  0.10080024E-163  0.90722802E+003  0.30586625E+001  0.37154977E+001
  0.18160845E-163  0.90604865E+003  0.30608115E+001  0.29800648E+001
  0.18164221E-163  0.90604632E+003  0.38927524E+001 -0.15986858E+001
  0.26567230E-163  0.90528392E+003  0.33655174E+001  0.54806054E+000
  0.41558650E-163  0.90438711E+003  0.36068960E+001 -0.69256502E+000
  0.61665418E-163  0.90359593E+003  0.38758164E+001 -0.15715521E+001
  0.67879251E-163  0.90340196E+003  0.32577641E+001  0.12344870E+001
  0.87634974E-163  0.90288911E+003  0.35397929E+001  0.23439334E+001
  0.13171812E-162  0.90207219E+003  0.39071332E+001 -0.68832994E-001
  0.15278808E-162  0.90177346E+003  0.34575020E+001  0.35115633E-001
  0.17178522E-162  0.90153712E+003  0.35025664E+001  0.25279652E+001
  0.20330901E-162  0.90119821E+003  0.39888556E+001 -0.12032700E+001
  0.45943438E-162  0.89956572E+003  0.37449844E+001  0.11568780E+001
  0.49937787E-162  0.89939703E+003  0.31042006E+001  0.37968807E+001
  0.63156254E-162  0.89892541E+003  0.39719615E+001 -0.15139360E+001
  0.10984059E-161  0.89781662E+003  0.39539870E+001 -0.15766832E+001
  0.12392871E-161  0.89757332E+003  0.31277121E+001  0.22537458E+001
  0.16049671E-161  0.89705423E+003  0.36596768E+001  0.16826839E+001
  0.19062825E-161  0.89670818E+003  0.39258433E+001 -0.25719332E+000
  0.26087038E-161  0.89607883E+003  0.31217209E+001  0.37885461E+001
  0.47719276E-161  0.89486908E+003  0.39410930E+001 -0.15908465E+001
  0.73643928E-161  0.89399932E+003  0.34554353E+001  0.27433461E+001
  0.17593527E-160  0.89225561E+003  0.36335956E+001  0.18288285E+001
  0.24195121E-160  0.89161642E+003  0.34599925E+001  0.31307988E-001
  0.39449089E-160  0.89063675E+003  0.30511473E+001  0.35588800E+001
  0.39542535E-160  0.89063007E+003  0.39855851E+001 -0.11989456E+001
  0.43727730E-160  0.89042690E+003  0.30667637E+001  0.29427748E+001
  0.14382495E-159  0.88804372E+003  0.39475107E+001 -0.15662516E+001
  0.25965359E-159  0.88686027E+003  0.38260247E+001 -0.14488723E+001
  0.31015825E-159  0.88650285E+003  0.39320895E+001 -0.34102304E+000
  0.44151802E-159  0.88579462E+003  0.30795947E+001  0.37354848E+001
  0.50116090E-159  0.88553925E+003  0.34901324E+001  0.25731899E+001
  0.55381067E-159  0.88533751E+003  0.36430896E+001  0.17678419E+001
  0.60772446E-159  0.88514976E+003  0.33660876E+001  0.56425276E+000
  0.64499784E-159  0.88502876E+003  0.37890072E+001  0.84283040E+000
  0.21288507E-158  0.88263862E+003  0.39433646E+001 -0.47309194E+000
  0.23863596E-158  0.88240830E+003  0.37540024E+001  0.10791114E+001
  0.23911669E-158  0.88240232E+003  0.32704418E+001  0.34567561E+001
  0.26814786E-158  0.88217119E+003  0.35802987E+001 -0.55287182E+000
  0.30168844E-158  0.88193353E+003  0.30784365E+001  0.28071148E+001
  0.47761470E-158  0.88101276E+003  0.34835200E+001  0.26004828E+001
  0.59766794E-158  0.88056234E+003  0.31026729E+001  0.37592469E+001
  0.21735706E-157  0.87797821E+003  0.39806200E+001 -0.11136835E+001
  0.33624316E-157  0.87710367E+003  0.31728890E+001  0.18954106E+001
  0.44918613E-157  0.87652251E+003  0.30662584E+001  0.36494961E+001
  0.59673582E-157  0.87595249E+003  0.39808217E+001 -0.12348712E+001
  0.75985300E-157  0.87546723E+003  0.39788753E+001 -0.13146201E+001
  0.94012784E-157  0.87503950E+003  0.36783046E+001 -0.96011390E+000
  0.13601685E-156  0.87429885E+003  0.30846753E+001  0.37187169E+001
  0.15112318E-156  0.87408627E+003  0.39803505E+001 -0.12059425E+001
  0.19217015E-156  0.87360374E+003  0.30648147E+001  0.30364369E+001
  0.27311176E-156  0.87289879E+003  0.30538713E+001  0.33400872E+001
  0.27870758E-156  0.87285627E+003  0.32243423E+001  0.15054450E+001
  0.37892594E-156  0.87223997E+003  0.37271613E+001 -0.11371891E+001
  0.79290060E-156  0.87076130E+003  0.39659717E+001 -0.14467553E+001
  0.18400624E-155  0.86907563E+003  0.33526969E+001  0.31533882E+001
  0.33299554E-155  0.86788736E+003  0.30553770E+001  0.33442360E+001
  0.47769412E-155  0.86716373E+003  0.39491469E+001 -0.15099471E+001
  0.66996405E-155  0.86648527E+003  0.32213906E+001  0.15348140E+001
  0.70500240E-155  0.86638136E+003  0.30564040E+001  0.33006993E+001
  0.72768340E-155  0.86631608E+003  0.39772072E+001 -0.11150806E+001
  0.14851023E-154  0.86488738E+003  0.39603969E+001 -0.14588149E+001
  0.19022976E-154  0.86439027E+003  0.38893004E+001  0.31796444E-001
  0.23071797E-154  0.86400239E+003  0.32748488E+001  0.34225926E+001
  0.35843842E-154  0.86311932E+003  0.35834126E+001  0.20787061E+001
  0.50585997E-154  0.86242836E+003  0.31960717E+001  0.17311605E+001
  0.11732474E-153  0.86074387E+003  0.31387454E+001  0.22133128E+001
  0.17255337E-153  0.85997039E+003  0.30593803E+001  0.32490798E+001
  0.24581276E-153  0.85926072E+003  0.32106094E+001  0.35963562E+001
  0.30419165E-153  0.85883259E+003  0.30584749E+001  0.33154726E+001
  0.34205048E-153  0.85859603E+003  0.39609264E+001 -0.77487452E+000
  0.36861885E-153  0.85844447E+003  0.39079249E+001 -0.15103103E+000
  0.47962827E-153  0.85791602E+003  0.32933273E+001  0.33558204E+001
  0.55621459E-153  0.85761779E+003  0.31084339E+001  0.37160108E+001
  0.65097131E-153  0.85730121E+003  0.39723452E+001 -0.12995916E+001
  0.15907330E-152  0.85551229E+003  0.35621278E+001  0.21843859E+001
  0.17256477E-152  0.85534752E+003  0.32716860E+001  0.34228957E+001
  0.44661505E-152  0.85344372E+003  0.32177710E+001  0.15777583E+001
  0.46931511E-152  0.85334261E+003  0.39296710E+001 -0.15133069E+001
  0.57922292E-152  0.85291984E+003  0.38867531E+001 -0.15094736E+001
  0.71615251E-152  0.85249347E+003  0.38566010E+001  0.29259415E+000
  0.13060639E-151  0.85128976E+003  0.36548854E+001  0.16659371E+001
  0.16940692E-151  0.85076758E+003  0.37273758E+001  0.12196197E+001
  0.17213665E-151  0.85073366E+003  0.38319029E+001 -0.14164131E+001
  0.17575236E-151  0.85069013E+003  0.39517992E+001 -0.66456031E+000
  0.21291917E-151  0.85030450E+003  0.30711396E+001  0.30242649E+001
  0.26376493E-151  0.84987426E+003  0.38003775E+001 -0.13386772E+001
  0.72650932E-151  0.84784592E+003  0.39458640E+001 -0.59231795E+000
  0.88344414E-151  0.84745282E+003  0.30821657E+001  0.36334502E+001
  0.11531751E-150  0.84691797E+003  0.34376702E+001  0.19376635E+000
  0.13666072E-150  0.84657639E+003  0.38354475E+001  0.45307613E+000
  0.27965243E-150  0.84514235E+003  0.35694079E+001  0.21361683E+001
  0.30150174E-150  0.84498994E+003  0.39274065E+001 -0.37850662E+000
  0.33211357E-150  0.84479459E+003  0.38999404E+001 -0.15049078E+001
  0.65710280E-150  0.84342791E+003  0.38006390E+001  0.71065865E+000
  0.15038087E-149  0.84177012E+003  0.31921677E+001  0.36135410E+001
  0.22988711E-149  0.84091934E+003  0.32671589E+001  0.34204849E+001
  0.27890221E-149  0.84053084E+003  0.36506823E+001 -0.81608176E+000
  0.35908543E-149  0.84002349E+003  0.39504115E+001 -0.67937682E+000
  0.38136537E-149  0.83990114E+003  0.33801229E+001  0.30159407E+001
  0.43333305E-149  0.83964369E+003  0.36451489E+001 -0.79264167E+000
  0.81908159E-149  0.83836839E+003  0.35529254E+001 -0.38442055E+000
  0.12468604E-148  0.83752603E+003  0.33754349E+001  0.30323812E+001
  0.25383844E-148  0.83610228E+003  0.37378552E+001 -0.11347444E+001
  0.33629288E-148  0.83553776E+003  0.30781876E+001  0.29634309E+001
  0.35587559E-148  0.83542261E+003  0.35117526E+001  0.24210108E+001
  0.50346580E-148  0.83472679E+003  0.32168313E+001  0.35502737E+001
  0.77361738E-148  0.83386571E+003  0.37691821E+001 -0.12314067E+001
  0.79945590E-148  0.83379805E+003  0.37204075E+001  0.12462169E+001
  0.12701757E-147  0.83287014E+003  0.31441067E+001  0.36676342E+001
  0.17778266E-147  0.83219572E+003  0.39614437E+001 -0.13023471E+001
  0.25663479E-147  0.83145958E+003  0.36355859E+001 -0.74499896E+000
  0.65094676E-147  0.82959608E+003  0.39086102E+001 -0.21231431E+000
  0.12303137E-146  0.82832094E+003  0.34012745E+001  0.41540937E+000
  0.15773343E-146  0.82782205E+003  0.30735933E+001  0.30926803E+001
  0.35257459E-146  0.82621139E+003  0.35734044E+001  0.20966642E+001
  0.11306838E-145  0.82387880E+003  0.39595210E+001 -0.12752626E+001
  0.34911317E-145  0.82162205E+003  0.39588165E+001 -0.12705150E+001
  0.62060723E-145  0.82046949E+003  0.32126268E+001  0.35413746E+001
  0.64003137E-145  0.82040590E+003  0.38027075E+001  0.66687623E+000
  0.79411747E-145  0.81997252E+003  0.32438129E+001  0.34629543E+001
  0.10247732E-144  0.81946058E+003  0.39114302E+001 -0.14557709E+001
  0.16608580E-144  0.81849290E+003  0.30839011E+001  0.29370131E+001
  0.23568973E-144  0.81779092E+003  0.37287821E+001 -0.10840750E+001
  0.30172777E-144  0.81729495E+003  0.39376219E+001 -0.14043478E+001
  0.41451591E-144  0.81665783E+003  0.39010659E+001 -0.16210372E+000
  0.71326288E-144  0.81557040E+003  0.30782259E+001  0.34698065E+001
  0.10993841E-143  0.81470313E+003  0.34431008E+001  0.19568680E+000
  0.12796098E-143  0.81439757E+003  0.39462289E+001 -0.13546897E+001
  0.13929525E-143  0.81422588E+003  0.30804158E+001  0.30215754E+001
  0.19152678E-143  0.81358706E+003  0.34789198E+001  0.63710284E-002
  0.19921223E-143  0.81350643E+003  0.33736601E+001  0.59130202E+000
  0.20636418E-143  0.81343393E+003  0.35956646E+001  0.19640240E+001
  0.25955510E-143  0.81297332E+003  0.38265520E+001 -0.13542829E+001
  0.33424424E-143  0.81246557E+003  0.32377105E+001  0.34698691E+001
  0.49233175E-143  0.81168905E+003  0.38265441E+001 -0.13525112E+001
  0.60372799E-143  0.81127916E+003  0.30884644E+001  0.35388143E+001
  0.66518846E-143  0.81108331E+003  0.33435807E+001  0.31280921E+001
  0.67496995E-143  0.81105217E+003  0.30873573E+001  0.35309314E+001
  0.73871765E-143  0.81086972E+003  0.30803066E+001  0.30427295E+001
  0.78006636E-143  0.81075884E+003  0.36251358E+001 -0.68043242E+000
  0.12865701E-142  0.80975617E+003  0.30839029E+001  0.34989899E+001
  0.14271327E-142  0.80954685E+003  0.35947214E+001  0.19653205E+001
  0.22272221E-142  0.80865472E+003  0.31568154E+001  0.36163368E+001
  0.22940816E-142  0.80859361E+003  0.39346875E+001 -0.55960948E+000
  0.23580634E-142  0.80853664E+003  0.30835643E+001  0.29882411E+001
  0.27213458E-142  0.80824812E+003  0.33566399E+001  0.69894800E+000
  0.33463150E-142  0.80783270E+003  0.36047491E+001 -0.58998224E+000
  0.34272549E-142  0.80778295E+003  0.33009402E+001  0.32751453E+001
  0.55132617E-142  0.80683020E+003  0.32632353E+001  0.33922331E+001
  0.55340382E-142  0.80682073E+003  0.37836019E+001 -0.12406212E+001
  0.11466842E-141  0.80536169E+003  0.31046249E+001  0.26839079E+001
  0.13990521E-141  0.80496190E+003  0.37027278E+001 -0.97890483E+000
  0.14217536E-141  0.80492776E+003  0.38108093E+001  0.58653846E+000
  0.18454176E-141  0.80440417E+003  0.34819960E+001  0.25342757E+001
  0.46798733E-141  0.80254109E+003  0.33718472E+001  0.61345382E+000
  0.71235984E-141  0.80169886E+003  0.32027877E+001  0.17611662E+001
  0.95386127E-141  0.80111303E+003  0.34040194E+001  0.42717792E+000
  0.22708431E-140  0.79937630E+003  0.35829748E+001 -0.48492946E+000
  0.24627802E-140  0.79921207E+003  0.38363085E+001 -0.13545950E+001
  0.29087341E-140  0.79887727E+003  0.31142056E+001  0.35895887E+001
  0.33364785E-140  0.79860092E+003  0.32022155E+001  0.35334720E+001
  0.45013529E-140  0.79800004E+003  0.30851665E+001  0.34505523E+001
  0.74130538E-140  0.79700036E+003  0.30834091E+001  0.30582975E+001
  0.76998205E-140  0.79692250E+003  0.31437099E+001  0.22795753E+001
  0.11846096E-139  0.79605895E+003  0.37091080E+001  0.12772732E+001
  0.25866328E-139  0.79449511E+003  0.36867092E+001  0.14158797E+001
  0.33553100E-139  0.79397278E+003  0.30890703E+001  0.29549037E+001
  0.49698778E-139  0.79318512E+003  0.39140301E+001 -0.13946648E+001
  0.84682280E-139  0.79211732E+003  0.36601534E+001 -0.80432586E+000
  0.95976477E-139  0.79186497E+003  0.31053301E+001  0.35490152E+001
  0.14830800E-138  0.79099265E+003  0.32892451E+001  0.32940532E+001
  0.22106210E-138  0.79019239E+003  0.33522662E+001  0.74481361E+000
  0.22650754E-138  0.79014177E+003  0.38974258E+001 -0.14006641E+001
  0.25392841E-138  0.78991127E+003  0.30816143E+001  0.32962269E+001
  0.47040099E-138  0.78867625E+003  0.39511397E+001 -0.11265643E+001
  0.10830048E-137  0.78700648E+003  0.34541963E+001  0.16337782E+000
  0.14405175E-137  0.78643400E+003  0.31374244E+001  0.23622833E+001
  0.14944724E-137  0.78635851E+003  0.31977799E+001  0.18232125E+001
  0.16397708E-137  0.78617099E+003  0.38633240E+001 -0.13758329E+001
  0.18398290E-137  0.78593880E+003  0.34352150E+001  0.26763880E+000
  0.20960673E-137  0.78567607E+003  0.30945714E+001  0.28943787E+001
  0.25400577E-137  0.78528987E+003  0.34920425E+001  0.24675462E+001
  0.44423812E-137  0.78416991E+003  0.35847166E+001 -0.47748781E+000
  0.62904335E-137  0.78347228E+003  0.35503766E+001  0.21752500E+001
  0.10136118E-136  0.78251618E+003  0.32022471E+001  0.17929227E+001
  0.17099867E-136  0.78146829E+003  0.34587219E+001  0.26194011E+001
  0.47179253E-136  0.77943658E+003  0.33343842E+001  0.31274893E+001
  0.57597093E-136  0.77903559E+003  0.37246069E+001 -0.10263708E+001
  0.67916690E-136  0.77870402E+003  0.34094759E+001  0.41908652E+000
  0.96221265E-136  0.77800533E+003  0.36485833E+001 -0.74336867E+000
  0.10189202E-135  0.77788885E+003  0.37692402E+001  0.85449351E+000
  0.11366442E-135  0.77766822E+003  0.32924704E+001  0.11418390E+001
  0.12135497E-135  0.77753533E+003  0.36466186E+001  0.16389043E+001
  0.13032604E-135  0.77739074E+003  0.34399564E+001  0.25032359E+000
  0.14741960E-135  0.77714230E+003  0.34899031E+001 -0.14159955E-001
  0.18272576E-135  0.77671094E+003  0.30954407E+001  0.34409412E+001
  0.33701580E-135  0.77548470E+003  0.32295658E+001  0.34419955E+001
  0.56807421E-135  0.77443851E+003  0.31065169E+001  0.27526509E+001
  0.69865527E-135  0.77402274E+003  0.31919150E+001  0.35158200E+001
  0.10490482E-134  0.77320783E+003  0.31749945E+001  0.20348231E+001
  0.12885216E-134  0.77279465E+003  0.31803801E+001  0.35308561E+001
  0.10238190E-133  0.76864744E+003  0.30893794E+001  0.32803475E+001
  0.11089277E-133  0.76848578E+003  0.32252533E+001  0.16330470E+001
  0.13012165E-133  0.76816402E+003  0.39359477E+001 -0.12288552E+001
  0.26838274E-133  0.76671418E+003  0.30898471E+001  0.31496700E+001
  0.26875711E-133  0.76670944E+003  0.31014075E+001  0.28600339E+001
  0.31455445E-133  0.76639279E+003  0.34916233E+001  0.24505147E+001
  0.33962225E-133  0.76623748E+003  0.38810514E+001 -0.13529600E+001
  0.36609953E-133  0.76608538E+003  0.39293326E+001 -0.12675766E+001
  0.52082405E-133  0.76537842E+003  0.32574325E+001  0.33574250E+001
  0.63967382E-133  0.76496537E+003  0.36576457E+001 -0.76558036E+000
  0.74419787E-133  0.76466073E+003  0.35062740E+001  0.23780035E+001
  0.79353365E-133  0.76453039E+003  0.37334426E+001 -0.10387528E+001
  0.19530549E-132  0.76272713E+003  0.39418594E+001 -0.10910075E+001
  0.20015936E-132  0.76267608E+003  0.39187482E+001 -0.48789544E+000
  0.20453308E-132  0.76263090E+003  0.30921500E+001  0.30989530E+001
  0.27196902E-132  0.76205903E+003  0.39281997E+001 -0.12583756E+001
  0.58315437E-132  0.76053155E+003  0.33767091E+001  0.29470184E+001
  0.69922167E-132  0.76016657E+003  0.31747014E+001  0.20594278E+001
  0.72440352E-132  0.76009385E+003  0.37437262E+001  0.10088433E+001
  0.22000762E-131  0.75787010E+003  0.32687376E+001  0.13287941E+001
  0.29853636E-131  0.75725769E+003  0.39155150E+001 -0.12959707E+001
  0.32588012E-131  0.75708047E+003  0.36389519E+001  0.16620014E+001
  0.35091871E-131  0.75693046E+003  0.31098247E+001  0.34522602E+001
  0.46393616E-131  0.75637013E+003  0.34573873E+001  0.25998480E+001
  0.52410100E-131  0.75612430E+003  0.33830582E+001  0.59611359E+000
  0.62722786E-131  0.75576310E+003  0.33002094E+001  0.11159874E+001
  0.71710708E-131  0.75549331E+003  0.33916154E+001  0.28819783E+001
  0.11137463E-130  0.75461084E+003  0.35257094E+001 -0.17070655E+000
  0.20944650E-130  0.75334575E+003  0.38242004E+001  0.41039737E+000
  0.24604205E-130  0.75302173E+003  0.33060148E+001  0.31952332E+001
  0.26110614E-130  0.75290093E+003  0.36025944E+001 -0.52439136E+000
  0.34328056E-130  0.75235174E+003  0.34697688E+001  0.25389448E+001
  0.40512415E-130  0.75201849E+003  0.34289118E+001  0.33751263E+000
  0.70215197E-130  0.75091663E+003  0.35656332E+001 -0.35662268E+000
  0.16335579E-129  0.74922594E+003  0.38335377E+001  0.32826453E+000
  0.17093542E-129  0.74913328E+003  0.34316094E+001  0.32555405E+000
  0.19144158E-129  0.74890474E+003  0.35589205E+001  0.20955810E+001
  0.27056661E-129  0.74821091E+003  0.31829928E+001  0.20069414E+001
  0.34911255E-129  0.74769921E+003  0.33435456E+001  0.30588033E+001
  0.36191185E-129  0.74762524E+003  0.37870253E+001  0.68753262E+000
  0.44020576E-129  0.74723161E+003  0.31010065E+001  0.33345672E+001
  0.48855360E-129  0.74702124E+003  0.32794011E+001  0.32714179E+001
  0.57039760E-129  0.74670952E+003  0.37432382E+001  0.99590877E+000
  0.59840269E-129  0.74661171E+003  0.36024893E+001  0.18581640E+001
  0.68835853E-129  0.74632966E+003  0.37018829E+001  0.12673446E+001
  0.98209170E-129  0.74561696E+003  0.38627905E+001  0.68870317E-001
  0.16803865E-128  0.74454082E+003  0.32027636E+001  0.18458650E+001
  0.20118296E-128  0.74417883E+003  0.37974640E+001 -0.11943901E+001
  0.28254190E-128  0.74349765E+003  0.36512029E+001  0.15754125E+001
  0.45979836E-128  0.74252178E+003  0.32958858E+001  0.32153006E+001
  0.49113687E-128  0.74238796E+003  0.33681012E+001  0.70050828E+000
  0.56055299E-128  0.74212160E+003  0.39294537E+001 -0.74377014E+000
  0.60859234E-128  0.74195520E+003  0.32384656E+001  0.33750324E+001
  0.63578794E-128  0.74186581E+003  0.39251818E+001 -0.11920920E+001
  0.71437772E-128  0.74163077E+003  0.31239142E+001  0.34557836E+001
  0.19113210E-127  0.73966054E+003  0.31245546E+001  0.34517287E+001
  0.22975412E-127  0.73929050E+003  0.39010354E+001 -0.12800006E+001
  0.26104779E-127  0.73903316E+003  0.34021162E+001  0.50319135E+000
  0.27928629E-127  0.73889614E+003  0.32549711E+001  0.33295150E+001
  0.33599234E-127  0.73852448E+003  0.38139132E+001  0.47009025E+000
  0.58840692E-127  0.73740187E+003  0.37261619E+001  0.10992160E+001
  0.62155289E-127  0.73729032E+003  0.39276446E+001 -0.11442115E+001
  0.86991574E-127  0.73661601E+003  0.39270658E+001 -0.11468180E+001
  0.11252249E-126  0.73609938E+003  0.33818371E+001  0.29001548E+001
  0.23205920E-126  0.73464975E+003  0.33742483E+001  0.67204104E+000
  0.29764944E-126  0.73414995E+003  0.33825303E+001  0.62316106E+000
  0.30183720E-126  0.73412005E+003  0.38613759E+001 -0.12828562E+001
  0.30431727E-126  0.73410173E+003  0.34872011E+001  0.43851451E-001
  0.31069401E-126  0.73405830E+003  0.37675410E+001  0.81081705E+000
  0.31562244E-126  0.73402488E+003  0.39284819E+001 -0.77541905E+000
  0.31689861E-126  0.73401485E+003  0.32917122E+001  0.11996246E+001
  0.42094493E-126  0.73344506E+003  0.31060486E+001  0.29452765E+001
  0.43144068E-126  0.73339385E+003  0.33429910E+001  0.30445344E+001
  0.46629067E-126  0.73323654E+003  0.32198664E+001  0.17253986E+001
  0.49583229E-126  0.73311173E+003  0.38244122E+001 -0.12341151E+001
  0.84661113E-126  0.73203977E+003  0.39173436E+001 -0.12021034E+001
  0.12506960E-125  0.73125739E+003  0.31600671E+001  0.22494371E+001
  0.14300463E-125  0.73098743E+003  0.36504324E+001  0.15662597E+001
  0.19207867E-125  0.73039542E+003  0.31495592E+001  0.34671632E+001
  0.32327425E-125  0.72935228E+003  0.37753533E+001  0.74839215E+000
  0.35166461E-125  0.72918197E+003  0.39011715E+001 -0.12521558E+001
  0.42981393E-125  0.72877867E+003  0.32985905E+001  0.11594936E+001
  0.56589094E-125  0.72822662E+003  0.31104150E+001  0.33297821E+001
  0.57790650E-125  0.72818264E+003  0.31083711E+001  0.33060642E+001
  0.14204847E-124  0.72638201E+003  0.35253263E+001  0.22443331E+001
  0.27256807E-124  0.72507662E+003  0.31343478E+001  0.34342861E+001
  0.30460855E-124  0.72485239E+003  0.36539121E+001 -0.70701176E+000
  0.35499964E-124  0.72454426E+003  0.39273576E+001 -0.82737003E+000
  0.45689912E-124  0.72403761E+003  0.39080855E+001 -0.46856028E+000
  0.51733156E-124  0.72378722E+003  0.34515824E+001  0.25919119E+001
  0.52969435E-124  0.72373803E+003  0.36692371E+001 -0.76502215E+000
  0.61296596E-124  0.72344406E+003  0.33882071E+001  0.28608382E+001
  0.62273916E-124  0.72341047E+003  0.38865851E+001 -0.21197299E+000
  0.80271308E-124  0.72290078E+003  0.36907338E+001  0.13108917E+001
  0.86173815E-124  0.72275692E+003  0.38975821E+001 -0.12420050E+001
  0.92055532E-124  0.72262292E+003  0.39186695E+001 -0.63741790E+000
  0.11252520E-123  0.72221940E+003  0.37663401E+001 -0.10851238E+001
  0.12413467E-123  0.72202106E+003  0.36576841E+001 -0.71861798E+000
  0.13872972E-123  0.72179679E+003  0.38857088E+001 -0.20633943E+000
  0.37377568E-123  0.71981258E+003  0.33025764E+001  0.11437379E+001
  0.40211046E-123  0.71966449E+003  0.38565481E+001  0.78168807E-001
  0.43614205E-123  0.71950005E+003  0.38629825E+001 -0.12558106E+001
  0.53892271E-123  0.71907489E+003  0.31419278E+001  0.34321195E+001
  0.54856307E-123  0.71903748E+003  0.37269457E+001 -0.96298729E+000
  0.67681279E-123  0.71861534E+003  0.31504906E+001  0.23749080E+001
  0.10400431E-122  0.71775415E+003  0.31480718E+001  0.34365184E+001
  0.16886784E-122  0.71678283E+003  0.37519525E+001 -0.10371867E+001
  0.21210979E-122  0.71632490E+003  0.36490200E+001  0.15583596E+001
  0.24723088E-122  0.71601651E+003  0.36867812E+001  0.13277227E+001
  0.29978079E-122  0.71562910E+003  0.36029808E+001  0.18223596E+001
  0.35208814E-122  0.71530549E+003  0.34198865E+001  0.42736746E+000
  0.37085260E-122  0.71519969E+003  0.34466667E+001  0.26046889E+001
  0.55356256E-122  0.71439660E+003  0.31187711E+001  0.33320807E+001
  0.82646757E-122  0.71359307E+003  0.31093875E+001  0.30309865E+001
  0.82733764E-122  0.71358902E+003  0.38382766E+001  0.23002106E+000
  0.87210117E-122  0.71348168E+003  0.38591081E+001  0.42551532E-001
  0.11918979E-121  0.71285493E+003  0.31088804E+001  0.30797918E+001
  0.15628265E-121  0.71231108E+003  0.33896589E+001  0.60520307E+000
  0.16014019E-121  0.71226036E+003  0.35405573E+001 -0.19833585E+000
  0.28101259E-121  0.71113371E+003  0.33760736E+001  0.68741604E+000
  0.52511249E-121  0.70988133E+003  0.38586306E+001 -0.12349776E+001
  0.58360595E-121  0.70966815E+003  0.31200237E+001  0.33192010E+001
  0.59088074E-121  0.70964143E+003  0.36471669E+001 -0.66333777E+000
  0.65463306E-121  0.70943455E+003  0.31100700E+001  0.30818328E+001
  0.66737569E-121  0.70939404E+003  0.38806990E+001 -0.18193640E+000
  0.70799561E-121  0.70927392E+003  0.36731808E+001 -0.76338716E+000
  0.11114451E-120  0.70837001E+003  0.34827201E+001  0.94222031E-001
  0.12143998E-120  0.70819088E+003  0.37362872E+001  0.99524632E+000
  0.14155539E-120  0.70788239E+003  0.35107147E+001 -0.47828403E-001
  0.27777360E-120  0.70653221E+003  0.35765978E+001 -0.35984410E+000
  0.27982188E-120  0.70651556E+003  0.38078021E+001 -0.11619834E+001
  0.29989989E-120  0.70637502E+003  0.39202264E+001 -0.77944036E+000
  0.54263081E-120  0.70518710E+003  0.38724569E+001 -0.12265514E+001
  0.56934401E-120  0.70508904E+003  0.37308591E+001  0.10281023E+001
  0.19595300E-119  0.70261514E+003  0.34245059E+001  0.41520788E+000
  0.20139127E-119  0.70255844E+003  0.36383064E+001  0.16061199E+001
  0.21214711E-119  0.70245242E+003  0.38253422E+001 -0.11865182E+001
  0.27278144E-119  0.70194769E+003  0.31130832E+001  0.30449230E+001
  0.40473243E-119  0.70115663E+003  0.31316135E+001  0.33507303E+001
  0.41392119E-119  0.70110977E+003  0.35803950E+001  0.19306434E+001
  0.56446081E-119  0.70048743E+003  0.38363417E+001  0.22400748E+000
  0.60516263E-119  0.70034623E+003  0.35823474E+001 -0.37899990E+000
  0.64374095E-119  0.70022068E+003  0.31758928E+001  0.34047092E+001
  0.10018076E-118  0.69933420E+003  0.31680420E+001  0.34043267E+001
  0.13263750E-118  0.69877096E+003  0.38706248E+001 -0.10089363E+000
  0.15050301E-118  0.69851628E+003  0.38582637E+001  0.20834069E-001
  0.16143994E-118  0.69837402E+003  0.38949490E+001 -0.37758844E+000
  0.28924291E-118  0.69720580E+003  0.31651965E+001  0.33993075E+001
  0.30598921E-118  0.69709129E+003  0.31363456E+001  0.33548692E+001
  0.34642028E-118  0.69684113E+003  0.36893350E+001 -0.80801048E+000
  0.57954894E-118  0.69580998E+003  0.34527453E+001  0.26675641E+000
  0.70059941E-118  0.69542866E+003  0.31249734E+001  0.32887305E+001
  0.74482122E-118  0.69530429E+003  0.33965019E+001  0.58410040E+000
  0.11851908E-117  0.69437331E+003  0.36520346E+001 -0.66521550E+000
  0.25083621E-117  0.69287190E+003  0.38957994E+001 -0.40648094E+000
  0.32444739E-117  0.69235530E+003  0.35087827E+001  0.22900218E+001
  0.35920262E-117  0.69214983E+003  0.31644887E+001  0.22893057E+001
  0.49985785E-117  0.69148700E+003  0.32139344E+001  0.18388434E+001
  0.60359751E-117  0.69110788E+003  0.34421560E+001  0.32969932E+000
  0.62761187E-117  0.69102790E+003  0.32885768E+001  0.31724642E+001
  0.82519530E-117  0.69047855E+003  0.38838773E+001 -0.11793497E+001
  0.83248197E-117  0.69045901E+003  0.32257813E+001  0.17439478E+001
  0.86984082E-117  0.69036927E+003  0.33214604E+001  0.10548052E+001
  0.10437889E-116  0.69000271E+003  0.31635197E+001  0.33823608E+001
  0.11690150E-116  0.68977415E+003  0.31750623E+001  0.21888169E+001
  0.11788851E-116  0.68975538E+003  0.31839258E+001  0.33799694E+001
  0.16163850E-116  0.68912218E+003  0.33089172E+001  0.11396294E+001
  0.16436672E-116  0.68908675E+003  0.31307750E+001  0.32996350E+001
  0.28937226E-116  0.68795357E+003  0.38946595E+001 -0.40771027E+000
  0.29650866E-116  0.68790290E+003  0.39105962E+001 -0.10361223E+001
  0.33444366E-116  0.68766016E+003  0.36042262E+001 -0.46106356E+000
  0.40990353E-116  0.68725130E+003  0.35157855E+001 -0.50854408E-001
  0.54928375E-116  0.68666396E+003  0.36346477E+001  0.16095615E+001
  0.62417161E-116  0.68640639E+003  0.31462379E+001  0.25077295E+001
  0.80964591E-116  0.68588410E+003  0.35787574E+001  0.19228468E+001
  0.81681074E-116  0.68586452E+003  0.38676806E+001 -0.99955681E-001
  0.88018003E-116  0.68571313E+003  0.37401706E+001  0.93962983E+000
  0.98834002E-116  0.68547938E+003  0.31433351E+001  0.25469496E+001
  0.11628469E-115  0.68515223E+003  0.31244073E+001  0.28486750E+001
  0.13147388E-115  0.68490474E+003  0.38153394E+001 -0.11414569E+001
  0.18105767E-115  0.68426278E+003  0.33919732E+001  0.62330604E+000
  0.20139151E-115  0.68404795E+003  0.31381492E+001  0.33166923E+001
  0.21121652E-115  0.68395073E+003  0.32986822E+001  0.12156485E+001
  0.25185041E-115  0.68359688E+003  0.35191186E+001  0.22295604E+001
  0.32160221E-115  0.68310597E+003  0.31532984E+001  0.33546530E+001
  0.34210356E-115  0.68298042E+003  0.37903063E+001 -0.10896298E+001
  0.37871557E-115  0.68277512E+003  0.38852141E+001 -0.11548671E+001
  0.39142746E-115  0.68270714E+003  0.34170326E+001  0.47969690E+000
  0.39284921E-115  0.68269794E+003  0.34335172E+001  0.26268257E+001
  0.43264818E-115  0.68250299E+003  0.33330285E+001  0.30192957E+001
  0.74958852E-115  0.68140184E+003  0.35677954E+001  0.19767185E+001
  0.93355187E-115  0.68096094E+003  0.38159009E+001  0.36390051E+000
  0.14003441E-114  0.68014803E+003  0.34679586E+001  0.20235420E+000
  0.19104432E-114  0.67952485E+003  0.32467753E+001  0.32659196E+001
  0.22303083E-114  0.67921329E+003  0.37022620E+001  0.11849062E+001
  0.29043355E-114  0.67868320E+003  0.34832603E+001  0.23975981E+001
  0.38330676E-114  0.67812633E+003  0.36884740E+001  0.12719804E+001
  0.79644600E-114  0.67666173E+003  0.31393433E+001  0.32946773E+001
  0.83215555E-114  0.67657206E+003  0.36011818E+001 -0.43554288E+000
  0.90223251E-114  0.67640840E+003  0.36892001E+001  0.12652779E+001
  0.12757081E-113  0.67571368E+003  0.37067718E+001  0.11511838E+001
  0.13275214E-113  0.67563210E+003  0.39102415E+001 -0.92047967E+000
  0.69203424E-113  0.67232785E+003  0.33945034E+001  0.27777447E+001
  0.72624078E-113  0.67222940E+003  0.36489260E+001 -0.62738770E+000
  0.81467005E-113  0.67199765E+003  0.39093691E+001 -0.81419424E+000
  0.10624460E-112  0.67146460E+003  0.35740888E+001 -0.31003826E+000
  0.11690472E-112  0.67127142E+003  0.38977510E+001 -0.10636315E+001
  0.14300902E-112  0.67086637E+003  0.37359554E+001 -0.92956522E+000
  0.20646507E-112  0.67012997E+003  0.34242919E+001  0.45273550E+000
  0.24189206E-112  0.66981130E+003  0.31325834E+001  0.27728634E+001
  0.24829312E-112  0.66975711E+003  0.31530185E+001  0.33162656E+001
  0.38989544E-112  0.66885262E+003  0.36829088E+001 -0.75118405E+000
  0.40290091E-112  0.66878505E+003  0.39017152E+001 -0.10174946E+001
  0.57213621E-112  0.66808172E+003  0.32344856E+001  0.32740765E+001
  0.61652379E-112  0.66793033E+003  0.33721101E+001  0.28600044E+001
  0.74466381E-112  0.66755070E+003  0.32034469E+001  0.19702385E+001
  0.85908847E-112  0.66726287E+003  0.32815290E+001  0.31605119E+001
  0.10977170E-111  0.66677069E+003  0.31749282E+001  0.22404276E+001
  0.12108055E-111  0.66657263E+003  0.31419989E+001  0.26313462E+001
  0.14610183E-111  0.66619498E+003  0.35552150E+001  0.20262986E+001
  0.18643843E-111  0.66570544E+003  0.31873495E+001  0.21208860E+001
  0.18730729E-111  0.66569419E+003  0.34560204E+001  0.28238074E+000
  0.22065935E-111  0.66536449E+003  0.31351842E+001  0.32190950E+001
  0.22372057E-111  0.66533499E+003  0.36540366E+001  0.14696711E+001
  0.24844887E-111  0.66512336E+003  0.38409077E+001 -0.11365339E+001
  0.49620554E-111  0.66373790E+003  0.37817089E+001  0.60786905E+000
  0.54778024E-111  0.66353818E+003  0.31659330E+001  0.23429353E+001
  0.59349162E-111  0.66337593E+003  0.36670601E+001 -0.68636544E+000
  0.71699757E-111  0.66299588E+003  0.31946697E+001  0.33202744E+001
  0.10355846E-110  0.66225863E+003  0.35270451E+001  0.21664472E+001
  0.11451084E-110  0.66205561E+003  0.36953762E+001  0.12080200E+001
  0.18007408E-110  0.66114826E+003  0.31736637E+001  0.33196913E+001
  0.19170028E-110  0.66102118E+003  0.33194221E+001  0.30377303E+001
  0.22559411E-110  0.66069362E+003  0.39041917E+001 -0.74191616E+000
  0.28654111E-110  0.66021337E+003  0.33198691E+001  0.11035388E+001
  0.43012186E-110  0.65939905E+003  0.32656438E+001  0.14843494E+001
  0.47441944E-110  0.65920105E+003  0.39001752E+001 -0.63389242E+000
  0.91513005E-110  0.65788515E+003  0.37659865E+001 -0.99485844E+000
  0.93863389E-110  0.65783248E+003  0.34736951E+001  0.24190425E+001
  0.99190085E-110  0.65772013E+003  0.36765110E+001  0.13224083E+001
  0.24124012E-109  0.65594067E+003  0.31782428E+001  0.22316533E+001
  0.29832342E-109  0.65551395E+003  0.31998533E+001  0.33016249E+001
  0.33322499E-109  0.65529071E+003  0.39000274E+001 -0.66165025E+000
  0.43534052E-109  0.65475414E+003  0.31527639E+001  0.25248517E+001
  0.49358224E-109  0.65450107E+003  0.32212764E+001  0.18404514E+001
  0.55942466E-109  0.65424868E+003  0.36857206E+001 -0.74319766E+000
  0.56913378E-109  0.65421231E+003  0.31380611E+001  0.31833801E+001
  0.69887485E-109  0.65379965E+003  0.32689785E+001  0.31746659E+001
  0.78328813E-109  0.65356964E+003  0.36384084E+001  0.15490670E+001
  0.90415464E-109  0.65328068E+003  0.34925003E+001  0.23255866E+001
  0.10453278E-108  0.65298856E+003  0.32279589E+001  0.32610893E+001
  0.11590799E-108  0.65278002E+003  0.35268835E+001  0.21566548E+001
  0.12700494E-108  0.65259521E+003  0.32965871E+001  0.30972627E+001
  0.13344379E-108  0.65249435E+003  0.35106944E+001  0.22367130E+001
  0.17191240E-108  0.65198578E+003  0.38907284E+001 -0.10213536E+001
  0.17353329E-108  0.65196506E+003  0.38007813E+001  0.43939119E+000
  0.17603187E-108  0.65193452E+003  0.35128605E+001  0.27134659E-002
  0.18506167E-108  0.65183252E+003  0.38289628E+001  0.19972203E+000
  0.24235314E-108  0.65129115E+003  0.38861493E+001 -0.10448962E+001
  0.51115852E-108  0.64979663E+003  0.34248454E+001  0.26265456E+001
  0.65189434E-108  0.64930828E+003  0.38312773E+001 -0.10981350E+001
  0.70287890E-108  0.64915572E+003  0.34352836E+001  0.25811188E+001
  0.73443097E-108  0.64906594E+003  0.34803641E+001  0.23781287E+001
  0.84937815E-108  0.64877318E+003  0.37939029E+001 -0.10435431E+001
  0.12353491E-107  0.64802201E+003  0.38987193E+001 -0.69603341E+000
  0.14500415E-107  0.64769959E+003  0.34618604E+001  0.27129483E+000
  0.15249560E-107  0.64759689E+003  0.35541378E+001 -0.19151161E+000
  0.18495477E-107  0.64720898E+003  0.32852180E+001  0.31221765E+001
  0.27246982E-107  0.64643220E+003  0.32798592E+001  0.31356352E+001
  0.58143321E-107  0.64491431E+003  0.37171538E+001 -0.83694805E+000
  0.79697311E-107  0.64428171E+003  0.32706595E+001  0.31563991E+001
  0.11397066E-106  0.64356434E+003  0.31358108E+001  0.30508334E+001
  0.14859690E-106  0.64303180E+003  0.37595376E+001  0.74271716E+000
  0.17379421E-106  0.64271658E+003  0.31789092E+001  0.22562725E+001
  0.18146711E-106  0.64262822E+003  0.32990796E+001  0.30762144E+001
  0.18464950E-106  0.64259150E+003  0.32953882E+001  0.12941979E+001
  0.25097901E-106  0.64197573E+003  0.37490275E+001  0.81736550E+000
  0.34842536E-106  0.64131767E+003  0.37432369E+001 -0.91026440E+000
  0.40996595E-106  0.64099041E+003  0.36485101E+001 -0.58855943E+000
  0.54825468E-106  0.64040713E+003  0.37504448E+001  0.80493159E+000
  0.87810855E-106  0.63946312E+003  0.38865615E+001 -0.99016924E+000
  0.10922541E-105  0.63902471E+003  0.31370095E+001  0.30091831E+001
  0.11536400E-105  0.63891340E+003  0.35666414E+001  0.19350583E+001
  0.13353898E-105  0.63861884E+003  0.37748656E+001 -0.98719473E+000
  0.22433368E-105  0.63757941E+003  0.38604919E+001 -0.14300463E+000
  0.29278685E-105  0.63704484E+003  0.31444627E+001  0.31449106E+001
  0.30797554E-105  0.63694173E+003  0.32222989E+001  0.32416845E+001
  0.36621923E-105  0.63659336E+003  0.36075070E+001 -0.41664849E+000
  0.36679899E-105  0.63658824E+003  0.33757105E+001  0.77755792E+000
  0.41357653E-105  0.63634623E+003  0.37807070E+001  0.57302169E+000
  0.53011446E-105  0.63584778E+003  0.32369919E+001  0.17429157E+001
  0.78989130E-105  0.63504822E+003  0.31527549E+001  0.25985330E+001
  0.93614912E-105  0.63470651E+003  0.33925992E+001  0.67801966E+000
  0.12563443E-104  0.63411619E+003  0.37497428E+001 -0.91785579E+000
  0.13073598E-104  0.63403463E+003  0.31389106E+001  0.29381729E+001
  0.17340060E-104  0.63346783E+003  0.35848038E+001  0.18305912E+001
  0.19035393E-104  0.63327931E+003  0.38532369E+001 -0.10661414E+001
  0.19935131E-104  0.63318499E+003  0.37124909E+001 -0.80642354E+000
  0.21607396E-104  0.63302194E+003  0.37364565E+001 -0.87922382E+000
  0.30725122E-104  0.63231589E+003  0.36021676E+001 -0.38887218E+000
  0.35900411E-104  0.63200261E+003  0.35749503E+001  0.18824838E+001
  0.36914391E-104  0.63194495E+003  0.36607929E+001 -0.62440878E+000
  0.50487294E-104  0.63131676E+003  0.32215587E+001  0.32323883E+001
  0.64715241E-104  0.63081825E+003  0.38030537E+001  0.38445788E+000
  0.67783417E-104  0.63072366E+003  0.34691302E+001  0.25197433E+000
  0.75291004E-104  0.63051162E+003  0.37342911E+001  0.90540703E+000
  0.11645008E-103  0.62963747E+003  0.36903340E+001 -0.72802640E+000
  0.12054267E-103  0.62956643E+003  0.31439145E+001  0.27959363E+001
  0.13707356E-103  0.62930745E+003  0.37622745E+001 -0.94303495E+000
  0.20162340E-103  0.62853373E+003  0.35989223E+001 -0.37048378E+000
  0.26236439E-103  0.62800511E+003  0.36741134E+001 -0.66859597E+000
  0.28407444E-103  0.62784416E+003  0.37255077E+001 -0.83964917E+000
  0.52237781E-103  0.62662390E+003  0.31417817E+001  0.29363970E+001
  0.53061734E-103  0.62659064E+003  0.32202212E+001  0.19000254E+001
  0.56775690E-103  0.62645339E+003  0.33560957E+001  0.91210396E+000
  0.11252851E-102  0.62508324E+003  0.36693579E+001  0.13264118E+001
  0.12739539E-102  0.62483311E+003  0.31921232E+001  0.32395214E+001
  0.14374829E-102  0.62458962E+003  0.37652640E+001  0.67241152E+000
  0.19354801E-102  0.62399274E+003  0.33162567E+001  0.11760339E+001
  0.19394448E-102  0.62398670E+003  0.31670028E+001  0.32080877E+001
  0.27796816E-102  0.62326488E+003  0.36023697E+001  0.17210315E+001
  0.45165691E-102  0.62229209E+003  0.32264609E+001  0.32091245E+001
  0.49357604E-102  0.62211263E+003  0.33996899E+001  0.26972378E+001
  0.56328084E-102  0.62184648E+003  0.37008323E+001 -0.75328493E+000
  0.58476794E-102  0.62176965E+003  0.31544317E+001  0.31448105E+001
  0.61589096E-102  0.62166399E+003  0.31446301E+001  0.30112813E+001
  0.86608399E-102  0.62098021E+003  0.31446159E+001  0.28756781E+001
  0.20852944E-100  0.61444207E+003  0.34266947E+001  0.25831454E+001
  0.19102316E-097  0.60077769E+003  0.33667017E+001  0.28033190E+001
  0.16529882E-096  0.59643755E+003  0.31702216E+001  0.24803816E+001
  0.68430050E-096  0.59357203E+003  0.34161654E+001  0.26016770E+001
  0.40591879E-093  0.58080100E+003  0.33974812E+001  0.26608235E+001
  0.59799618E-093  0.58002614E+003  0.33912690E+001  0.26840576E+001
  0.22228688E-092  0.57740020E+003  0.31659832E+001  0.26400226E+001
  0.40274499E-091  0.57160636E+003  0.31630823E+001  0.27747314E+001
  0.21117603E-089  0.56366177E+003  0.31745579E+001  0.25613244E+001
  0.75789170E-089  0.56110607E+003  0.33460490E+001  0.28220050E+001
  0.42660692E-086  0.54843991E+003  0.34139238E+001  0.25532172E+001
  0.14707702E-084  0.54135939E+003  0.31855197E+001  0.24947311E+001
  0.84988439E-084  0.53785110E+003  0.33671141E+001  0.27166561E+001
  0.13232432E-083  0.53696562E+003  0.31872102E+001  0.24898844E+001
  0.17261995E-083  0.53643394E+003  0.31834516E+001  0.25611252E+001
  0.66717859E-083  0.53373001E+003  0.33572814E+001  0.27448702E+001
  0.11570690E-082  0.53262884E+003  0.31858799E+001  0.25386998E+001
  0.18994883E-081  0.52703228E+003  0.33706148E+001  0.26888141E+001
  0.14577107E-080  0.52295654E+003  0.31841290E+001  0.26800799E+001
  0.32232270E-080  0.52134031E+003  0.33427652E+001  0.27742473E+001
  0.17497320E-078  0.51332262E+003  0.31879145E+001  0.26995554E+001
  0.19417424E-078  0.51311437E+003  0.34126842E+001  0.25104585E+001
  0.74068483E-078  0.51043673E+003  0.31922836E+001  0.25701625E+001
  0.77227883E-078  0.51035319E+003  0.33623141E+001  0.26932415E+001
  0.14612159E-076  0.50447266E+003  0.31928574E+001  0.27708347E+001
  0.53263744E-075  0.49728069E+003  0.31991325E+001  0.25226102E+001
  0.63015935E-075  0.49694443E+003  0.33662864E+001  0.26594122E+001
  0.10613007E-073  0.49129670E+003  0.31982124E+001  0.26396539E+001
  0.15938940E-072  0.48587816E+003  0.33591855E+001  0.26660748E+001
  0.19435261E-072  0.48548151E+003  0.33486912E+001  0.26991750E+001
  0.35856277E-072  0.48425665E+003  0.32030365E+001  0.27417108E+001
  0.91213541E-071  0.47778411E+003  0.32061691E+001  0.25375797E+001
  0.22694725E-070  0.47592630E+003  0.33269612E+001  0.27470199E+001
  0.88529708E-069  0.46859872E+003  0.33554050E+001  0.26503960E+001
  0.93438879E-069  0.46849078E+003  0.32170080E+001  0.27806543E+001
  0.10693493E-068  0.46822096E+003  0.32181093E+001  0.27867884E+001
  0.21238572E-068  0.46684859E+003  0.33295095E+001  0.27240270E+001
  0.46524785E-068  0.46528026E+003  0.33711438E+001  0.25933192E+001
  0.22719752E-067  0.46210859E+003  0.32273558E+001  0.28024527E+001
  0.24350722E-067  0.46196993E+003  0.33477502E+001  0.26629960E+001
  0.67530672E-065  0.45071955E+003  0.33313238E+001  0.26899025E+001
  0.12095462E-064  0.44955389E+003  0.32683305E+001  0.28019450E+001
  0.20666759E-064  0.44848249E+003  0.33801870E+001  0.25351139E+001
  0.21680550E-064  0.44838672E+003  0.32191221E+001  0.25347441E+001
  0.51800056E-064  0.44664476E+003  0.32394833E+001  0.27743853E+001
  0.29315528E-063  0.44317814E+003  0.32220252E+001  0.26029104E+001
  0.29809551E-063  0.44314472E+003  0.33054575E+001  0.27358423E+001
  0.50575842E-063  0.44208743E+003  0.32228089E+001  0.26093171E+001
  0.52774588E-063  0.44200232E+003  0.32290268E+001  0.27019905E+001
  0.20745920E-062  0.43926451E+003  0.33097666E+001  0.27189656E+001
  0.66584986E-062  0.43693225E+003  0.32436944E+001  0.27453410E+001
  0.72891603E-062  0.43675126E+003  0.32902867E+001  0.27476434E+001
  0.81232990E-062  0.43653456E+003  0.32424692E+001  0.27401833E+001
  0.86158656E-062  0.43641683E+003  0.32253133E+001  0.25771705E+001
  0.42211481E-061  0.43323865E+003  0.32591335E+001  0.27552271E+001
  0.18216440E-060  0.43025788E+003  0.32362234E+001  0.26788388E+001
  0.28779092E-060  0.42934323E+003  0.33093902E+001  0.26986506E+001
  0.43361774E-060  0.42852337E+003  0.33113468E+001  0.26930047E+001
  0.76717243E-060  0.42738227E+003  0.32296929E+001  0.25054781E+001
  0.88834995E-060  0.42708896E+003  0.32909050E+001  0.27236519E+001
  0.14370978E-059  0.42612693E+003  0.32664082E+001  0.27357567E+001
  0.40897775E-059  0.42403520E+003  0.32399824E+001  0.26650365E+001
  0.47219081E-059  0.42374776E+003  0.32332109E+001  0.25863657E+001
  0.15479669E-058  0.42137313E+003  0.32328419E+001  0.25083235E+001
  0.16038791E-058  0.42130216E+003  0.32329042E+001  0.25134231E+001
  0.25220693E-058  0.42039685E+003  0.33047726E+001  0.26871431E+001
  0.39353916E-057  0.41490182E+003  0.32498600E+001  0.26649341E+001
  0.54780153E-057  0.41424036E+003  0.32635898E+001  0.26941651E+001
  0.60907428E-057  0.41402830E+003  0.32662916E+001  0.26960656E+001
  0.15660585E-056  0.41213955E+003  0.32381662E+001  0.25178652E+001
  0.16082800E-056  0.41208634E+003  0.32385815E+001  0.25328667E+001
  0.33671190E-056  0.41060856E+003  0.33608033E+001  0.25317556E+001
  0.57401473E-056  0.40954170E+003  0.32541463E+001  0.26545519E+001
  0.76206498E-056  0.40897495E+003  0.32961884E+001  0.26717682E+001
  0.79608617E-056  0.40888760E+003  0.32881258E+001  0.26792657E+001
  0.79753250E-056  0.40888397E+003  0.32444449E+001  0.25931544E+001
  0.10332682E-055  0.40836605E+003  0.33103757E+001  0.26496128E+001
  0.13382159E-055  0.40784883E+003  0.33273417E+001  0.26146396E+001
  0.24391900E-055  0.40664817E+003  0.32557713E+001  0.26462320E+001
  0.15383817E-054  0.40296487E+003  0.32497821E+001  0.25946803E+001
  0.46430493E-054  0.40075559E+003  0.32660067E+001  0.26463104E+001
  0.36202592E-052  0.39204290E+003  0.33133552E+001  0.26053223E+001
  0.22159166E-051  0.38841949E+003  0.32608502E+001  0.25705220E+001
  0.39503974E-051  0.38726319E+003  0.32546123E+001  0.25101251E+001
  0.77752504E-050  0.38130376E+003  0.33156669E+001  0.25745946E+001
  0.10602082E-049  0.38068355E+003  0.33391932E+001  0.25281136E+001
  0.36788707E-049  0.37819527E+003  0.32859958E+001  0.25836102E+001
  0.50362273E-049  0.37756717E+003  0.33103250E+001  0.25717859E+001
  0.27382978E-048  0.37418064E+003  0.33000051E+001  0.25705860E+001
  0.42853799E-048  0.37328489E+003  0.33059907E+001  0.25639862E+001
