  0.49406565E-323  0.16417781E+004  0.40336760E+001 -0.26809517E+001
  0.49406565E-323  0.16415754E+004  0.29182022E+001  0.32083518E+001
  0.98813129E-323  0.16398496E+004  0.40788179E+001 -0.65280102E+000
  0.98813129E-323  0.16396744E+004  0.36233466E+001 -0.13321566E+001
  0.98813129E-323  0.16391418E+004  0.35119912E+001  0.30420614E+001
  0.98813129E-323  0.16391348E+004  0.33865941E+001 -0.14756380E+000
  0.88931816E-322  0.16351797E+004  0.40705675E+001 -0.27121475E+001
  0.10375379E-321  0.16349164E+004  0.38327526E+001 -0.21600351E+001
  0.31620201E-321  0.16326489E+004  0.28972094E+001  0.34644954E+001
  0.52865024E-321  0.16316169E+004  0.37214004E+001 -0.17438617E+001
  0.94366538E-321  0.16304506E+004  0.28753397E+001  0.37692114E+001
  0.15414848E-320  0.16294634E+004  0.28680552E+001  0.47179519E+001
  0.17144078E-320  0.16292496E+004  0.33297645E+001  0.38601220E+001
  0.23418712E-320  0.16286233E+004  0.30808960E+001  0.46984279E+001
  0.29051060E-320  0.16281898E+004  0.41802778E+001 -0.22616763E+001
  0.13122384E-319  0.16251735E+004  0.28878788E+001  0.35993527E+001
  0.24945374E-319  0.16238867E+004  0.36178116E+001 -0.12968718E+001
  0.26308996E-319  0.16237784E+004  0.34783310E+001 -0.62550038E+000
  0.39406676E-319  0.16229686E+004  0.38778944E+001 -0.22971276E+001
  0.55439106E-319  0.16222838E+004  0.37467300E+001 -0.18374571E+001
  0.56550754E-319  0.16222422E+004  0.37442462E+001 -0.18277700E+001
  0.68536786E-319  0.16218558E+004  0.41588424E+001 -0.25552738E+001
  0.99312135E-319  0.16211121E+004  0.30723127E+001  0.47123711E+001
  0.24243307E-318  0.16193252E+004  0.41776403E+001 -0.20664317E+001
  0.13193430E-317  0.16159349E+004  0.28785540E+001  0.37553177E+001
  0.78163705E-317  0.16123748E+004  0.33345659E+001  0.16438319E+000
  0.80832697E-317  0.16123057E+004  0.40966217E+001 -0.86331105E+000
  0.10180252E-316  0.16118424E+004  0.32075753E+001  0.94125131E+000
  0.12415326E-316  0.16114435E+004  0.32349633E+001  0.42129508E+001
  0.36245960E-316  0.16092988E+004  0.34592508E+001  0.32764300E+001
  0.37354564E-316  0.16092366E+004  0.39378371E+001  0.47630156E+000
  0.85456850E-316  0.16075795E+004  0.38170450E+001  0.13026493E+001
  0.11433208E-315  0.16069954E+004  0.28670834E+001  0.46318168E+001
  0.11937096E-315  0.16069071E+004  0.41749182E+001 -0.20581997E+001
  0.12501925E-315  0.16068127E+004  0.41418853E+001 -0.13962916E+001
  0.78133710E-315  0.16031457E+004  0.38474957E+001 -0.21853570E+001
  0.10241920E-314  0.16026024E+004  0.38202536E+001  0.12783104E+001
  0.11346348E-314  0.16023957E+004  0.34545364E+001 -0.48840364E+000
  0.17735893E-314  0.16015003E+004  0.35064973E+001 -0.75330557E+000
  0.92991268E-314  0.15981845E+004  0.33093289E+001  0.39214850E+001
  0.10013233E-313  0.15980346E+004  0.38759643E+001  0.90510574E+000
  0.10227164E-313  0.15979904E+004  0.28604341E+001  0.42527201E+001
  0.33233905E-313  0.15956314E+004  0.29470120E+001  0.29732759E+001
  0.17208667E-312  0.15923406E+004  0.38344287E+001  0.11785158E+001
  0.31086738E-312  0.15911559E+004  0.28633529E+001  0.44808843E+001
  0.66848195E-312  0.15896227E+004  0.34769834E+001  0.31794567E+001
  0.85103073E-312  0.15891378E+004  0.36593100E+001 -0.14565078E+001
  0.97992488E-312  0.15888538E+004  0.41708891E+001 -0.20435289E+001
  0.14287322E-311  0.15880977E+004  0.29738620E+001  0.27252372E+001
  0.19388598E-311  0.15874852E+004  0.28633520E+001  0.42115044E+001
  0.22257939E-311  0.15872072E+004  0.29408082E+001  0.30476223E+001
  0.76295155E-311  0.15847414E+004  0.38097296E+001 -0.20435190E+001
  0.27567713E-310  0.15821702E+004  0.38625652E+001 -0.22175963E+001
  0.35709122E-310  0.15816507E+004  0.36424896E+001  0.23231811E+001
  0.63710050E-310  0.15804909E+004  0.30634453E+001  0.46957564E+001
  0.79204301E-310  0.15800536E+004  0.33225164E+001  0.25668478E+000
  0.13621927E-309  0.15789672E+004  0.28780669E+001  0.46448650E+001
  0.19240291E-309  0.15782746E+004  0.28688178E+001  0.40782962E+001
  0.40348648E-309  0.15767915E+004  0.28854187E+001  0.37473232E+001
  0.57956312E-309  0.15760653E+004  0.29186549E+001  0.48050781E+001
  0.63845404E-309  0.15758698E+004  0.41647162E+001 -0.23234106E+001
  0.10242991E-308  0.15749224E+004  0.37737838E+001 -0.19066065E+001
  0.16258630E-308  0.15739964E+004  0.40248183E+001 -0.25979349E+001
  0.17264304E-308  0.15738744E+004  0.31195362E+001  0.15701772E+001
  0.54040679E-308  0.15715903E+004  0.40977570E+001 -0.26293294E+001
  0.66790698E-308  0.15711647E+004  0.40389085E+001 -0.36770217E+000
  0.22589818E-307  0.15687257E+004  0.30789097E+001  0.46503254E+001
  0.79503258E-306  0.15616019E+004  0.36510487E+001  0.22621698E+001
  0.11930278E-305  0.15607883E+004  0.33091543E+001  0.34882887E+000
  0.30942648E-305  0.15588802E+004  0.28687551E+001  0.43327448E+001
  0.53813861E-305  0.15577714E+004  0.41309977E+001 -0.25405155E+001
  0.96050986E-305  0.15566108E+004  0.41336821E+001 -0.13903374E+001
  0.83741315E-304  0.15522780E+004  0.28996385E+001  0.35927600E+001
  0.18302017E-303  0.15507123E+004  0.38062321E+001 -0.20059136E+001
  0.56774900E-303  0.15484462E+004  0.28944483E+001  0.36784223E+001
  0.88204305E-303  0.15475631E+004  0.34317901E+001  0.33624272E+001
  0.90166473E-303  0.15475171E+004  0.35803640E+001  0.26341181E+001
  0.14880446E-302  0.15465132E+004  0.28898311E+001  0.46384257E+001
  0.22407846E-302  0.15456926E+004  0.38300953E+001  0.11713903E+001
  0.24639149E-302  0.15455008E+004  0.31074278E+001  0.45598361E+001
  0.28017229E-302  0.15452418E+004  0.28801926E+001  0.45445365E+001
  0.11354584E-301  0.15424411E+004  0.40709492E+001 -0.69973527E+000
  0.14901645E-301  0.15418955E+004  0.30647111E+001  0.46570717E+001
  0.17439802E-301  0.15415789E+004  0.41323717E+001 -0.24995334E+001
  0.13951736E-300  0.15374181E+004  0.34052367E+001  0.34751341E+001
  0.20535335E-300  0.15366431E+004  0.32626707E+001  0.64769191E+000
  0.68077471E-300  0.15342441E+004  0.37097438E+001  0.19081903E+001
  0.15067796E-299  0.15326532E+004  0.28859572E+001  0.45617200E+001
  0.17001287E-299  0.15324098E+004  0.31571185E+001  0.44099343E+001
  0.18697352E-299  0.15322176E+004  0.28800650E+001  0.40111724E+001
  0.18705940E-299  0.15322148E+004  0.36656029E+001  0.21604674E+001
  0.88576310E-299  0.15291028E+004  0.33487128E+001  0.37127401E+001
  0.13549903E-298  0.15282506E+004  0.30868473E+001  0.45951711E+001
  0.14495769E-298  0.15281137E+004  0.36299191E+001 -0.12864921E+001
  0.42761169E-298  0.15259482E+004  0.38659608E+001 -0.21835480E+001
  0.43861306E-298  0.15258954E+004  0.41251810E+001 -0.24942917E+001
  0.80570524E-298  0.15246773E+004  0.35647095E+001  0.27000964E+001
  0.24042315E-297  0.15224888E+004  0.41464278E+001 -0.16970061E+001
  0.12625505E-296  0.15191699E+004  0.36138251E+001 -0.12084256E+001
  0.38512776E-296  0.15169374E+004  0.37492413E+001 -0.17720975E+001
  0.43835828E-296  0.15166765E+004  0.30984473E+001  0.45569476E+001
  0.11106693E-295  0.15148152E+004  0.28921760E+001  0.45594534E+001
  0.14669390E-295  0.15142568E+004  0.29181087E+001  0.46921779E+001
  0.30412462E-295  0.15127967E+004  0.38254868E+001  0.11761763E+001
  0.57571374E-295  0.15115184E+004  0.41513592E+001 -0.22086602E+001
  0.10432369E-294  0.15103275E+004  0.39465234E+001  0.32387137E+000
  0.17363050E-293  0.15047015E+004  0.40235829E+001 -0.30743862E+000
  0.62298771E-293  0.15021444E+004  0.36477025E+001  0.22397711E+001
  0.74914519E-293  0.15017736E+004  0.28846547E+001  0.40571019E+001
  0.14351499E-292  0.15004715E+004  0.37245187E+001  0.17968274E+001
  0.28026174E-292  0.14991309E+004  0.29628335E+001  0.47276601E+001
  0.47849270E-292  0.14980591E+004  0.37017699E+001 -0.15711360E+001
  0.53614997E-292  0.14978296E+004  0.34993182E+001 -0.64779850E+000
  0.15117932E-291  0.14957544E+004  0.30764191E+001  0.45883958E+001
  0.18485115E-291  0.14953503E+004  0.39590133E+001 -0.24026971E+001
  0.20217714E-291  0.14951692E+004  0.31689669E+001  0.43436911E+001
  0.24299229E-291  0.14947994E+004  0.41171807E+001 -0.24571455E+001
  0.33786683E-291  0.14941382E+004  0.28851694E+001  0.41024665E+001
  0.50097522E-291  0.14933485E+004  0.37399060E+001  0.16994225E+001
  0.12829637E-290  0.14914658E+004  0.40828690E+001 -0.25207156E+001
  0.13229543E-290  0.14914024E+004  0.30356174E+001  0.46605924E+001
  0.39874200E-290  0.14891939E+004  0.29600791E+001  0.29881072E+001
  0.43924379E-290  0.14889985E+004  0.29527201E+001  0.47078960E+001
  0.54868998E-290  0.14885516E+004  0.40713155E+001 -0.77736322E+000
  0.82878949E-290  0.14877248E+004  0.29636080E+001  0.29540039E+001
  0.97996791E-289  0.14827825E+004  0.39787366E+001  0.45602069E-001
  0.10335977E-288  0.14826740E+004  0.40739443E+001 -0.25135391E+001
  0.14382504E-288  0.14820113E+004  0.36108214E+001  0.24275669E+001
  0.22161383E-288  0.14811447E+004  0.37802098E+001 -0.18608233E+001
  0.27503766E-288  0.14807108E+004  0.41332838E+001 -0.15859269E+001
  0.36617341E-288  0.14801364E+004  0.36988506E+001  0.19332588E+001
  0.96695701E-288  0.14781924E+004  0.28922394E+001  0.39665560E+001
  0.21515044E-287  0.14765909E+004  0.29355965E+001  0.32788462E+001
  0.29545722E-287  0.14759546E+004  0.38564053E+001 -0.21134515E+001
  0.37619346E-287  0.14754695E+004  0.36148100E+001 -0.11826346E+001
  0.46059185E-287  0.14750627E+004  0.34733371E+001  0.31193625E+001
  0.11832569E-286  0.14731737E+004  0.35070456E+001 -0.66960256E+000
  0.20342217E-286  0.14720881E+004  0.41443574E+001 -0.20487091E+001
  0.31053427E-286  0.14712401E+004  0.41059671E+001 -0.24450695E+001
  0.40070681E-286  0.14707283E+004  0.39952531E+001 -0.10238944E+000
  0.60514487E-286  0.14699019E+004  0.31076495E+001  0.44920427E+001
  0.13921319E-284  0.14636285E+004  0.39197302E+001  0.48175383E+000
  0.10375238E-282  0.14550042E+004  0.41375737E+001 -0.18073286E+001
  0.17026262E-282  0.14540116E+004  0.40482024E+001 -0.59524370E+000
  0.44219943E-282  0.14521008E+004  0.31264413E+001  0.16255916E+001
  0.46483296E-282  0.14519990E+004  0.29461128E+001  0.31988738E+001
  0.60645985E-282  0.14514651E+004  0.41297264E+001 -0.16215433E+001
  0.61051951E-282  0.14514498E+004  0.36095190E+001  0.24132146E+001
  0.61882699E-282  0.14514208E+004  0.29066043E+001  0.44743290E+001
  0.19422831E-281  0.14491313E+004  0.40996493E+001 -0.24189320E+001
  0.22017425E-281  0.14488786E+004  0.38458545E+001  0.98982263E+000
  0.39683961E-281  0.14476984E+004  0.40878977E+001 -0.24425034E+001
  0.22401853E-280  0.14442349E+004  0.32224770E+001  0.97295268E+000
  0.89316517E-280  0.14414669E+004  0.40732928E+001 -0.86888775E+000
  0.92063288E-280  0.14414043E+004  0.33884622E+001  0.34817587E+001
  0.14816162E-279  0.14404507E+004  0.37478983E+001 -0.17103642E+001
  0.16658373E-279  0.14402144E+004  0.30722656E+001  0.45427986E+001
  0.17364171E-279  0.14401294E+004  0.41037491E+001 -0.12342569E+001
  0.44664752E-279  0.14382379E+004  0.41363383E+001 -0.19639771E+001
  0.10721752E-278  0.14364846E+004  0.41358522E+001 -0.19432587E+001
  0.26371164E-278  0.14346827E+004  0.38697949E+001  0.81395617E+000
  0.31596767E-278  0.14343192E+004  0.30217256E+001  0.46159561E+001
  0.36127614E-278  0.14340492E+004  0.40922668E+001 -0.24085392E+001
  0.13407809E-277  0.14314245E+004  0.36326232E+001  0.22732888E+001
  0.23591964E-277  0.14302924E+004  0.35378306E+001  0.27723072E+001
  0.27687152E-277  0.14299704E+004  0.31569362E+001  0.43246369E+001
  0.41972855E-277  0.14291363E+004  0.30965753E+001  0.44802199E+001
  0.10560919E-276  0.14272889E+004  0.39551101E+001 -0.23281270E+001
  0.29277562E-276  0.14252476E+004  0.36367763E+001 -0.12445927E+001
  0.35996193E-276  0.14248325E+004  0.37687705E+001  0.14708604E+001
  0.36027533E-276  0.14248288E+004  0.41223685E+001 -0.22333716E+001
  0.72926669E-276  0.14234165E+004  0.38024791E+001 -0.18947516E+001
  0.10312798E-275  0.14227215E+004  0.36400984E+001  0.22257952E+001
  0.11137049E-275  0.14225658E+004  0.41311720E+001 -0.20649086E+001
  0.34328936E-275  0.14203124E+004  0.38586579E+001  0.87878854E+000
  0.38154963E-275  0.14200991E+004  0.31382781E+001  0.15684895E+001
  0.55602302E-275  0.14193440E+004  0.41212261E+001 -0.22243801E+001
  0.21783839E-274  0.14166110E+004  0.40923027E+001 -0.11340770E+001
  0.36083260E-274  0.14155997E+004  0.37290594E+001 -0.16193598E+001
  0.14065914E-273  0.14128768E+004  0.29049074E+001  0.42477249E+001
  0.14675351E-273  0.14127900E+004  0.31292741E+001  0.43852798E+001
  0.15487757E-273  0.14126803E+004  0.36838668E+001 -0.14359195E+001
  0.17832993E-273  0.14123963E+004  0.35670253E+001  0.26102865E+001
  0.26830020E-273  0.14115774E+004  0.29640178E+001  0.45962425E+001
  0.44696253E-273  0.14105547E+004  0.33305670E+001  0.37017570E+001
  0.88556968E-273  0.14091853E+004  0.38041550E+001 -0.18891528E+001
  0.20185720E-272  0.14075355E+004  0.30751838E+001  0.45040130E+001
  0.22641333E-272  0.14073039E+004  0.35852306E+001  0.25114382E+001
  0.51823203E-272  0.14056459E+004  0.40131067E+001 -0.23938383E+001
  0.64957285E-272  0.14051921E+004  0.29062689E+001  0.40162025E+001
  0.76660519E-272  0.14048589E+004  0.29185299E+001  0.36916494E+001
  0.21710768E-271  0.14027749E+004  0.41276828E+001 -0.19416444E+001
  0.29637917E-271  0.14021504E+004  0.39277685E+001  0.36444223E+000
  0.38884744E-271  0.14016054E+004  0.38955534E+001  0.60230444E+000
  0.64220733E-271  0.14006000E+004  0.32784046E+001  0.38966366E+001
  0.85926478E-271  0.14000157E+004  0.32005548E+001  0.11534505E+001
  0.10176891E-270  0.13996753E+004  0.31947915E+001  0.41845689E+001
  0.13267210E-270  0.13991430E+004  0.33498322E+001  0.36147296E+001
  0.61313154E-270  0.13960797E+004  0.38643610E+001 -0.20702989E+001
  0.82516172E-270  0.13954837E+004  0.30084991E+001  0.26417185E+001
  0.38111153E-269  0.13924216E+004  0.29475071E+001  0.45319090E+001
  0.68759994E-269  0.13912394E+004  0.30413322E+001  0.45423929E+001
  0.11095500E-268  0.13902804E+004  0.29097969E+001  0.40064349E+001
  0.11806191E-268  0.13901543E+004  0.39688795E+001 -0.23158989E+001
  0.14434445E-268  0.13897504E+004  0.31328582E+001  0.43548893E+001
  0.21438493E-268  0.13889573E+004  0.36033187E+001  0.24020746E+001
  0.36785375E-268  0.13878755E+004  0.39338600E+001 -0.22438839E+001
  0.41381151E-268  0.13876381E+004  0.32989518E+001  0.38089556E+001
  0.91305541E-268  0.13860534E+004  0.29528855E+001  0.45328197E+001
  0.89087413E-267  0.13814955E+004  0.31327745E+001  0.43474960E+001
  0.91732454E-267  0.13814350E+004  0.40188230E+001 -0.41252039E+000
  0.21934881E-266  0.13796895E+004  0.29138249E+001  0.42301194E+001
  0.27185243E-266  0.13792583E+004  0.34368918E+001 -0.24130498E+000
  0.58896549E-266  0.13777101E+004  0.36245040E+001 -0.11562508E+001
  0.21900851E-265  0.13750815E+004  0.41009731E+001 -0.22408086E+001
  0.34434331E-265  0.13741745E+004  0.35890708E+001  0.24673797E+001
  0.80553624E-265  0.13724728E+004  0.33514658E+001  0.23776959E+000
  0.92573822E-265  0.13721927E+004  0.30958537E+001  0.19304664E+001
  0.11215951E-264  0.13718069E+004  0.29136922E+001  0.40386676E+001
  0.13970324E-264  0.13713658E+004  0.33128721E+001  0.46547524E+000
  0.23526196E-264  0.13703215E+004  0.29314784E+001  0.44091917E+001
  0.63202349E-264  0.13683431E+004  0.31402326E+001  0.43158874E+001
  0.72712588E-264  0.13680608E+004  0.29342980E+001  0.44205693E+001
  0.97331753E-264  0.13674756E+004  0.35579868E+001  0.26248959E+001
  0.19349130E-263  0.13660994E+004  0.36973203E+001  0.18582728E+001
  0.26907907E-263  0.13654379E+004  0.33723354E+001  0.34956834E+001
  0.11733058E-262  0.13624908E+004  0.39673952E+001 -0.22835582E+001
  0.32223805E-262  0.13604683E+004  0.38795314E+001  0.68022108E+000
  0.45555610E-262  0.13597739E+004  0.38486615E+001  0.89566075E+000
  0.12178482E-261  0.13578053E+004  0.36546481E+001  0.20971695E+001
  0.12913505E-261  0.13576861E+004  0.29772051E+001  0.30098417E+001
  0.17340546E-261  0.13570946E+004  0.31425431E+001  0.42994064E+001
  0.22696084E-261  0.13565544E+004  0.38812095E+001 -0.20831717E+001
  0.70391707E-261  0.13542887E+004  0.38591985E+001 -0.20186170E+001
  0.10667100E-260  0.13534554E+004  0.38912795E+001 -0.21073963E+001
  0.20339413E-260  0.13521626E+004  0.36000584E+001  0.23928593E+001
  0.72287133E-260  0.13496245E+004  0.36759615E+001  0.19698030E+001
  0.48209442E-259  0.13458276E+004  0.37928452E+001 -0.17990766E+001
  0.74807931E-259  0.13449469E+004  0.40603415E+001 -0.23054402E+001
  0.91784033E-259  0.13445359E+004  0.39637713E+001 -0.22578462E+001
  0.32081526E-258  0.13420311E+004  0.37948352E+001  0.12394058E+001
  0.10276972E-256  0.13350955E+004  0.30322217E+001  0.44852809E+001
  0.13528390E-256  0.13345438E+004  0.39264126E+001 -0.21744092E+001
  0.14291904E-256  0.13344321E+004  0.29266022E+001  0.42074500E+001
  0.23081134E-256  0.13334715E+004  0.36298547E+001  0.22172259E+001
  0.32512814E-256  0.13327843E+004  0.29233323E+001  0.40484278E+001
  0.44906621E-256  0.13321364E+004  0.38497877E+001  0.86375812E+000
  0.10968363E-255  0.13303484E+004  0.31465378E+001  0.42639815E+001
  0.12130403E-255  0.13301451E+004  0.29404954E+001  0.35460990E+001
  0.17999976E-255  0.13293538E+004  0.41016487E+001 -0.20760967E+001
  0.18481254E-255  0.13292991E+004  0.39185643E+001 -0.21515482E+001
  0.21794046E-255  0.13289674E+004  0.30514896E+001  0.44567897E+001
  0.30768145E-255  0.13282757E+004  0.40347517E+001 -0.63980143E+000
  0.34455364E-255  0.13280474E+004  0.39075235E+001  0.44533713E+000
  0.40892420E-255  0.13277029E+004  0.32566334E+001  0.84675584E+000
  0.78234707E-255  0.13264034E+004  0.40526436E+001 -0.22832795E+001
  0.12169404E-254  0.13255179E+004  0.38732968E+001 -0.20330214E+001
  0.10255901E-253  0.13212529E+004  0.30853141E+001  0.43943845E+001
  0.16662867E-253  0.13202803E+004  0.29575847E+001  0.33168186E+001
  0.37942397E-253  0.13186326E+004  0.37755682E+001  0.13438521E+001
  0.51903168E-253  0.13180040E+004  0.29305679E+001  0.41819914E+001
  0.65172994E-253  0.13175467E+004  0.30025374E+001  0.44727776E+001
  0.70988325E-253  0.13173738E+004  0.35930892E+001  0.24044885E+001
  0.15127802E-252  0.13158587E+004  0.39047083E+001 -0.21056508E+001
  0.33179822E-252  0.13142859E+004  0.40839536E+001 -0.12565575E+001
  0.83109401E-252  0.13124475E+004  0.34958921E+001  0.28952349E+001
  0.99330278E-252  0.13120890E+004  0.36470719E+001  0.21055276E+001
  0.13732837E-251  0.13114392E+004  0.30550666E+001  0.23289046E+001
  0.14602053E-251  0.13113145E+004  0.38997597E+001  0.48696290E+000
  0.34000928E-251  0.13096221E+004  0.32679513E+001  0.38629359E+001
  0.44830897E-251  0.13090671E+004  0.37411273E+001 -0.15830617E+001
  0.10105715E-250  0.13074396E+004  0.35775810E+001  0.24791434E+001
  0.15424590E-250  0.13065919E+004  0.38945821E+001 -0.20716123E+001
  0.15689669E-250  0.13065559E+004  0.29836145E+001  0.30263185E+001
  0.16935140E-250  0.13064011E+004  0.29305364E+001  0.39250278E+001
  0.16959827E-250  0.13063963E+004  0.41021104E+001 -0.16839655E+001
  0.17636947E-250  0.13063160E+004  0.30203820E+001  0.26488404E+001
  0.27617336E-250  0.13054172E+004  0.40020660E+001 -0.35663065E+000
  0.50721808E-250  0.13041994E+004  0.31199895E+001  0.18132120E+001
  0.11060875E-249  0.13026381E+004  0.32367542E+001  0.99551973E+000
  0.12805015E-249  0.13023433E+004  0.30128900E+001  0.27269322E+001
  0.17061478E-249  0.13017674E+004  0.29924494E+001  0.44427574E+001
  0.51657362E-249  0.12995499E+004  0.30759904E+001  0.21662875E+001
  0.70413116E-249  0.12989284E+004  0.29327347E+001  0.38969624E+001
  0.15626908E-248  0.12973321E+004  0.38628494E+001  0.74115514E+000
  0.26100397E-248  0.12963042E+004  0.40294816E+001 -0.22515102E+001
  0.13915287E-246  0.12883498E+004  0.32052117E+001  0.40563973E+001
  0.18235740E-246  0.12878071E+004  0.34145511E+001  0.32545873E+001
  0.36955543E-246  0.12863925E+004  0.32183015E+001  0.11311361E+001
  0.39250098E-246  0.12862700E+004  0.32175865E+001  0.40153507E+001
  0.44030901E-246  0.12860382E+004  0.30607342E+001  0.23104825E+001
  0.75307528E-246  0.12849629E+004  0.33658984E+001  0.22117376E+000
  0.12622171E-245  0.12839280E+004  0.30490114E+001  0.44048461E+001
  0.16836645E-245  0.12833498E+004  0.31117108E+001  0.18980933E+001
  0.23745097E-245  0.12826603E+004  0.39203701E+001  0.30202839E+000
  0.50742663E-245  0.12811395E+004  0.40074544E+001 -0.43994779E+000
  0.70045415E-245  0.12804928E+004  0.36004798E+001  0.23373917E+001
  0.89271134E-245  0.12800058E+004  0.37971356E+001  0.11725175E+001
  0.15568958E-244  0.12788915E+004  0.37666235E+001  0.13679176E+001
  0.31218759E-244  0.12774980E+004  0.37819208E+001  0.12691298E+001
  0.35927147E-244  0.12772151E+004  0.33815179E+001  0.13835171E+000
  0.50898580E-244  0.12765165E+004  0.31843602E+001  0.41088712E+001
  0.35159341E-243  0.12726493E+004  0.39244374E+001  0.25990383E+000
  0.78178625E-243  0.12710491E+004  0.32659905E+001  0.38382205E+001
  0.33262962E-242  0.12681511E+004  0.34404359E+001  0.31232433E+001
  0.34297511E-242  0.12680879E+004  0.40659453E+001 -0.21337914E+001
  0.38305119E-242  0.12678649E+004  0.39606756E+001 -0.21659554E+001
  0.51703753E-242  0.12672631E+004  0.36849151E+001  0.18547315E+001
  0.14965536E-241  0.12651355E+004  0.36884210E+001  0.18325834E+001
  0.29133107E-241  0.12638013E+004  0.40859679E+001 -0.19736075E+001
  0.37673454E-241  0.12632852E+004  0.29418690E+001  0.38569589E+001
  0.49476345E-241  0.12627382E+004  0.40512848E+001 -0.93532502E+000
  0.16837473E-240  0.12602868E+004  0.35148627E+001 -0.55522098E+000
  0.25220066E-240  0.12594768E+004  0.39583046E+001 -0.29158264E-001
  0.32684316E-240  0.12589563E+004  0.32457229E+001  0.97420161E+000
  0.43521041E-240  0.12583817E+004  0.36145294E+001  0.22445935E+001
  0.66721982E-240  0.12575251E+004  0.32645280E+001  0.85454163E+000
  0.84115811E-240  0.12570599E+004  0.34303227E+001 -0.11542007E+000
  0.87136993E-240  0.12569873E+004  0.40616503E+001 -0.21235876E+001
  0.88416139E-240  0.12569562E+004  0.31517001E+001  0.41803622E+001
  0.10559074E-239  0.12565993E+004  0.29955956E+001  0.43680538E+001
  0.23283885E-239  0.12550158E+004  0.40801632E+001 -0.13846881E+001
  0.31726619E-239  0.12543950E+004  0.31896234E+001  0.13550549E+001
  0.44411126E-239  0.12537204E+004  0.32026510E+001  0.12658026E+001
  0.53229643E-239  0.12533562E+004  0.32395719E+001  0.39145957E+001
  0.23947581E-238  0.12503466E+004  0.29445303E+001  0.39190053E+001
  0.34237211E-238  0.12496297E+004  0.40379029E+001 -0.21661611E+001
  0.69047736E-238  0.12482248E+004  0.32941959E+001  0.37165358E+001
  0.87876897E-238  0.12477406E+004  0.29577625E+001  0.42057396E+001
  0.24502864E-237  0.12456877E+004  0.37839478E+001  0.12290266E+001
  0.11235839E-236  0.12426400E+004  0.39304460E+001 -0.20859556E+001
  0.33579653E-236  0.12404484E+004  0.32165971E+001  0.11830323E+001
  0.59007852E-236  0.12393190E+004  0.36910867E+001 -0.13327587E+001
  0.64870919E-235  0.12345224E+004  0.40527483E+001 -0.21020692E+001
  0.75604340E-235  0.12342142E+004  0.39898644E+001 -0.21545943E+001
  0.13450494E-234  0.12330601E+004  0.39685971E+001 -0.21340765E+001
  0.66605378E-234  0.12298586E+004  0.37469166E+001 -0.15399030E+001
  0.68472304E-234  0.12298013E+004  0.31398169E+001  0.41826515E+001
  0.84452677E-234  0.12293799E+004  0.31130405E+001  0.42412553E+001
  0.84924370E-234  0.12293668E+004  0.31917623E+001  0.13633417E+001
  0.10406907E-233  0.12289582E+004  0.38478280E+001 -0.18714588E+001
  0.11542338E-233  0.12287492E+004  0.38326033E+001 -0.18264619E+001
  0.14964153E-233  0.12282280E+004  0.30157897E+001  0.28116668E+001
  0.50909965E-233  0.12257772E+004  0.39931071E+001 -0.21445146E+001
  0.57497158E-233  0.12255319E+004  0.34886902E+001  0.28647133E+001
  0.59030038E-233  0.12254773E+004  0.39633366E+001 -0.11328337E+000
  0.60278567E-233  0.12254335E+004  0.40760595E+001 -0.19190134E+001
  0.13445217E-232  0.12238271E+004  0.35206894E+001  0.27069874E+001
  0.33241151E-232  0.12220148E+004  0.30311781E+001  0.26659351E+001
  0.68505883E-232  0.12205666E+004  0.38776522E+001  0.56103246E+000
  0.11245946E-231  0.12195733E+004  0.39238133E+001 -0.20476782E+001
  0.18768878E-231  0.12185470E+004  0.32464088E+001  0.10046858E+001
  0.26092456E-231  0.12178861E+004  0.38138039E+001 -0.17585227E+001
  0.26451350E-231  0.12178568E+004  0.39109322E+001 -0.20195822E+001
  0.54855949E-231  0.12163961E+004  0.39991593E+001 -0.45344835E+000
  0.55555341E-231  0.12163688E+004  0.34011045E+001  0.32585906E+001
  0.11827080E-230  0.12148556E+004  0.39760420E+001 -0.23923051E+000
  0.24715631E-230  0.12133796E+004  0.34094808E+001  0.31946993E-001
  0.12512014E-229  0.12101340E+004  0.29754021E+001  0.42057842E+001
  0.18547942E-229  0.12093447E+004  0.35585851E+001  0.25038120E+001
  0.51076367E-229  0.12073168E+004  0.34411223E+001 -0.13502302E+000
  0.15645513E-228  0.12050760E+004  0.37960813E+001  0.11141261E+001
  0.23515121E-228  0.12042591E+004  0.30599853E+001  0.42911329E+001
  0.27492344E-228  0.12039446E+004  0.30975867E+001  0.20980006E+001
  0.32406117E-228  0.12036138E+004  0.37257393E+001  0.15596945E+001
  0.68233137E-228  0.12021227E+004  0.36609941E+001  0.19412334E+001
  0.11274799E-227  0.12011163E+004  0.39826408E+001 -0.31840030E+000
  0.12053874E-227  0.12009807E+004  0.31548309E+001  0.41166468E+001
  0.13153127E-227  0.12008042E+004  0.35138730E+001  0.27230122E+001
  0.36713158E-227  0.11987493E+004  0.37450316E+001  0.14364483E+001
  0.59551097E-227  0.11977799E+004  0.39143695E+001  0.25805815E+000
  0.78350442E-227  0.11972292E+004  0.34006645E+001  0.93503187E-001
  0.10076323E-226  0.11967241E+004  0.31518535E+001  0.16824498E+001
  0.44013928E-226  0.11937735E+004  0.40330068E+001 -0.20663038E+001
  0.78320787E-226  0.11926190E+004  0.36551345E+001 -0.11473997E+001
  0.27329147E-225  0.11901176E+004  0.37469298E+001 -0.15063543E+001
  0.29271075E-225  0.11899783E+004  0.40726569E+001 -0.16009738E+001
  0.51882296E-225  0.11888316E+004  0.39070681E+001  0.30544009E+000
  0.81845345E-225  0.11879180E+004  0.29684757E+001  0.35488252E+001
  0.67392114E-223  0.11790943E+004  0.34684117E+001 -0.25685007E+000
  0.15618098E-222  0.11774114E+004  0.40693109E+001 -0.16914875E+001
  0.16063281E-222  0.11773532E+004  0.40233508E+001 -0.77405156E+000
  0.19585654E-222  0.11769547E+004  0.36163197E+001 -0.96734911E+000
  0.21588755E-222  0.11767580E+004  0.34044751E+001  0.88638935E-001
  0.59192479E-222  0.11747388E+004  0.30604969E+001  0.24561041E+001
  0.16780783E-221  0.11726528E+004  0.29806955E+001  0.33743559E+001
  0.33672698E-221  0.11712580E+004  0.33490285E+001  0.34404785E+001
  0.38683757E-221  0.11709785E+004  0.30746726E+001  0.42326540E+001
  0.80051645E-221  0.11695221E+004  0.40673092E+001 -0.16663481E+001
  0.99051250E-221  0.11690942E+004  0.36891995E+001 -0.12680769E+001
  0.17661060E-220  0.11679356E+004  0.32397201E+001  0.10938689E+001
  0.22646267E-220  0.11674364E+004  0.38314368E+001  0.83962339E+000
  0.24871143E-220  0.11672470E+004  0.40431536E+001 -0.19716932E+001
  0.18613125E-219  0.11632196E+004  0.35464796E+001 -0.63460793E+000
  0.63783782E-219  0.11607544E+004  0.39297061E+001 -0.19904790E+001
  0.13183638E-218  0.11593003E+004  0.40495784E+001 -0.11741833E+001
  0.13237249E-218  0.11592902E+004  0.40418026E+001 -0.10521900E+001
  0.14720846E-218  0.11590758E+004  0.39823616E+001 -0.20432578E+001
  0.38460678E-218  0.11571531E+004  0.30045467E+001  0.41864912E+001
  0.41400601E-218  0.11570038E+004  0.29887633E+001  0.32933390E+001
  0.41444888E-218  0.11569998E+004  0.31126903E+001  0.20296724E+001
  0.10405655E-217  0.11551567E+004  0.38946353E+001 -0.19163779E+001
  0.13174420E-217  0.11546829E+004  0.39123271E+001  0.22572373E+000
  0.14977126E-217  0.11544244E+004  0.38260798E+001  0.86434366E+000
  0.18766178E-217  0.11539714E+004  0.36189393E+001  0.21384570E+001
  0.18968948E-217  0.11539479E+004  0.29784359E+001  0.34895944E+001
  0.46404545E-217  0.11521568E+004  0.39019231E+001 -0.19286061E+001
  0.12949384E-216  0.11501024E+004  0.35657978E+001  0.24198777E+001
  0.30352832E-216  0.11483967E+004  0.39320086E+001 -0.19791624E+001
  0.34006103E-216  0.11481675E+004  0.37819465E+001 -0.15917365E+001
  0.34454690E-216  0.11481393E+004  0.36203342E+001  0.21260663E+001
  0.40548739E-216  0.11478117E+004  0.40034058E+001 -0.20207106E+001
  0.60154986E-216  0.11470209E+004  0.40518784E+001 -0.12631607E+001
  0.61529075E-216  0.11469737E+004  0.39089306E+001  0.24392210E+000
  0.79606953E-216  0.11464566E+004  0.32147085E+001  0.12827633E+001
  0.84763879E-216  0.11463291E+004  0.33575374E+001  0.38046360E+000
  0.15689526E-215  0.11450958E+004  0.30642090E+001  0.42060658E+001
  0.16656453E-215  0.11449742E+004  0.32217042E+001  0.38743125E+001
  0.19395560E-215  0.11446677E+004  0.38022109E+001  0.10181002E+001
  0.34406664E-215  0.11435194E+004  0.29922672E+001  0.32796014E+001
  0.34752651E-215  0.11434974E+004  0.39264224E+001 -0.19642671E+001
  0.40605391E-215  0.11431842E+004  0.38856856E+001 -0.18833117E+001
  0.57465052E-215  0.11424877E+004  0.35222557E+001 -0.50050111E+000
  0.61239589E-215  0.11423585E+004  0.38527910E+001  0.66350705E+000
  0.77485279E-214  0.11372808E+004  0.31957809E+001  0.39435738E+001
  0.93288243E-214  0.11369076E+004  0.31590415E+001  0.40396884E+001
  0.29002767E-213  0.11346371E+004  0.35737999E+001  0.23656139E+001
  0.35345711E-213  0.11342396E+004  0.33960602E+001  0.32144225E+001
  0.50947667E-213  0.11335064E+004  0.36332415E+001  0.20425409E+001
  0.13371144E-212  0.11315747E+004  0.33845326E+001  0.32612798E+001
  0.14407159E-212  0.11314235E+004  0.34595484E+001 -0.17255738E+000
  0.18463701E-212  0.11309253E+004  0.30091455E+001  0.30755495E+001
  0.30715661E-212  0.11299055E+004  0.30257662E+001  0.28781293E+001
  0.31411613E-212  0.11298587E+004  0.36394382E+001 -0.10297736E+001
  0.81864144E-212  0.11279410E+004  0.39723303E+001 -0.19930962E+001
  0.26072830E-211  0.11256222E+004  0.29931199E+001  0.33235234E+001
  0.29013339E-211  0.11254065E+004  0.39436969E+001 -0.19660650E+001
  0.68651869E-211  0.11236820E+004  0.37167226E+001 -0.13369101E+001
  0.76492852E-211  0.11234637E+004  0.35840170E+001  0.23025923E+001
  0.83089966E-211  0.11232963E+004  0.30876473E+001  0.22826010E+001
  0.10807129E-210  0.11227686E+004  0.30772558E+001  0.41647986E+001
  0.10958130E-210  0.11227389E+004  0.39352072E+001 -0.19516750E+001
  0.14254680E-210  0.11222110E+004  0.29833678E+001  0.39288199E+001
  0.16714555E-210  0.11218906E+004  0.31091065E+001  0.41239661E+001
  0.26228305E-210  0.11209876E+004  0.29988371E+001  0.32461838E+001
  0.75143162E-210  0.11188805E+004  0.36673501E+001  0.18363595E+001
  0.79550552E-210  0.11187645E+004  0.30036559E+001  0.31809414E+001
  0.29392803E-209  0.11161487E+004  0.40056055E+001 -0.19592276E+001
  0.35993905E-208  0.11111364E+004  0.38738356E+001 -0.18209852E+001
  0.51756051E-208  0.11104080E+004  0.34942827E+001  0.27470390E+001
  0.68981438E-208  0.11098315E+004  0.30544456E+001  0.41554575E+001
  0.10280895E-207  0.11090315E+004  0.37548112E+001 -0.14632036E+001
  0.12595162E-207  0.11086235E+004  0.35989316E+001 -0.83454127E+000
  0.33948831E-207  0.11066384E+004  0.33244450E+001  0.61103880E+000
  0.74022570E-207  0.11050775E+004  0.33679661E+001  0.33081388E+001
  0.11472588E-206  0.11041992E+004  0.39191524E+001  0.11008047E+000
  0.49645879E-206  0.11012673E+004  0.33121669E+001  0.69075995E+000
  0.69211073E-206  0.11006008E+004  0.38777970E+001  0.43387801E+000
  0.12613623E-205  0.10993985E+004  0.39528768E+001 -0.19396332E+001
  0.18275534E-205  0.10986550E+004  0.32448706E+001  0.11240263E+001
  0.35755548E-205  0.10973107E+004  0.40438779E+001 -0.13379457E+001
  0.39954684E-205  0.10970867E+004  0.35194529E+001  0.26129608E+001
  0.59488508E-205  0.10962887E+004  0.30776683E+001  0.24098450E+001
  0.13715694E-204  0.10946160E+004  0.31595378E+001  0.39926218E+001
  0.20832363E-204  0.10937782E+004  0.37995539E+001  0.98764445E+000
  0.29624452E-204  0.10930720E+004  0.35718238E+001 -0.69776393E+000
  0.99994407E-204  0.10906370E+004  0.38757829E+001  0.43813888E+000
  0.30474780E-203  0.10884063E+004  0.30843788E+001  0.41102396E+001
  0.17722641E-202  0.10848833E+004  0.38671124E+001 -0.17763254E+001
  0.23925614E-202  0.10842812E+004  0.30453681E+001  0.41077456E+001
  0.34837516E-202  0.10835277E+004  0.32096290E+001  0.13799306E+001
  0.39121902E-202  0.10832938E+004  0.32985795E+001  0.79115750E+000
  0.54559231E-202  0.10826266E+004  0.30992031E+001  0.22362206E+001
  0.12142041E-201  0.10810247E+004  0.30129745E+001  0.40249262E+001
  0.22180525E-201  0.10798177E+004  0.39677839E+001 -0.19172722E+001
  0.42912657E-201  0.10784958E+004  0.30366170E+001  0.28566839E+001
  0.44442498E-201  0.10784238E+004  0.35856964E+001  0.22566605E+001
  0.50195148E-201  0.10781784E+004  0.36260697E+001  0.20365307E+001
  0.59127040E-201  0.10778489E+004  0.40353836E+001 -0.17101407E+001
  0.97380661E-201  0.10768491E+004  0.35083993E+001  0.26508947E+001
  0.11143794E-200  0.10765775E+004  0.40192936E+001 -0.95660446E+000
  0.14534360E-200  0.10760443E+004  0.35019953E+001 -0.34580081E+000
  0.17922911E-200  0.10756232E+004  0.39051951E+001  0.18930807E+000
  0.19901068E-200  0.10754118E+004  0.36428964E+001  0.19397159E+001
  0.23933226E-200  0.10750409E+004  0.35771526E+001 -0.70753680E+000
  0.14416738E-199  0.10714475E+004  0.29940470E+001  0.37501221E+001
  0.58290737E-199  0.10686515E+004  0.30663730E+001  0.40884530E+001
  0.62948756E-199  0.10684958E+004  0.32449823E+001  0.11522285E+001
  0.63288986E-199  0.10684830E+004  0.34770767E+001  0.27948540E+001
  0.10550080E-198  0.10674591E+004  0.35453605E+001 -0.55169736E+000
  0.14496427E-198  0.10668216E+004  0.37630373E+001 -0.14526975E+001
  0.23896284E-198  0.10658200E+004  0.37299008E+001  0.14141305E+001
  0.38695761E-198  0.10648540E+004  0.37323899E+001 -0.13428749E+001
  0.51980147E-198  0.10642618E+004  0.33380980E+001  0.56582615E+000
  0.90703428E-198  0.10631464E+004  0.34781597E+001  0.27852858E+001
  0.29940680E-197  0.10607560E+004  0.36712414E+001 -0.11037773E+001
  0.39502864E-197  0.10601998E+004  0.33250932E+001  0.64810450E+000
  0.50885203E-197  0.10596914E+004  0.32408873E+001  0.37322925E+001
  0.53518641E-197  0.10595885E+004  0.33710467E+001  0.32564995E+001
  0.63977837E-197  0.10592296E+004  0.40360874E+001 -0.14136000E+001
  0.14120384E-196  0.10576443E+004  0.37239641E+001  0.14436446E+001
  0.16863572E-196  0.10572873E+004  0.39335867E+001 -0.18621277E+001
  0.18013350E-196  0.10571534E+004  0.40327127E+001 -0.12924560E+001
  0.28964747E-196  0.10562015E+004  0.30036191E+001  0.34131919E+001
  0.32625947E-196  0.10559615E+004  0.33284768E+001  0.34222411E+001
  0.35326921E-196  0.10558005E+004  0.37813247E+001  0.10733030E+001
  0.86772302E-196  0.10540012E+004  0.36640836E+001 -0.10687337E+001
  0.88706613E-196  0.10539552E+004  0.30224865E+001  0.30921074E+001
  0.12162657E-195  0.10533220E+004  0.34658209E+001  0.28350587E+001
  0.18864918E-195  0.10524422E+004  0.30510553E+001  0.27468352E+001
  0.22846370E-195  0.10520572E+004  0.30096197E+001  0.39047471E+001
  0.30456895E-195  0.10514803E+004  0.31440436E+001  0.39760150E+001
  0.37567868E-195  0.10510586E+004  0.38034541E+001 -0.15676486E+001
  0.39055178E-195  0.10509790E+004  0.33784413E+001  0.34040578E+000
  0.70359849E-195  0.10497998E+004  0.30344377E+001  0.40196343E+001
  0.78128796E-195  0.10495884E+004  0.39022634E+001 -0.18077953E+001
  0.82223055E-195  0.10494842E+004  0.37995563E+001 -0.15541958E+001
  0.82694005E-195  0.10494709E+004  0.31033571E+001  0.22453782E+001
  0.96726729E-195  0.10491554E+004  0.40320349E+001 -0.13390898E+001
  0.15941225E-194  0.10481543E+004  0.32152566E+001  0.37978731E+001
  0.22626896E-194  0.10474519E+004  0.31064591E+001  0.40305290E+001
  0.55169115E-194  0.10456674E+004  0.34974440E+001 -0.29753984E+000
  0.89677137E-194  0.10446938E+004  0.34321397E+001  0.45682386E-001
  0.96985797E-194  0.10445352E+004  0.39641205E+001 -0.38019697E+000
  0.10279818E-193  0.10444168E+004  0.30635072E+001  0.40468471E+001
  0.12321995E-193  0.10440524E+004  0.34997686E+001 -0.30792596E+000
  0.18150934E-193  0.10432758E+004  0.40276603E+001 -0.12435669E+001
  0.21003622E-193  0.10429819E+004  0.30017882E+001  0.36242459E+001
  0.76862117E-193  0.10403853E+004  0.30509305E+001  0.40295439E+001
  0.96684497E-193  0.10399245E+004  0.30128025E+001  0.38830668E+001
  0.37689686E-192  0.10372015E+004  0.36610028E+001  0.18029469E+001
  0.12873363E-191  0.10347428E+004  0.36985166E+001 -0.11885900E+001
  0.14956251E-191  0.10344409E+004  0.34525424E+001  0.28805070E+001
  0.29401206E-191  0.10330872E+004  0.33266877E+001  0.34084011E+001
  0.30506975E-191  0.10330114E+004  0.36253572E+001 -0.88749014E+000
  0.31394991E-191  0.10329521E+004  0.39634361E+001 -0.18394200E+001
  0.70549742E-191  0.10313308E+004  0.40275939E+001 -0.15177353E+001
  0.18416957E-189  0.10248046E+004  0.31928726E+001  0.15619460E+001
  0.18895816E-189  0.10247513E+004  0.38775603E+001 -0.17305156E+001
  0.20795463E-189  0.10245577E+004  0.40158163E+001 -0.10768778E+001
  0.84223878E-189  0.10217583E+004  0.30507831E+001  0.39911227E+001
  0.10705672E-188  0.10212766E+004  0.31289097E+001  0.39646231E+001
  0.12170022E-188  0.10210182E+004  0.37819575E+001  0.10348492E+001
  0.17041072E-188  0.10203430E+004  0.37487764E+001  0.12521581E+001
  0.17596498E-188  0.10202769E+004  0.38485024E+001 -0.16594152E+001
  0.22743456E-188  0.10197618E+004  0.39985394E+001 -0.17573770E+001
  0.87899665E-188  0.10170560E+004  0.35895056E+001 -0.71495525E+000
  0.89062359E-188  0.10170277E+004  0.31347695E+001  0.39497070E+001
  0.92747498E-188  0.10169447E+004  0.39083711E+001 -0.17751148E+001
  0.10320434E-187  0.10167291E+004  0.32665451E+001  0.36072811E+001
  0.12082321E-187  0.10164119E+004  0.32600488E+001  0.36283071E+001
  0.18142850E-187  0.10155969E+004  0.34512455E+001  0.28703076E+001
  0.19073912E-187  0.10154948E+004  0.31394482E+001  0.39398219E+001
  0.37460385E-187  0.10141430E+004  0.36660454E+001 -0.10415420E+001
  0.61515527E-187  0.10131490E+004  0.39169572E+001  0.90082628E-002
  0.16238675E-186  0.10112057E+004  0.31842086E+001  0.38405723E+001
  0.21953379E-186  0.10106007E+004  0.31329602E+001  0.39442339E+001
  0.22713745E-186  0.10105306E+004  0.34348327E+001  0.29401931E+001
  0.25247616E-186  0.10103171E+004  0.33883006E+001  0.31957801E+000
  0.25272284E-186  0.10103132E+004  0.34776392E+001 -0.16618874E+000
  0.54238478E-186  0.10087839E+004  0.38780523E+001 -0.17121141E+001
  0.78401666E-186  0.10080451E+004  0.30566817E+001  0.27729519E+001
  0.10104511E-185  0.10075357E+004  0.31079737E+001  0.22643673E+001
  0.33992725E-185  0.10051074E+004  0.37055845E+001  0.15086612E+001
  0.95256369E-185  0.10030446E+004  0.39828115E+001 -0.66370252E+000
  0.10067815E-184  0.10029319E+004  0.31555043E+001  0.18717400E+001
  0.17068837E-184  0.10018741E+004  0.32064592E+001  0.14883390E+001
  0.25779373E-184  0.10010475E+004  0.30255385E+001  0.32186131E+001
  0.99099886E-184  0.99835248E+003  0.39320666E+001 -0.17744682E+001
  0.13043388E-183  0.99780105E+003  0.39937665E+001 -0.81736524E+000
  0.13319436E-183  0.99775721E+003  0.33448965E+001  0.33060470E+001
  0.16176549E-183  0.99736658E+003  0.39496701E+001 -0.31678306E+000
  0.16967453E-183  0.99726916E+003  0.30357102E+001  0.30665227E+001
  0.17899296E-183  0.99716028E+003  0.34631056E+001 -0.79001067E-001
  0.19591716E-183  0.99697764E+003  0.34959017E+001  0.26442926E+001
  0.23348956E-183  0.99662480E+003  0.35740801E+001  0.22487786E+001
  0.24957685E-183  0.99648958E+003  0.32315176E+001  0.13167536E+001
  0.26300871E-183  0.99638279E+003  0.30274386E+001  0.38308403E+001
  0.76690340E-183  0.99424049E+003  0.30255835E+001  0.32467504E+001
  0.77909039E-183  0.99420701E+003  0.38023452E+001 -0.15058525E+001
  0.12514145E-182  0.99325725E+003  0.39064313E+001  0.71961573E-001
  0.13035387E-182  0.99317368E+003  0.38812491E+001  0.27998342E+000
  0.17599158E-182  0.99257136E+003  0.37629011E+001 -0.13804366E+001
  0.29697801E-182  0.99152297E+003  0.34775325E+001 -0.14939858E+000
  0.34527557E-182  0.99121965E+003  0.34582877E+001  0.28168401E+001
  0.40708473E-182  0.99088834E+003  0.34868705E+001 -0.19694061E+000
  0.41971684E-182  0.99082527E+003  0.34849171E+001  0.26916626E+001
  0.45355567E-182  0.99066824E+003  0.39557567E+001 -0.38985133E+000
  0.57736034E-182  0.99018359E+003  0.36918235E+001 -0.11219901E+001
  0.64017620E-182  0.98997508E+003  0.33466261E+001  0.58173982E+000
  0.77080578E-182  0.98960175E+003  0.38771117E+001  0.30854549E+000
  0.77454766E-182  0.98959011E+003  0.39911438E+001 -0.17027585E+001
  0.82750511E-182  0.98945588E+003  0.37162625E+001  0.14282063E+001
  0.94229747E-182  0.98919412E+003  0.39393210E+001 -0.22995701E+000
  0.10118162E-181  0.98904980E+003  0.30309996E+001  0.38296674E+001
  0.13414993E-181  0.98848377E+003  0.30190283E+001  0.36566578E+001
  0.43033720E-181  0.98615060E+003  0.36027811E+001 -0.74758684E+000
  0.81234557E-181  0.98487793E+003  0.30285047E+001  0.32315140E+001
  0.97354537E-181  0.98451394E+003  0.31072299E+001  0.23055429E+001
  0.11540181E-180  0.98417187E+003  0.30397206E+001  0.38646821E+001
  0.24643857E-180  0.98265253E+003  0.35287518E+001  0.24701009E+001
  0.56761936E-180  0.98098190E+003  0.31607869E+001  0.38565055E+001
  0.58241112E-180  0.98092850E+003  0.35567170E+001  0.23259444E+001
  0.13989693E-179  0.97917392E+003  0.36062077E+001  0.20606204E+001
  0.18330169E-179  0.97863151E+003  0.30586848E+001  0.39107415E+001
  0.22177049E-179  0.97824854E+003  0.32919125E+001  0.93217161E+000
  0.27768750E-179  0.97779688E+003  0.32266030E+001  0.36911114E+001
  0.33037919E-179  0.97744744E+003  0.35369353E+001 -0.43446864E+000
  0.36719026E-179  0.97723421E+003  0.39526178E+001 -0.17433085E+001
  0.45647309E-179  0.97679696E+003  0.34569369E+001 -0.28617730E-001
  0.50657131E-179  0.97658673E+003  0.38830858E+001  0.24391697E+000
  0.14471294E-178  0.97448544E+003  0.35889521E+001  0.21501164E+001
  0.17350215E-178  0.97412061E+003  0.39617039E+001 -0.48421174E+000
  0.27236469E-178  0.97321675E+003  0.37264296E+001  0.13490798E+001
  0.33225307E-178  0.97281729E+003  0.34545131E+001  0.28180354E+001
  0.58831772E-178  0.97167260E+003  0.39345443E+001 -0.17334179E+001
  0.81654477E-178  0.97101502E+003  0.34652657E+001  0.27668187E+001
  0.89523846E-178  0.97082905E+003  0.38109640E+001  0.78251280E+000
  0.10760059E-177  0.97045925E+003  0.30618878E+001  0.38984633E+001
  0.13285965E-177  0.97003557E+003  0.35678446E+001 -0.57451353E+000
  0.23365258E-177  0.96890453E+003  0.38215313E+001  0.70477088E+000
  0.31833729E-177  0.96828403E+003  0.37984322E+001  0.86780697E+000
  0.49691809E-177  0.96739145E+003  0.32322082E+001  0.36637234E+001
  0.22287511E-176  0.96438795E+003  0.32118558E+001  0.37171937E+001
  0.55665309E-176  0.96255534E+003  0.37980588E+001 -0.14595659E+001
  0.10293438E-175  0.96132392E+003  0.30275382E+001  0.34081959E+001
  0.11489065E-175  0.96110219E+003  0.33708429E+001  0.31691617E+001
  0.18385437E-175  0.96015991E+003  0.40071048E+001 -0.13376911E+001
  0.34938241E-175  0.95887391E+003  0.37273346E+001 -0.12245472E+001
  0.44965464E-175  0.95836733E+003  0.30279729E+001  0.34255894E+001
  0.47109884E-175  0.95827220E+003  0.39355517E+001 -0.17112659E+001
  0.12719378E-174  0.95628379E+003  0.30311289E+001  0.33304804E+001
  0.15195640E-174  0.95592608E+003  0.30350445E+001  0.37220628E+001
  0.18580244E-174  0.95552195E+003  0.30884011E+001  0.25350242E+001
  0.55518195E-174  0.95333077E+003  0.39720867E+001 -0.16678912E+001
  0.59589345E-174  0.95318728E+003  0.36206005E+001  0.19577341E+001
  0.60512171E-174  0.95315460E+003  0.31779941E+001  0.37862484E+001
  0.64594868E-174  0.95302206E+003  0.38396949E+001  0.55293808E+000
  0.81013271E-174  0.95256716E+003  0.33669702E+001  0.49560648E+000
  0.47498121E-173  0.94902788E+003  0.36038346E+001 -0.71910673E+000
  0.56230663E-173  0.94868838E+003  0.30308325E+001  0.34170903E+001
  0.12235513E-172  0.94713150E+003  0.32531084E+001  0.35794250E+001
  0.12422733E-172  0.94709918E+003  0.40021140E+001 -0.13968875E+001
  0.13111226E-172  0.94698934E+003  0.39971296E+001 -0.15016445E+001
  0.21983908E-172  0.94595371E+003  0.30692650E+001  0.27630764E+001
  0.32555593E-172  0.94516648E+003  0.36238375E+001  0.19323324E+001
  0.56760231E-172  0.94405275E+003  0.31420002E+001  0.38401213E+001
  0.70844668E-172  0.94360749E+003  0.39560366E+001 -0.48449345E+000
  0.11078192E-171  0.94271139E+003  0.34999126E+001  0.25772016E+001
  0.11672144E-171  0.94260499E+003  0.34277490E+001  0.15939243E+000
  0.13617307E-171  0.94229476E+003  0.36201768E+001  0.19501748E+001
  0.34767046E-171  0.94041815E+003  0.30353114E+001  0.36273525E+001
  0.40794180E-171  0.94009646E+003  0.34182955E+001  0.21385540E+000
  0.46689605E-171  0.93982455E+003  0.39525529E+001 -0.45400203E+000
  0.47649685E-171  0.93978188E+003  0.33700464E+001  0.48949647E+000
  0.54941811E-171  0.93949514E+003  0.34389749E+001  0.10098117E+000
  0.10636185E-170  0.93817204E+003  0.36640786E+001  0.16950344E+001
  0.13890678E-170  0.93763617E+003  0.37743650E+001 -0.13611011E+001
  0.15161829E-170  0.93745910E+003  0.32320482E+001  0.36314751E+001
  0.19298370E-170  0.93697466E+003  0.35599071E+001  0.22703785E+001
  0.24423730E-170  0.93650164E+003  0.39739309E+001 -0.71790616E+000
  0.32576557E-170  0.93592362E+003  0.39458964E+001 -0.39041440E+000
  0.53391887E-170  0.93493353E+003  0.36772813E+001 -0.10134166E+001
  0.22650059E-169  0.93204140E+003  0.39331506E+001 -0.26746318E+000
  0.24402261E-169  0.93189042E+003  0.37559880E+001 -0.12959827E+001
  0.57752286E-169  0.93016550E+003  0.31499097E+001  0.20124813E+001
  0.59504099E-169  0.93010378E+003  0.31660714E+001  0.18802895E+001
  0.87634650E-169  0.92932757E+003  0.39599962E+001 -0.56129525E+000
  0.19005851E-168  0.92777730E+003  0.31493816E+001  0.38063646E+001
  0.19288107E-168  0.92774587E+003  0.37425097E+001 -0.12464865E+001
  0.26565208E-168  0.92710369E+003  0.34940869E+001  0.25913297E+001
  0.38239792E-168  0.92637319E+003  0.31920983E+001  0.37218492E+001
  0.40233933E-168  0.92626957E+003  0.30438711E+001  0.36701414E+001
  0.42172787E-168  0.92617348E+003  0.37515398E+001  0.11405512E+001
  0.47222875E-168  0.92594533E+003  0.39932642E+001 -0.11027093E+001
  0.70959659E-168  0.92512891E+003  0.34318880E+001  0.15266967E+000
  0.91355619E-168  0.92462166E+003  0.30430615E+001  0.36505691E+001
  0.11243584E-167  0.92420446E+003  0.31093569E+001  0.23832556E+001
  0.22817517E-167  0.92278705E+003  0.30391167E+001  0.33660690E+001
  0.24540907E-167  0.92263947E+003  0.39488647E+001 -0.16390000E+001
  0.24616423E-167  0.92263137E+003  0.39954237E+001 -0.12973779E+001
  0.33797713E-167  0.92199546E+003  0.31891074E+001  0.17100806E+001
  0.35389875E-167  0.92190144E+003  0.32252754E+001  0.36328698E+001
  0.42646950E-167  0.92152643E+003  0.39047340E+001 -0.17850826E-001
  0.10780521E-166  0.91966974E+003  0.39483433E+001 -0.44979947E+000
  0.11455962E-166  0.91954625E+003  0.39426210E+001 -0.38813220E+000
  0.20877767E-166  0.91834395E+003  0.36630289E+001 -0.94094546E+000
  0.25133226E-166  0.91797098E+003  0.39046435E+001 -0.16279369E+001
  0.32300497E-166  0.91746725E+003  0.30415525E+001  0.35682847E+001
  0.32376371E-166  0.91746060E+003  0.38543513E+001  0.39685349E+000
  0.39391668E-166  0.91706640E+003  0.30669573E+001  0.28635690E+001
  0.13272110E-165  0.91463506E+003  0.39929364E+001 -0.12445286E+001
  0.23699620E-165  0.91347352E+003  0.30423867E+001  0.33365580E+001
  0.46106332E-165  0.91214058E+003  0.39219665E+001 -0.16288149E+001
  0.88132730E-165  0.91084284E+003  0.30777733E+001  0.27442493E+001
  0.13398229E-164  0.91000316E+003  0.36285978E+001  0.18729869E+001
  0.15843529E-164  0.90966593E+003  0.38111072E+001  0.71257477E+000
  0.20027434E-164  0.90919530E+003  0.31319040E+001  0.38007843E+001
  0.21177598E-164  0.90908166E+003  0.34011836E+001  0.29951237E+001
  0.32154274E-164  0.90824451E+003  0.30586625E+001  0.37154977E+001
  0.57931293E-164  0.90706513E+003  0.30608115E+001  0.29800648E+001
  0.57942061E-164  0.90706281E+003  0.38927524E+001 -0.15986858E+001
  0.84746825E-164  0.90630040E+003  0.33655174E+001  0.54806054E+000
  0.13256797E-163  0.90540360E+003  0.36068960E+001 -0.69256502E+000
  0.19670656E-163  0.90461241E+003  0.38758164E+001 -0.15715521E+001
  0.21652807E-163  0.90441844E+003  0.32577641E+001  0.12344870E+001
  0.27954686E-163  0.90390559E+003  0.35397929E+001  0.23439334E+001
  0.42016773E-163  0.90308867E+003  0.39071332E+001 -0.68832994E-001
  0.48737879E-163  0.90278994E+003  0.34575020E+001  0.35115633E-001
  0.54797779E-163  0.90255361E+003  0.35025664E+001  0.25279652E+001
  0.64853555E-163  0.90221469E+003  0.39888556E+001 -0.12032700E+001
  0.14655500E-162  0.90058220E+003  0.37449844E+001  0.11568780E+001
  0.15929658E-162  0.90041351E+003  0.31042006E+001  0.37968807E+001
  0.20146218E-162  0.89994189E+003  0.39719615E+001 -0.15139360E+001
  0.35038059E-162  0.89883310E+003  0.39539870E+001 -0.15766832E+001
  0.39532027E-162  0.89858980E+003  0.31277121E+001  0.22537458E+001
  0.51196855E-162  0.89807071E+003  0.36596768E+001  0.16826839E+001
  0.60808518E-162  0.89772466E+003  0.39258433E+001 -0.25719332E+000
  0.83215059E-162  0.89709531E+003  0.31217209E+001  0.37885461E+001
  0.15221975E-161  0.89588556E+003  0.39410930E+001 -0.15908465E+001
  0.23491681E-161  0.89501580E+003  0.34554353E+001  0.27433461E+001
  0.56121603E-161  0.89327210E+003  0.36335956E+001  0.18288285E+001
  0.77180034E-161  0.89263291E+003  0.34599925E+001  0.31307988E-001
  0.12583868E-160  0.89165323E+003  0.30511473E+001  0.35588800E+001
  0.12613676E-160  0.89164655E+003  0.39855851E+001 -0.11989456E+001
  0.13948712E-160  0.89144339E+003  0.30667637E+001  0.29427748E+001
  0.45878730E-160  0.88906021E+003  0.39475107E+001 -0.15662516E+001
  0.82826917E-160  0.88787675E+003  0.38260247E+001 -0.14488723E+001
  0.98937401E-160  0.88751933E+003  0.39320895E+001 -0.34102304E+000
  0.14083986E-159  0.88681110E+003  0.30795947E+001  0.37354848E+001
  0.15986535E-159  0.88655574E+003  0.34901324E+001  0.25731899E+001
  0.17666010E-159  0.88635399E+003  0.36430896E+001  0.17678419E+001
  0.19385807E-159  0.88616624E+003  0.33660876E+001  0.56425276E+000
  0.20574790E-159  0.88604524E+003  0.37890072E+001  0.84283040E+000
  0.67908224E-159  0.88365511E+003  0.39433646E+001 -0.47309194E+000
  0.76122501E-159  0.88342478E+003  0.37540024E+001  0.10791114E+001
  0.76275849E-159  0.88341880E+003  0.32704418E+001  0.34567561E+001
  0.85536504E-159  0.88318768E+003  0.35802987E+001 -0.55287182E+000
  0.96235617E-159  0.88295001E+003  0.30784365E+001  0.28071148E+001
  0.15235435E-158  0.88202924E+003  0.34835200E+001  0.26004828E+001
  0.19065014E-158  0.88157883E+003  0.31026729E+001  0.37592469E+001
  0.69334745E-158  0.87899469E+003  0.39806200E+001 -0.11136835E+001
  0.10725823E-157  0.87812015E+003  0.31728890E+001  0.18954106E+001
  0.14328591E-157  0.87753900E+003  0.30662584E+001  0.36494961E+001
  0.19035280E-157  0.87696897E+003  0.39808217E+001 -0.12348712E+001
  0.24238556E-157  0.87648372E+003  0.39788753E+001 -0.13146201E+001
  0.29989144E-157  0.87605598E+003  0.36783046E+001 -0.96011390E+000
  0.43388025E-157  0.87531534E+003  0.30846753E+001  0.37187169E+001
  0.48206793E-157  0.87510275E+003  0.39803505E+001 -0.12059425E+001
  0.61300368E-157  0.87462023E+003  0.30648147E+001  0.30364369E+001
  0.87119937E-157  0.87391527E+003  0.30538713E+001  0.33400872E+001
  0.88904951E-157  0.87387276E+003  0.32243423E+001  0.15054450E+001
  0.12087361E-156  0.87325645E+003  0.37271613E+001 -0.11371891E+001
  0.25292741E-156  0.87177778E+003  0.39659717E+001 -0.14467553E+001
  0.58696164E-156  0.87009212E+003  0.33526969E+001  0.31533882E+001
  0.10622227E-155  0.86890385E+003  0.30553770E+001  0.33442360E+001
  0.15237968E-155  0.86818021E+003  0.39491469E+001 -0.15099471E+001
  0.21371188E-155  0.86750175E+003  0.32213906E+001  0.15348140E+001
  0.22488876E-155  0.86739785E+003  0.30564040E+001  0.33006993E+001
  0.23212378E-155  0.86733256E+003  0.39772072E+001 -0.11150806E+001
  0.47373290E-155  0.86590387E+003  0.39603969E+001 -0.14588149E+001
  0.60681403E-155  0.86540676E+003  0.38893004E+001  0.31796444E-001
  0.73596740E-155  0.86501888E+003  0.32748488E+001  0.34225926E+001
  0.11433830E-154  0.86413580E+003  0.35834126E+001  0.20787061E+001
  0.16136431E-154  0.86344485E+003  0.31960717E+001  0.17311605E+001
  0.37425425E-154  0.86176035E+003  0.31387454E+001  0.22133128E+001
  0.55042810E-154  0.86098688E+003  0.30593803E+001  0.32490798E+001
  0.78411828E-154  0.86027720E+003  0.32106094E+001  0.35963562E+001
  0.97034114E-154  0.85984907E+003  0.30584749E+001  0.33154726E+001
  0.10911071E-153  0.85961252E+003  0.39609264E+001 -0.77487452E+000
  0.11758575E-153  0.85946096E+003  0.39079249E+001 -0.15103103E+000
  0.15299665E-153  0.85893251E+003  0.32933273E+001  0.33558204E+001
  0.17742693E-153  0.85863427E+003  0.31084339E+001  0.37160108E+001
  0.20765338E-153  0.85831769E+003  0.39723452E+001 -0.12995916E+001
  0.50742804E-153  0.85652877E+003  0.35621278E+001  0.21843859E+001
  0.55046448E-153  0.85636401E+003  0.32716860E+001  0.34228957E+001
  0.14246576E-152  0.85446020E+003  0.32177710E+001  0.15777583E+001
  0.14970686E-152  0.85435910E+003  0.39296710E+001 -0.15133069E+001
  0.18476636E-152  0.85393632E+003  0.38867531E+001 -0.15094736E+001
  0.22844554E-152  0.85350996E+003  0.38566010E+001  0.29259415E+000
  0.41662141E-152  0.85230624E+003  0.36548854E+001  0.16659371E+001
  0.54039124E-152  0.85178406E+003  0.37273758E+001  0.12196197E+001
  0.54909883E-152  0.85175014E+003  0.38319029E+001 -0.14164131E+001
  0.56063257E-152  0.85170661E+003  0.39517992E+001 -0.66456031E+000
  0.67919100E-152  0.85132099E+003  0.30711396E+001  0.30242649E+001
  0.84138394E-152  0.85089074E+003  0.38003775E+001 -0.13386772E+001
  0.23174926E-151  0.84886240E+003  0.39458640E+001 -0.59231795E+000
  0.28180991E-151  0.84846930E+003  0.30821657E+001  0.36334502E+001
  0.36785142E-151  0.84793445E+003  0.34376702E+001  0.19376635E+000
  0.43593411E-151  0.84759288E+003  0.38354475E+001  0.45307613E+000
  0.89206349E-151  0.84615883E+003  0.35694079E+001  0.21361683E+001
  0.96176062E-151  0.84600642E+003  0.39274065E+001 -0.37850662E+000
  0.10594093E-150  0.84581107E+003  0.38999404E+001 -0.15049078E+001
  0.20960927E-150  0.84444439E+003  0.38006390E+001  0.71065865E+000
  0.47970005E-150  0.84278661E+003  0.31921677E+001  0.36135410E+001
  0.73331704E-150  0.84193582E+003  0.32671589E+001  0.34204849E+001
  0.88967034E-150  0.84154732E+003  0.36506823E+001 -0.81608176E+000
  0.11454468E-149  0.84103997E+003  0.39504115E+001 -0.67937682E+000
  0.12165177E-149  0.84091762E+003  0.33801229E+001  0.30159407E+001
  0.13822894E-149  0.84066018E+003  0.36451489E+001 -0.79264167E+000
  0.26127889E-149  0.83938487E+003  0.35529254E+001 -0.38442055E+000
  0.39773609E-149  0.83854252E+003  0.33754349E+001  0.30323812E+001
  0.80971940E-149  0.83711877E+003  0.37378552E+001 -0.11347444E+001
  0.10727409E-148  0.83655424E+003  0.30781876E+001  0.29634309E+001
  0.11352078E-148  0.83643910E+003  0.35117526E+001  0.24210108E+001
  0.16060059E-148  0.83574327E+003  0.32168313E+001  0.35502737E+001
  0.24677626E-148  0.83488220E+003  0.37691821E+001 -0.12314067E+001
  0.25501849E-148  0.83481454E+003  0.37204075E+001  0.12462169E+001
  0.40517342E-148  0.83388663E+003  0.31441067E+001  0.36676342E+001
  0.56710903E-148  0.83321220E+003  0.39614437E+001 -0.13023471E+001
  0.81863949E-148  0.83247607E+003  0.36355859E+001 -0.74499896E+000
  0.20764555E-147  0.83061257E+003  0.39086102E+001 -0.21231431E+000
  0.39245786E-147  0.82933742E+003  0.34012745E+001  0.41540937E+000
  0.50315396E-147  0.82883853E+003  0.30735933E+001  0.30926803E+001
  0.11246779E-146  0.82722787E+003  0.35734044E+001  0.20966642E+001
  0.36067690E-146  0.82489529E+003  0.39595210E+001 -0.12752626E+001
  0.11136363E-145  0.82263853E+003  0.39588165E+001 -0.12705150E+001
  0.19796754E-145  0.82148597E+003  0.32126268E+001  0.35413746E+001
  0.20416365E-145  0.82142238E+003  0.38027075E+001  0.66687623E+000
  0.25331559E-145  0.82098900E+003  0.32438129E+001  0.34629543E+001
  0.32689248E-145  0.82047706E+003  0.39114302E+001 -0.14557709E+001
  0.52979720E-145  0.81950938E+003  0.30839011E+001  0.29370131E+001
  0.75182684E-145  0.81880741E+003  0.37287821E+001 -0.10840750E+001
  0.96248162E-145  0.81831144E+003  0.39376219E+001 -0.14043478E+001
  0.13222646E-144  0.81767431E+003  0.39010659E+001 -0.16210372E+000
  0.22752377E-144  0.81658688E+003  0.30782259E+001  0.34698065E+001
  0.35069259E-144  0.81571962E+003  0.34431008E+001  0.19568680E+000
  0.40818281E-144  0.81541406E+003  0.39462289E+001 -0.13546897E+001
  0.44433802E-144  0.81524236E+003  0.30804158E+001  0.30215754E+001
  0.61095141E-144  0.81460355E+003  0.34789198E+001  0.63710284E-002
  0.63546722E-144  0.81452291E+003  0.33736601E+001  0.59130202E+000
  0.65828125E-144  0.81445041E+003  0.35956646E+001  0.19640240E+001
  0.82795498E-144  0.81398981E+003  0.38265520E+001 -0.13542829E+001
  0.10662059E-143  0.81348205E+003  0.32377105E+001  0.34698691E+001
  0.15704894E-143  0.81270554E+003  0.38265441E+001 -0.13525112E+001
  0.19258323E-143  0.81229564E+003  0.30884644E+001  0.35388143E+001
  0.21218851E-143  0.81209980E+003  0.33435807E+001  0.31280921E+001
  0.21530871E-143  0.81206865E+003  0.30873573E+001  0.35309314E+001
  0.23564359E-143  0.81188620E+003  0.30803066E+001  0.30427295E+001
  0.24883342E-143  0.81177532E+003  0.36251358E+001 -0.68043242E+000
  0.41040308E-143  0.81077266E+003  0.30839029E+001  0.34989899E+001
  0.45524114E-143  0.81056333E+003  0.35947214E+001  0.19653205E+001
  0.71046173E-143  0.80967120E+003  0.31568154E+001  0.36163368E+001
  0.73178923E-143  0.80961010E+003  0.39346875E+001 -0.55960948E+000
  0.75219881E-143  0.80955313E+003  0.30835643E+001  0.29882411E+001
  0.86808228E-143  0.80926460E+003  0.33566399E+001  0.69894800E+000
  0.10674412E-142  0.80884919E+003  0.36047491E+001 -0.58998224E+000
  0.10932603E-142  0.80879943E+003  0.33009402E+001  0.32751453E+001
  0.17586757E-142  0.80784669E+003  0.32632353E+001  0.33922331E+001
  0.17653032E-142  0.80783721E+003  0.37836019E+001 -0.12406212E+001
  0.36578086E-142  0.80637818E+003  0.31046249E+001  0.26839079E+001
  0.44628372E-142  0.80597838E+003  0.37027278E+001 -0.97890483E+000
  0.45352527E-142  0.80594424E+003  0.38108093E+001  0.58653846E+000
  0.58866988E-142  0.80542066E+003  0.34819960E+001  0.25342757E+001
  0.14928331E-141  0.80355758E+003  0.33718472E+001  0.61345382E+000
  0.22723571E-141  0.80271534E+003  0.32027877E+001  0.17611662E+001
  0.30427227E-141  0.80212952E+003  0.34040194E+001  0.42717792E+000
  0.72437640E-141  0.80039279E+003  0.35829748E+001 -0.48492946E+000
  0.78560243E-141  0.80022856E+003  0.38363085E+001 -0.13545950E+001
  0.92785728E-141  0.79989375E+003  0.31142056E+001  0.35895887E+001
  0.10643035E-140  0.79961740E+003  0.32022155E+001  0.35334720E+001
  0.14358869E-140  0.79901653E+003  0.30851665E+001  0.34505523E+001
  0.23646905E-140  0.79801684E+003  0.30834091E+001  0.30582975E+001
  0.24561662E-140  0.79793898E+003  0.31437099E+001  0.22795753E+001
  0.37787869E-140  0.79707543E+003  0.37091080E+001  0.12772732E+001
  0.82511019E-140  0.79551159E+003  0.36867092E+001  0.14158797E+001
  0.10703106E-139  0.79498926E+003  0.30890703E+001  0.29549037E+001
  0.15853417E-139  0.79420161E+003  0.39140301E+001 -0.13946648E+001
  0.27012806E-139  0.79313380E+003  0.36601534E+001 -0.80432586E+000
  0.30615543E-139  0.79288146E+003  0.31053301E+001  0.35490152E+001
  0.47308778E-139  0.79200913E+003  0.32892451E+001  0.32940532E+001
  0.70516614E-139  0.79120887E+003  0.33522662E+001  0.74481361E+000
  0.72253654E-139  0.79115825E+003  0.38974258E+001 -0.14006641E+001
  0.81000642E-139  0.79092775E+003  0.30816143E+001  0.32962269E+001
  0.15005324E-138  0.78969273E+003  0.39511397E+001 -0.11265643E+001
  0.34546779E-138  0.78802296E+003  0.34541963E+001  0.16337782E+000
  0.45951078E-138  0.78745048E+003  0.31374244E+001  0.23622833E+001
  0.47672184E-138  0.78737499E+003  0.31977799E+001  0.18232125E+001
  0.52307060E-138  0.78718747E+003  0.38633240E+001 -0.13758329E+001
  0.58688719E-138  0.78695529E+003  0.34352150E+001  0.26763880E+000
  0.66862465E-138  0.78669255E+003  0.30945714E+001  0.28943787E+001
  0.81025319E-138  0.78630635E+003  0.34920425E+001  0.24675462E+001
  0.14170755E-137  0.78518639E+003  0.35847166E+001 -0.47748781E+000
  0.20065858E-137  0.78448876E+003  0.35503766E+001  0.21752500E+001
  0.32333209E-137  0.78353266E+003  0.32022471E+001  0.17929227E+001
  0.54546879E-137  0.78248478E+003  0.34587219E+001  0.26194011E+001
  0.15049713E-136  0.78045306E+003  0.33343842E+001  0.31274893E+001
  0.18372901E-136  0.78005207E+003  0.37246069E+001 -0.10263708E+001
  0.21664750E-136  0.77972050E+003  0.34094759E+001  0.41908652E+000
  0.30693628E-136  0.77902181E+003  0.36485833E+001 -0.74336867E+000
  0.32502544E-136  0.77890533E+003  0.37692402E+001  0.85449351E+000
  0.36257822E-136  0.77868471E+003  0.32924704E+001  0.11418390E+001
  0.38711031E-136  0.77855181E+003  0.36466186E+001  0.16389043E+001
  0.41572712E-136  0.77840722E+003  0.34399564E+001  0.25032359E+000
  0.47025389E-136  0.77815878E+003  0.34899031E+001 -0.14159955E-001
  0.58287701E-136  0.77772742E+003  0.30954407E+001  0.34409412E+001
  0.10750469E-135  0.77650119E+003  0.32295658E+001  0.34419955E+001
  0.18121003E-135  0.77545499E+003  0.31065169E+001  0.27526509E+001
  0.22286409E-135  0.77503923E+003  0.31919150E+001  0.35158200E+001
  0.33463595E-135  0.77422431E+003  0.31749945E+001  0.20348231E+001
  0.41102559E-135  0.77381113E+003  0.31803801E+001  0.35308561E+001
  0.32658808E-134  0.76966392E+003  0.30893794E+001  0.32803475E+001
  0.35373691E-134  0.76950226E+003  0.32252533E+001  0.16330470E+001
  0.41507513E-134  0.76918050E+003  0.39359477E+001 -0.12288552E+001
  0.85611429E-134  0.76773066E+003  0.30898471E+001  0.31496700E+001
  0.85730849E-134  0.76772592E+003  0.31014075E+001  0.28600339E+001
  0.10033975E-133  0.76740927E+003  0.34916233E+001  0.24505147E+001
  0.10833612E-133  0.76725396E+003  0.38810514E+001 -0.13529600E+001
  0.11678211E-133  0.76710187E+003  0.39293326E+001 -0.12675766E+001
  0.16613770E-133  0.76639490E+003  0.32574325E+001  0.33574250E+001
  0.20404960E-133  0.76598186E+003  0.36576457E+001 -0.76558036E+000
  0.23739173E-133  0.76567721E+003  0.35062740E+001  0.23780035E+001
  0.25312935E-133  0.76554688E+003  0.37334426E+001 -0.10387528E+001
  0.62300511E-133  0.76374362E+003  0.39418594E+001 -0.10910075E+001
  0.63848849E-133  0.76369257E+003  0.39187482E+001 -0.48789544E+000
  0.65244022E-133  0.76364738E+003  0.30921500E+001  0.30989530E+001
  0.86755418E-133  0.76307551E+003  0.39281997E+001 -0.12583756E+001
  0.18602045E-132  0.76154804E+003  0.33767091E+001  0.29470184E+001
  0.22304477E-132  0.76118305E+003  0.31747014E+001  0.20594278E+001
  0.23107753E-132  0.76111034E+003  0.37437262E+001  0.10088433E+001
  0.70180245E-132  0.75888659E+003  0.32687376E+001  0.13287941E+001
  0.95230134E-132  0.75827418E+003  0.39155150E+001 -0.12959707E+001
  0.10395252E-131  0.75809695E+003  0.36389519E+001  0.16620014E+001
  0.11193958E-131  0.75794695E+003  0.31098247E+001  0.34522602E+001
  0.14799103E-131  0.75738661E+003  0.34573873E+001  0.25998480E+001
  0.16718301E-131  0.75714078E+003  0.33830582E+001  0.59611359E+000
  0.20007946E-131  0.75677958E+003  0.33002094E+001  0.11159874E+001
  0.22875004E-131  0.75650980E+003  0.33916154E+001  0.28819783E+001
  0.35527401E-131  0.75562733E+003  0.35257094E+001 -0.17070655E+000
  0.66811354E-131  0.75436224E+003  0.38242004E+001  0.41039737E+000
  0.78484970E-131  0.75403822E+003  0.33060148E+001  0.31952332E+001
  0.83290264E-131  0.75391741E+003  0.36025944E+001 -0.52439136E+000
  0.10950309E-130  0.75336822E+003  0.34697688E+001  0.25389448E+001
  0.12923058E-130  0.75303498E+003  0.34289118E+001  0.33751263E+000
  0.22397951E-130  0.75193311E+003  0.35656332E+001 -0.35662268E+000
  0.52108874E-130  0.75024243E+003  0.38335377E+001  0.32826453E+000
  0.54526702E-130  0.75014977E+003  0.34316094E+001  0.32555405E+000
  0.61067962E-130  0.74992122E+003  0.35589205E+001  0.20955810E+001
  0.86308062E-130  0.74922740E+003  0.31829928E+001  0.20069414E+001
  0.11136344E-129  0.74871569E+003  0.33435456E+001  0.30588033E+001
  0.11544629E-129  0.74864173E+003  0.37870253E+001  0.68753262E+000
  0.14042127E-129  0.74824809E+003  0.31010065E+001  0.33345672E+001
  0.15584375E-129  0.74803773E+003  0.32794011E+001  0.32714179E+001
  0.18195117E-129  0.74772600E+003  0.37432382E+001  0.99590877E+000
  0.19088452E-129  0.74762819E+003  0.36024893E+001  0.18581640E+001
  0.21957953E-129  0.74734615E+003  0.37018829E+001  0.12673446E+001
  0.31327750E-129  0.74663345E+003  0.38627905E+001  0.68870317E-001
  0.53602660E-129  0.74555731E+003  0.32027636E+001  0.18458650E+001
  0.64175367E-129  0.74519531E+003  0.37974640E+001 -0.11943901E+001
  0.90128059E-129  0.74451414E+003  0.36512029E+001  0.15754125E+001
  0.14667111E-128  0.74353826E+003  0.32958858E+001  0.32153006E+001
  0.15666778E-128  0.74340444E+003  0.33681012E+001  0.70050828E+000
  0.17881084E-128  0.74313808E+003  0.39294537E+001 -0.74377014E+000
  0.19413491E-128  0.74297168E+003  0.32384656E+001  0.33750324E+001
  0.20281004E-128  0.74288230E+003  0.39251818E+001 -0.11920920E+001
  0.22787940E-128  0.74264725E+003  0.31239142E+001  0.34557836E+001
  0.60969243E-128  0.74067702E+003  0.31245546E+001  0.34517287E+001
  0.73289282E-128  0.74030698E+003  0.39010354E+001 -0.12800006E+001
  0.83271652E-128  0.74004964E+003  0.34021162E+001  0.50319135E+000
  0.89089551E-128  0.73991262E+003  0.32549711E+001  0.33295150E+001
  0.10717822E-127  0.73954097E+003  0.38139132E+001  0.47009025E+000
  0.18769596E-127  0.73841836E+003  0.37261619E+001  0.10992160E+001
  0.19826920E-127  0.73830680E+003  0.39276446E+001 -0.11442115E+001
  0.27749448E-127  0.73763250E+003  0.39270658E+001 -0.11468180E+001
  0.35893558E-127  0.73711586E+003  0.33818371E+001  0.29001548E+001
  0.74024580E-127  0.73566623E+003  0.33742483E+001  0.67204104E+000
  0.94947216E-127  0.73516643E+003  0.33825303E+001  0.62316106E+000
  0.96283069E-127  0.73513653E+003  0.38613759E+001 -0.12828562E+001
  0.97074186E-127  0.73511822E+003  0.34872011E+001  0.43851451E-001
  0.99108303E-127  0.73507479E+003  0.37675410E+001  0.81081705E+000
  0.10068042E-126  0.73504136E+003  0.39284819E+001 -0.77541905E+000
  0.10108751E-126  0.73503134E+003  0.32917122E+001  0.11996246E+001
  0.13427725E-126  0.73446154E+003  0.31060486E+001  0.29452765E+001
  0.13762529E-126  0.73441034E+003  0.33429910E+001  0.30445344E+001
  0.14874209E-126  0.73425303E+003  0.32198664E+001  0.17253986E+001
  0.15816557E-126  0.73412822E+003  0.38244122E+001 -0.12341151E+001
  0.27006054E-126  0.73305626E+003  0.39173436E+001 -0.12021034E+001
  0.39895961E-126  0.73227388E+003  0.31600671E+001  0.22494371E+001
  0.45617058E-126  0.73200391E+003  0.36504324E+001  0.15662597E+001
  0.61271187E-126  0.73141190E+003  0.31495592E+001  0.34671632E+001
  0.10312127E-125  0.73036876E+003  0.37753533E+001  0.74839215E+000
  0.11217752E-125  0.73019845E+003  0.39011715E+001 -0.12521558E+001
  0.13710638E-125  0.72979515E+003  0.32985905E+001  0.11594936E+001
  0.18051359E-125  0.72924310E+003  0.31104150E+001  0.33297821E+001
  0.18434643E-125  0.72919913E+003  0.31083711E+001  0.33060642E+001
  0.45312052E-125  0.72739849E+003  0.35253263E+001  0.22443331E+001
  0.86946506E-125  0.72609310E+003  0.31343478E+001  0.34342861E+001
  0.97167102E-125  0.72586887E+003  0.36539121E+001 -0.70701176E+000
  0.11324136E-124  0.72556074E+003  0.39273576E+001 -0.82737003E+000
  0.14574628E-124  0.72505410E+003  0.39080855E+001 -0.46856028E+000
  0.16502363E-124  0.72480370E+003  0.34515824E+001  0.25919119E+001
  0.16896724E-124  0.72475452E+003  0.36692371E+001 -0.76502215E+000
  0.19553005E-124  0.72446055E+003  0.33882071E+001  0.28608382E+001
  0.19864761E-124  0.72442696E+003  0.38865851E+001 -0.21197299E+000
  0.25605750E-124  0.72391727E+003  0.36907338E+001  0.13108917E+001
  0.27488591E-124  0.72377341E+003  0.38975821E+001 -0.12420050E+001
  0.29364800E-124  0.72363940E+003  0.39186695E+001 -0.63741790E+000
  0.35894420E-124  0.72323588E+003  0.37663401E+001 -0.10851238E+001
  0.39597726E-124  0.72303755E+003  0.36576841E+001 -0.71861798E+000
  0.44253402E-124  0.72281327E+003  0.38857088E+001 -0.20633943E+000
  0.11923073E-123  0.72082907E+003  0.33025764E+001  0.11437379E+001
  0.12826924E-123  0.72068097E+003  0.38565481E+001  0.78168807E-001
  0.13912498E-123  0.72051654E+003  0.38629825E+001 -0.12558106E+001
  0.17191099E-123  0.72009138E+003  0.31419278E+001  0.34321195E+001
  0.17498617E-123  0.72005396E+003  0.37269457E+001 -0.96298729E+000
  0.21589656E-123  0.71963183E+003  0.31504906E+001  0.23749080E+001
  0.33176341E-123  0.71877063E+003  0.31480718E+001  0.34365184E+001
  0.53867164E-123  0.71779931E+003  0.37519525E+001 -0.10371867E+001
  0.67660915E-123  0.71734138E+003  0.36490200E+001  0.15583596E+001
  0.78864196E-123  0.71703299E+003  0.36867812E+001  0.13277227E+001
  0.95627095E-123  0.71664558E+003  0.36029808E+001  0.18223596E+001
  0.11231262E-122  0.71632197E+003  0.34198865E+001  0.42736746E+000
  0.11829829E-122  0.71621617E+003  0.34466667E+001  0.26046889E+001
  0.17658096E-122  0.71541308E+003  0.31187711E+001  0.33320807E+001
  0.26363495E-122  0.71460956E+003  0.31093875E+001  0.30309865E+001
  0.26391249E-122  0.71460550E+003  0.38382766E+001  0.23002106E+000
  0.27819161E-122  0.71449816E+003  0.38591081E+001  0.42551532E-001
  0.38020359E-122  0.71387142E+003  0.31088804E+001  0.30797918E+001
  0.49852614E-122  0.71332757E+003  0.33896589E+001  0.60520307E+000
  0.51083129E-122  0.71327685E+003  0.35405573E+001 -0.19833585E+000
  0.89640227E-122  0.71215019E+003  0.33760736E+001  0.68741604E+000
  0.16750567E-121  0.71089782E+003  0.38586306E+001 -0.12349776E+001
  0.18616450E-121  0.71068464E+003  0.31200237E+001  0.33192010E+001
  0.18848509E-121  0.71065791E+003  0.36471669E+001 -0.66333777E+000
  0.20882145E-121  0.71045103E+003  0.31100700E+001  0.30818328E+001
  0.21288622E-121  0.71041053E+003  0.38806990E+001 -0.18193640E+000
  0.22584357E-121  0.71029040E+003  0.36731808E+001 -0.76338716E+000
  0.35453996E-121  0.70938650E+003  0.34827201E+001  0.94222031E-001
  0.38738146E-121  0.70920737E+003  0.37362872E+001  0.99524632E+000
  0.45154764E-121  0.70889887E+003  0.35107147E+001 -0.47828403E-001
  0.88607019E-121  0.70754869E+003  0.35765978E+001 -0.35984410E+000
  0.89260400E-121  0.70753204E+003  0.38078021E+001 -0.11619834E+001
  0.95665085E-121  0.70739150E+003  0.39202264E+001 -0.77944036E+000
  0.17309384E-120  0.70620359E+003  0.38724569E+001 -0.12265514E+001
  0.18161509E-120  0.70610552E+003  0.37308591E+001  0.10281023E+001
  0.62507062E-120  0.70363162E+003  0.34245059E+001  0.41520788E+000
  0.64241816E-120  0.70357492E+003  0.36383064E+001  0.16061199E+001
  0.67672822E-120  0.70346891E+003  0.38253422E+001 -0.11865182E+001
  0.87014569E-120  0.70296417E+003  0.31130832E+001  0.30449230E+001
  0.12910562E-119  0.70217311E+003  0.31316135E+001  0.33507303E+001
  0.13203675E-119  0.70212626E+003  0.35803950E+001  0.19306434E+001
  0.18005739E-119  0.70150392E+003  0.38363417E+001  0.22400748E+000
  0.19304087E-119  0.70136271E+003  0.35823474E+001 -0.37899990E+000
  0.20534697E-119  0.70123716E+003  0.31758928E+001  0.34047092E+001
  0.31956666E-119  0.70035068E+003  0.31680420E+001  0.34043267E+001
  0.42310044E-119  0.69978744E+003  0.38706248E+001 -0.10089363E+000
  0.48008965E-119  0.69953276E+003  0.38582637E+001  0.20834069E-001
  0.51497737E-119  0.69939051E+003  0.38949490E+001 -0.37758844E+000
  0.92265614E-119  0.69822229E+003  0.31651965E+001  0.33993075E+001
  0.97607519E-119  0.69810777E+003  0.31363456E+001  0.33548692E+001
  0.11050463E-118  0.69785761E+003  0.36893350E+001 -0.80801048E+000
  0.18487035E-118  0.69682647E+003  0.34527453E+001  0.26675641E+000
  0.22348425E-118  0.69644514E+003  0.31249734E+001  0.32887305E+001
  0.23759057E-118  0.69632077E+003  0.33965019E+001  0.58410040E+000
  0.37806411E-118  0.69538979E+003  0.36520346E+001 -0.66521550E+000
  0.80014258E-118  0.69388839E+003  0.38957994E+001 -0.40648094E+000
  0.10349549E-117  0.69337179E+003  0.35087827E+001  0.22900218E+001
  0.11458207E-117  0.69316631E+003  0.31644887E+001  0.22893057E+001
  0.15944969E-117  0.69250348E+003  0.32139344E+001  0.18388434E+001
  0.19254161E-117  0.69212436E+003  0.34421560E+001  0.32969932E+000
  0.20020195E-117  0.69204438E+003  0.32885768E+001  0.31724642E+001
  0.26322911E-117  0.69149503E+003  0.38838773E+001 -0.11793497E+001
  0.26555348E-117  0.69147550E+003  0.32257813E+001  0.17439478E+001
  0.27747058E-117  0.69138575E+003  0.33214604E+001  0.10548052E+001
  0.33295829E-117  0.69101919E+003  0.31635197E+001  0.33823608E+001
  0.37290418E-117  0.69079063E+003  0.31750623E+001  0.21888169E+001
  0.37605265E-117  0.69077186E+003  0.31839258E+001  0.33799694E+001
  0.51561075E-117  0.69013867E+003  0.33089172E+001  0.11396294E+001
  0.52431352E-117  0.69010324E+003  0.31307750E+001  0.32996350E+001
  0.92306876E-117  0.68897006E+003  0.38946595E+001 -0.40771027E+000
  0.94583318E-117  0.68891938E+003  0.39105962E+001 -0.10361223E+001
  0.10668420E-116  0.68867664E+003  0.36042262E+001 -0.46106356E+000
  0.13075516E-116  0.68826779E+003  0.35157855E+001 -0.50854408E-001
  0.17521606E-116  0.68768045E+003  0.36346477E+001  0.16095615E+001
  0.19910454E-116  0.68742287E+003  0.31462379E+001  0.25077295E+001
  0.25826900E-116  0.68690058E+003  0.35787574E+001  0.19228468E+001
  0.26055451E-116  0.68688101E+003  0.38676806E+001 -0.99955681E-001
  0.28076869E-116  0.68672962E+003  0.37401706E+001  0.93962983E+000
  0.31527065E-116  0.68649586E+003  0.31433351E+001  0.25469496E+001
  0.37093660E-116  0.68616871E+003  0.31244073E+001  0.28486750E+001
  0.41938863E-116  0.68592123E+003  0.38153394E+001 -0.11414569E+001
  0.57755598E-116  0.68527926E+003  0.33919732E+001  0.62330604E+000
  0.64241892E-116  0.68506444E+003  0.31381492E+001  0.33166923E+001
  0.67375973E-116  0.68496722E+003  0.32986822E+001  0.12156485E+001
  0.80337781E-116  0.68461336E+003  0.35191186E+001  0.22295604E+001
  0.10258791E-115  0.68412245E+003  0.31532984E+001  0.33546530E+001
  0.10912764E-115  0.68399690E+003  0.37903063E+001 -0.10896298E+001
  0.12080651E-115  0.68379161E+003  0.38852141E+001 -0.11548671E+001
  0.12486147E-115  0.68372362E+003  0.34170326E+001  0.47969690E+000
  0.12531500E-115  0.68371442E+003  0.34335172E+001  0.26268257E+001
  0.13801047E-115  0.68351947E+003  0.33330285E+001  0.30192957E+001
  0.23911129E-115  0.68241832E+003  0.35677954E+001  0.19767185E+001
  0.29779378E-115  0.68197742E+003  0.38159009E+001  0.36390051E+000
  0.44669584E-115  0.68116452E+003  0.34679586E+001  0.20235420E+000
  0.60941240E-115  0.68054133E+003  0.32467753E+001  0.32659196E+001
  0.71144618E-115  0.68022977E+003  0.37022620E+001  0.11849062E+001
  0.92645417E-115  0.67969969E+003  0.34832603E+001  0.23975981E+001
  0.12227105E-114  0.67914281E+003  0.36884740E+001  0.12719804E+001
  0.25405836E-114  0.67767821E+003  0.31393433E+001  0.32946773E+001
  0.26544936E-114  0.67758854E+003  0.36011818E+001 -0.43554288E+000
  0.28780321E-114  0.67742488E+003  0.36892001E+001  0.12652779E+001
  0.40693822E-114  0.67673016E+003  0.37067718E+001  0.11511838E+001
  0.42346615E-114  0.67664859E+003  0.39102415E+001 -0.92047967E+000
  0.22075205E-113  0.67334433E+003  0.33945034E+001  0.27777447E+001
  0.23166360E-113  0.67324589E+003  0.36489260E+001 -0.62738770E+000
  0.25987166E-113  0.67301413E+003  0.39093691E+001 -0.81419424E+000
  0.33890972E-113  0.67248109E+003  0.35740888E+001 -0.31003826E+000
  0.37291444E-113  0.67228790E+003  0.38977510E+001 -0.10636315E+001
  0.45618456E-113  0.67188286E+003  0.37359554E+001 -0.92956522E+000
  0.65860307E-113  0.67114646E+003  0.34242919E+001  0.45273550E+000
  0.77161166E-113  0.67082778E+003  0.31325834E+001  0.27728634E+001
  0.79203038E-113  0.67077359E+003  0.31530185E+001  0.33162656E+001
  0.12437277E-112  0.66986910E+003  0.36829088E+001 -0.75118405E+000
  0.12852139E-112  0.66980153E+003  0.39017152E+001 -0.10174946E+001
  0.18250577E-112  0.66909820E+003  0.32344856E+001  0.32740765E+001
  0.19666497E-112  0.66894681E+003  0.33721101E+001  0.28600044E+001
  0.23754036E-112  0.66856719E+003  0.32034469E+001  0.19702385E+001
  0.27404069E-112  0.66827936E+003  0.32815290E+001  0.31605119E+001
  0.35016082E-112  0.66778717E+003  0.31749282E+001  0.22404276E+001
  0.38623491E-112  0.66758911E+003  0.31419989E+001  0.26313462E+001
  0.46605031E-112  0.66721147E+003  0.35552150E+001  0.20262986E+001
  0.59472007E-112  0.66672192E+003  0.31873495E+001  0.21208860E+001
  0.59749164E-112  0.66671067E+003  0.34560204E+001  0.28238074E+000
  0.70388142E-112  0.66638098E+003  0.31351842E+001  0.32190950E+001
  0.71364641E-112  0.66635147E+003  0.36540366E+001  0.14696711E+001
  0.79252722E-112  0.66613984E+003  0.38409077E+001 -0.11365339E+001
  0.15828464E-111  0.66475438E+003  0.37817089E+001  0.60786905E+000
  0.17473645E-111  0.66455466E+003  0.31659330E+001  0.23429353E+001
  0.18931793E-111  0.66439241E+003  0.36670601E+001 -0.68636544E+000
  0.22871510E-111  0.66401236E+003  0.31946697E+001  0.33202744E+001
  0.33034121E-111  0.66327511E+003  0.35270451E+001  0.21664472E+001
  0.36527820E-111  0.66307209E+003  0.36953762E+001  0.12080200E+001
  0.57441844E-111  0.66216474E+003  0.31736637E+001  0.33196913E+001
  0.61150484E-111  0.66203766E+003  0.33194221E+001  0.30377303E+001
  0.71962282E-111  0.66171010E+003  0.39041917E+001 -0.74191616E+000
  0.91403767E-111  0.66122986E+003  0.33198691E+001  0.11035388E+001
  0.13720460E-110  0.66041553E+003  0.32656438E+001  0.14843494E+001
  0.15133509E-110  0.66021753E+003  0.39001752E+001 -0.63389242E+000
  0.29191740E-110  0.65890163E+003  0.37659865E+001 -0.99485844E+000
  0.29941489E-110  0.65884896E+003  0.34736951E+001  0.24190425E+001
  0.31640652E-110  0.65873661E+003  0.36765110E+001  0.13224083E+001
  0.76953204E-110  0.65695715E+003  0.31782428E+001  0.22316533E+001
  0.95162207E-110  0.65653043E+003  0.31998533E+001  0.33016249E+001
  0.10629546E-109  0.65630720E+003  0.39000274E+001 -0.66165025E+000
  0.13886930E-109  0.65577062E+003  0.31527639E+001  0.25248517E+001
  0.15744783E-109  0.65551755E+003  0.32212764E+001  0.18404514E+001
  0.17845091E-109  0.65526516E+003  0.36857206E+001 -0.74319766E+000
  0.18154802E-109  0.65522879E+003  0.31380611E+001  0.31833801E+001
  0.22293414E-109  0.65481613E+003  0.32689785E+001  0.31746659E+001
  0.24986113E-109  0.65458612E+003  0.36384084E+001  0.15490670E+001
  0.28841635E-109  0.65429717E+003  0.34925003E+001  0.23255866E+001
  0.33344919E-109  0.65400504E+003  0.32279589E+001  0.32610893E+001
  0.36973497E-109  0.65379650E+003  0.35268835E+001  0.21566548E+001
  0.40513316E-109  0.65361169E+003  0.32965871E+001  0.30972627E+001
  0.42567243E-109  0.65351083E+003  0.35106944E+001  0.22367130E+001
  0.54838347E-109  0.65300227E+003  0.38907284E+001 -0.10213536E+001
  0.55355397E-109  0.65298155E+003  0.38007813E+001  0.43939119E+000
  0.56152417E-109  0.65295100E+003  0.35128605E+001  0.27134659E-002
  0.59032835E-109  0.65284900E+003  0.38289628E+001  0.19972203E+000
  0.77308244E-109  0.65230764E+003  0.38861493E+001 -0.10448962E+001
  0.16305449E-108  0.65081312E+003  0.34248454E+001  0.26265456E+001
  0.20794782E-108  0.65032476E+003  0.38312773E+001 -0.10981350E+001
  0.22421139E-108  0.65017220E+003  0.34352836E+001  0.25811188E+001
  0.23427619E-108  0.65008243E+003  0.34803641E+001  0.23781287E+001
  0.27094319E-108  0.64978966E+003  0.37939029E+001 -0.10435431E+001
  0.39406410E-108  0.64903850E+003  0.38987193E+001 -0.69603341E+000
  0.46254883E-108  0.64871607E+003  0.34618604E+001  0.27129483E+000
  0.48644581E-108  0.64861337E+003  0.35541378E+001 -0.19151161E+000
  0.58998736E-108  0.64822547E+003  0.32852180E+001  0.31221765E+001
  0.86915167E-108  0.64744868E+003  0.32798592E+001  0.31356352E+001
  0.18547142E-107  0.64593079E+003  0.37171538E+001 -0.83694805E+000
  0.25422651E-107  0.64529819E+003  0.32706595E+001  0.31563991E+001
  0.36355510E-107  0.64458083E+003  0.31358108E+001  0.30508334E+001
  0.47400934E-107  0.64404828E+003  0.37595376E+001  0.74271716E+000
  0.55438626E-107  0.64373306E+003  0.31789092E+001  0.22562725E+001
  0.57886205E-107  0.64364470E+003  0.32990796E+001  0.30762144E+001
  0.58901357E-107  0.64360798E+003  0.32953882E+001  0.12941979E+001
  0.80059813E-107  0.64299221E+003  0.37490275E+001  0.81736550E+000
  0.11114423E-106  0.64233415E+003  0.37432369E+001 -0.91026440E+000
  0.13077507E-106  0.64200690E+003  0.36485101E+001 -0.58855943E+000
  0.17488780E-106  0.64142361E+003  0.37504448E+001  0.80493159E+000
  0.28010791E-106  0.64047960E+003  0.38865615E+001 -0.99016924E+000
  0.34841822E-106  0.64004119E+003  0.31370095E+001  0.30091831E+001
  0.36799969E-106  0.63992988E+003  0.35666414E+001  0.19350583E+001
  0.42597607E-106  0.63963533E+003  0.37748656E+001 -0.98719473E+000
  0.71560216E-106  0.63859589E+003  0.38604919E+001 -0.14300463E+000
  0.93396099E-106  0.63806132E+003  0.31444627E+001  0.31449106E+001
  0.98241138E-106  0.63795822E+003  0.32222989E+001  0.32416845E+001
  0.11682030E-105  0.63760984E+003  0.36075070E+001 -0.41664849E+000
  0.11700524E-105  0.63760473E+003  0.33757105E+001  0.77755792E+000
  0.13192680E-105  0.63736272E+003  0.37807070E+001  0.57302169E+000
  0.16910125E-105  0.63686426E+003  0.32369919E+001  0.17429157E+001
  0.25196748E-105  0.63606471E+003  0.31527549E+001  0.25985330E+001
  0.29862227E-105  0.63572299E+003  0.33925992E+001  0.67801966E+000
  0.40076134E-105  0.63513267E+003  0.37497428E+001 -0.91785579E+000
  0.41703480E-105  0.63505111E+003  0.31389106E+001  0.29381729E+001
  0.55313070E-105  0.63448431E+003  0.35848038E+001  0.18305912E+001
  0.60721013E-105  0.63429580E+003  0.38532369E+001 -0.10661414E+001
  0.63591087E-105  0.63420148E+003  0.37124909E+001 -0.80642354E+000
  0.68925447E-105  0.63403842E+003  0.37364565E+001 -0.87922382E+000
  0.98010089E-105  0.63333238E+003  0.36021676E+001 -0.38887218E+000
  0.11451875E-104  0.63301909E+003  0.35749503E+001  0.18824838E+001
  0.11775324E-104  0.63296143E+003  0.36607929E+001 -0.62440878E+000
  0.16104945E-104  0.63233324E+003  0.32215587E+001  0.32323883E+001
  0.20643519E-104  0.63183474E+003  0.38030537E+001  0.38445788E+000
  0.21622237E-104  0.63174014E+003  0.34691302E+001  0.25197433E+000
  0.24017083E-104  0.63152810E+003  0.37342911E+001  0.90540703E+000
  0.37146418E-104  0.63065395E+003  0.36903340E+001 -0.72802640E+000
  0.38451913E-104  0.63058291E+003  0.31439145E+001  0.27959363E+001
  0.43725105E-104  0.63032393E+003  0.37622745E+001 -0.94303495E+000
  0.64315861E-104  0.62955021E+003  0.35989223E+001 -0.37048378E+000
  0.83691635E-104  0.62902160E+003  0.36741134E+001 -0.66859597E+000
  0.90616926E-104  0.62886064E+003  0.37255077E+001 -0.83964917E+000
  0.16663333E-103  0.62764038E+003  0.31417817E+001  0.29363970E+001
  0.16926166E-103  0.62760713E+003  0.32202212E+001  0.19000254E+001
  0.18110881E-103  0.62746987E+003  0.33560957E+001  0.91210396E+000
  0.35895477E-103  0.62609972E+003  0.36693579E+001  0.13264118E+001
  0.40637864E-103  0.62584959E+003  0.31921232E+001  0.32395214E+001
  0.45854276E-103  0.62560610E+003  0.37652640E+001  0.67241152E+000
  0.61739892E-103  0.62500923E+003  0.33162567E+001  0.11760339E+001
  0.61866363E-103  0.62500318E+003  0.31670028E+001  0.32080877E+001
  0.88669081E-103  0.62428136E+003  0.36023697E+001  0.17210315E+001
  0.14407407E-102  0.62330858E+003  0.32264609E+001  0.32091245E+001
  0.15744585E-102  0.62312911E+003  0.33996899E+001  0.26972378E+001
  0.17968099E-102  0.62286296E+003  0.37008323E+001 -0.75328493E+000
  0.18653516E-102  0.62278613E+003  0.31544317E+001  0.31448105E+001
  0.19646310E-102  0.62268047E+003  0.31446301E+001  0.30112813E+001
  0.27627219E-102  0.62199670E+003  0.31446159E+001  0.28756781E+001
  0.73984942E-100  0.61084850E+003  0.32387248E+001  0.31790777E+001
  0.26681655E-099  0.60828310E+003  0.31719632E+001  0.31867307E+001
  0.13270152E-097  0.60046968E+003  0.33135622E+001  0.29812151E+001
  0.41013933E-097  0.59821289E+003  0.33077507E+001  0.29953219E+001
  0.15453388E-096  0.59555989E+003  0.31522606E+001  0.28878419E+001
  0.41865094E-096  0.59356664E+003  0.31532604E+001  0.28593484E+001
  0.40066463E-095  0.58904929E+003  0.31594942E+001  0.30286363E+001
  0.28384461E-094  0.58513352E+003  0.32081475E+001  0.31586300E+001
  0.36218519E-094  0.58464606E+003  0.32429509E+001  0.31248392E+001
  0.83706553E-093  0.57836540E+003  0.32867429E+001  0.30229120E+001
  0.94947421E-093  0.57811339E+003  0.31618301E+001  0.29694862E+001
  0.12824885E-092  0.57751209E+003  0.32366383E+001  0.31203285E+001
  0.76147500E-091  0.56934435E+003  0.31632937E+001  0.28688410E+001
  0.10909135E-090  0.56862532E+003  0.32865135E+001  0.30079051E+001
  0.37044908E-090  0.56618026E+003  0.31769098E+001  0.30441518E+001
  0.48179170E-090  0.56565467E+003  0.32286585E+001  0.31046835E+001
  0.55663578E-090  0.56536587E+003  0.31649477E+001  0.28554947E+001
  0.37917818E-089  0.56152851E+003  0.32482523E+001  0.30730391E+001
  0.69032988E-089  0.56033018E+003  0.31825438E+001  0.30464223E+001
  0.14868759E-088  0.55879566E+003  0.32677297E+001  0.30335675E+001
  0.10970411E-087  0.55479861E+003  0.31810959E+001  0.30141149E+001
  0.23639847E-087  0.55326314E+003  0.31847374E+001  0.30261834E+001
  0.75692595E-087  0.55093565E+003  0.32248962E+001  0.30741492E+001
  0.85955166E-087  0.55068136E+003  0.31723655E+001  0.28813445E+001
  0.11676404E-086  0.55006870E+003  0.32096878E+001  0.30706067E+001
  0.20895883E-086  0.54890474E+003  0.32460652E+001  0.30511640E+001
  0.22941023E-086  0.54871799E+003  0.32512044E+001  0.30437112E+001
  0.58052020E-085  0.54225599E+003  0.31861659E+001  0.29827197E+001
  0.23659116E-084  0.53944600E+003  0.32395051E+001  0.30385086E+001
  0.73360827E-084  0.53718272E+003  0.31879772E+001  0.29682652E+001
  0.16212642E-083  0.53559675E+003  0.32743481E+001  0.29785810E+001
  0.30816976E-083  0.53431220E+003  0.31838393E+001  0.29174622E+001
  0.64765757E-083  0.53282678E+003  0.31819793E+001  0.28802669E+001
  0.19563087E-082  0.53061587E+003  0.32444798E+001  0.30145012E+001
  0.34019769E-082  0.52950928E+003  0.32337328E+001  0.30197981E+001
  0.22911320E-081  0.52569473E+003  0.31953135E+001  0.29534324E+001
  0.13223525E-080  0.52218883E+003  0.31968868E+001  0.29449770E+001
  0.22132321E-078  0.51194840E+003  0.31936877E+001  0.28626751E+001
  0.47609911E-076  0.50120606E+003  0.32477622E+001  0.29443831E+001
  0.86561726E-076  0.50001042E+003  0.32095835E+001  0.29018229E+001
  0.92481035E-074  0.49066779E+003  0.32571084E+001  0.29122377E+001
  0.38898532E-073  0.48779472E+003  0.32229267E+001  0.28933194E+001
  0.43409946E-073  0.48757525E+003  0.32707125E+001  0.28896170E+001
  0.18009883E-069  0.47091411E+003  0.32484891E+001  0.28653445E+001
