  0.49406565E-323  0.16434616E+004  0.40689754E+001 -0.27207392E+001
  0.49406565E-323  0.16425936E+004  0.36029431E+001  0.25780148E+001
  0.49406565E-323  0.16417781E+004  0.40336760E+001 -0.26809517E+001
  0.49406565E-323  0.16415754E+004  0.29182022E+001  0.32083518E+001
  0.14821969E-322  0.16398496E+004  0.40788179E+001 -0.65280102E+000
  0.14821969E-322  0.16396744E+004  0.36233466E+001 -0.13321566E+001
  0.19762626E-322  0.16391418E+004  0.35119912E+001  0.30420614E+001
  0.19762626E-322  0.16391348E+004  0.33865941E+001 -0.14756380E+000
  0.15810101E-321  0.16351797E+004  0.40705675E+001 -0.27121475E+001
  0.17786363E-321  0.16349164E+004  0.38327526E+001 -0.21600351E+001
  0.55335352E-321  0.16326489E+004  0.28972094E+001  0.34644954E+001
  0.92884341E-321  0.16316169E+004  0.37214004E+001 -0.17438617E+001
  0.16600606E-320  0.16304506E+004  0.28753397E+001  0.37692114E+001
  0.27173611E-320  0.16294634E+004  0.28680552E+001  0.47179519E+001
  0.30236818E-320  0.16292496E+004  0.33297645E+001  0.38601220E+001
  0.41303888E-320  0.16286233E+004  0.30808960E+001  0.46984279E+001
  0.51234607E-320  0.16281898E+004  0.41802778E+001 -0.22616763E+001
  0.23127213E-319  0.16251735E+004  0.28878788E+001  0.35993527E+001
  0.43966902E-319  0.16238867E+004  0.36178116E+001 -0.12968718E+001
  0.46368061E-319  0.16237784E+004  0.34783310E+001 -0.62550038E+000
  0.69445867E-319  0.16229686E+004  0.38778944E+001 -0.22971276E+001
  0.97711363E-319  0.16222838E+004  0.37467300E+001 -0.18374571E+001
  0.99667863E-319  0.16222422E+004  0.37442462E+001 -0.18277700E+001
  0.12078917E-318  0.16218558E+004  0.41588424E+001 -0.25552738E+001
  0.17502770E-318  0.16211121E+004  0.30723127E+001  0.47123711E+001
  0.42726797E-318  0.16193252E+004  0.41776403E+001 -0.20664317E+001
  0.23252211E-317  0.16159349E+004  0.28785540E+001  0.37553177E+001
  0.13775637E-316  0.16123748E+004  0.33345659E+001  0.16438319E+000
  0.14246022E-316  0.16123057E+004  0.40966217E+001 -0.86331105E+000
  0.17941757E-316  0.16118424E+004  0.32075753E+001  0.94125131E+000
  0.21880878E-316  0.16114435E+004  0.32349633E+001  0.42129508E+001
  0.63880173E-316  0.16092988E+004  0.34592508E+001  0.32764300E+001
  0.65833990E-316  0.16092366E+004  0.39378371E+001  0.47630156E+000
  0.15060984E-315  0.16075795E+004  0.38170450E+001  0.13026493E+001
  0.20149978E-315  0.16069954E+004  0.28670834E+001  0.46318168E+001
  0.21038035E-315  0.16069071E+004  0.41749182E+001 -0.20581997E+001
  0.22033494E-315  0.16068127E+004  0.41418853E+001 -0.13962916E+001
  0.13770348E-314  0.16031457E+004  0.38474957E+001 -0.21853570E+001
  0.18050444E-314  0.16026024E+004  0.38202536E+001  0.12783104E+001
  0.19996896E-314  0.16023957E+004  0.34545364E+001 -0.48840364E+000
  0.31257882E-314  0.16015003E+004  0.35064973E+001 -0.75330557E+000
  0.16388856E-313  0.15981845E+004  0.33093289E+001  0.39214850E+001
  0.17647404E-313  0.15980346E+004  0.38759643E+001  0.90510574E+000
  0.18024437E-313  0.15979904E+004  0.28604341E+001  0.42527201E+001
  0.58571704E-313  0.15956314E+004  0.29470120E+001  0.29732759E+001
  0.30328694E-312  0.15923406E+004  0.38344287E+001  0.11785158E+001
  0.54787519E-312  0.15911559E+004  0.28633529E+001  0.44808843E+001
  0.11781380E-311  0.15896227E+004  0.34769834E+001  0.31794567E+001
  0.14998635E-311  0.15891378E+004  0.36593100E+001 -0.14565078E+001
  0.17270276E-311  0.15888538E+004  0.41708891E+001 -0.20435289E+001
  0.25180092E-311  0.15880977E+004  0.29738620E+001  0.27252372E+001
  0.34170623E-311  0.15874852E+004  0.28633520E+001  0.42115044E+001
  0.39227572E-311  0.15872072E+004  0.29408082E+001  0.30476223E+001
  0.13446320E-310  0.15847414E+004  0.38097296E+001 -0.20435190E+001
  0.48585561E-310  0.15821702E+004  0.38625652E+001 -0.22175963E+001
  0.62934047E-310  0.15816507E+004  0.36424896E+001  0.23231811E+001
  0.11228311E-309  0.15804909E+004  0.30634453E+001  0.46957564E+001
  0.13959030E-309  0.15800536E+004  0.33225164E+001  0.25668478E+000
  0.24007395E-309  0.15789672E+004  0.28780669E+001  0.46448650E+001
  0.33909246E-309  0.15782746E+004  0.28688178E+001  0.40782962E+001
  0.71110785E-309  0.15767915E+004  0.28854187E+001  0.37473232E+001
  0.10214267E-308  0.15760653E+004  0.29186549E+001  0.48050781E+001
  0.11252166E-308  0.15758698E+004  0.41647162E+001 -0.23234106E+001
  0.18052331E-308  0.15749224E+004  0.37737838E+001 -0.19066065E+001
  0.28654342E-308  0.15739964E+004  0.40248183E+001 -0.25979349E+001
  0.30426749E-308  0.15738744E+004  0.31195362E+001  0.15701772E+001
  0.95241731E-308  0.15715903E+004  0.40977570E+001 -0.26293294E+001
  0.11771247E-307  0.15711647E+004  0.40389085E+001 -0.36770217E+000
  0.39812478E-307  0.15687257E+004  0.30789097E+001  0.46503254E+001
  0.14011719E-305  0.15616019E+004  0.36510487E+001  0.22621698E+001
  0.21026020E-305  0.15607883E+004  0.33091543E+001  0.34882887E+000
  0.54533574E-305  0.15588802E+004  0.28687551E+001  0.43327448E+001
  0.94841986E-305  0.15577714E+004  0.41309977E+001 -0.25405155E+001
  0.16928104E-304  0.15566108E+004  0.41336821E+001 -0.13903374E+001
  0.14758637E-303  0.15522780E+004  0.28996385E+001  0.35927600E+001
  0.32255623E-303  0.15507123E+004  0.38062321E+001 -0.20059136E+001
  0.10006055E-302  0.15484462E+004  0.28944483E+001  0.36784223E+001
  0.15545198E-302  0.15475631E+004  0.34317901E+001  0.33624272E+001
  0.15891012E-302  0.15475171E+004  0.35803640E+001  0.26341181E+001
  0.26225419E-302  0.15465132E+004  0.28898311E+001  0.46384257E+001
  0.39491769E-302  0.15456926E+004  0.38300953E+001  0.11713903E+001
  0.43424237E-302  0.15455008E+004  0.31074278E+001  0.45598361E+001
  0.49377792E-302  0.15452418E+004  0.28801926E+001  0.45445365E+001
  0.20011412E-301  0.15424411E+004  0.40709492E+001 -0.69973527E+000
  0.26262780E-301  0.15418955E+004  0.30647111E+001  0.46570717E+001
  0.30736048E-301  0.15415789E+004  0.41323717E+001 -0.24995334E+001
  0.24588652E-300  0.15374181E+004  0.34052367E+001  0.34751341E+001
  0.36191640E-300  0.15366431E+004  0.32626707E+001  0.64769191E+000
  0.11998029E-299  0.15342441E+004  0.37097438E+001  0.19081903E+001
  0.26555606E-299  0.15326532E+004  0.28859572E+001  0.45617200E+001
  0.29963206E-299  0.15324098E+004  0.31571185E+001  0.44099343E+001
  0.32952365E-299  0.15322176E+004  0.28800650E+001  0.40111724E+001
  0.32967501E-299  0.15322148E+004  0.36656029E+001  0.21604674E+001
  0.15610761E-298  0.15291028E+004  0.33487128E+001  0.37127401E+001
  0.23880458E-298  0.15282506E+004  0.30868473E+001  0.45951711E+001
  0.25547461E-298  0.15281137E+004  0.36299191E+001 -0.12864921E+001
  0.75362632E-298  0.15259482E+004  0.38659608E+001 -0.21835480E+001
  0.77301523E-298  0.15258954E+004  0.41251810E+001 -0.24942917E+001
  0.14199814E-297  0.15246773E+004  0.35647095E+001  0.27000964E+001
  0.42372371E-297  0.15224888E+004  0.41464278E+001 -0.16970061E+001
  0.22251292E-296  0.15191699E+004  0.36138251E+001 -0.12084256E+001
  0.67875229E-296  0.15169374E+004  0.37492413E+001 -0.17720975E+001
  0.77256619E-296  0.15166765E+004  0.30984473E+001  0.45569476E+001
  0.19574526E-295  0.15148152E+004  0.28921760E+001  0.45594534E+001
  0.25853452E-295  0.15142568E+004  0.29181087E+001  0.46921779E+001
  0.53599170E-295  0.15127967E+004  0.38254868E+001  0.11761763E+001
  0.10146426E-294  0.15115184E+004  0.41513592E+001 -0.22086602E+001
  0.18386091E-294  0.15103275E+004  0.39465234E+001  0.32387137E+000
  0.30600780E-293  0.15047015E+004  0.40235829E+001 -0.30743862E+000
  0.10979586E-292  0.15021444E+004  0.36477025E+001  0.22397711E+001
  0.13202996E-292  0.15017736E+004  0.28846547E+001  0.40571019E+001
  0.25293199E-292  0.15004715E+004  0.37245187E+001  0.17968274E+001
  0.49393557E-292  0.14991309E+004  0.29628335E+001  0.47276601E+001
  0.84329942E-292  0.14980591E+004  0.37017699E+001 -0.15711360E+001
  0.94491505E-292  0.14978296E+004  0.34993182E+001 -0.64779850E+000
  0.26643967E-291  0.14957544E+004  0.30764191E+001  0.45883958E+001
  0.32578316E-291  0.14953503E+004  0.39590133E+001 -0.24026971E+001
  0.35631863E-291  0.14951692E+004  0.31689669E+001  0.43436911E+001
  0.42825158E-291  0.14947994E+004  0.41171807E+001 -0.24571455E+001
  0.59545924E-291  0.14941382E+004  0.28851694E+001  0.41024665E+001
  0.88292280E-291  0.14933485E+004  0.37399060E+001  0.16994225E+001
  0.22611057E-290  0.14914658E+004  0.40828690E+001 -0.25207156E+001
  0.23315854E-290  0.14914024E+004  0.30356174E+001  0.46605924E+001
  0.70274614E-290  0.14891939E+004  0.29600791E+001  0.29881072E+001
  0.77412682E-290  0.14889985E+004  0.29527201E+001  0.47078960E+001
  0.96701568E-290  0.14885516E+004  0.40713155E+001 -0.77736322E+000
  0.14606653E-289  0.14877248E+004  0.29636080E+001  0.29540039E+001
  0.17271034E-288  0.14827825E+004  0.39787366E+001  0.45602069E-001
  0.18216211E-288  0.14826740E+004  0.40739443E+001 -0.25135391E+001
  0.25347841E-288  0.14820113E+004  0.36108214E+001  0.24275669E+001
  0.39057401E-288  0.14811447E+004  0.37802098E+001 -0.18608233E+001
  0.48472861E-288  0.14807108E+004  0.41332838E+001 -0.15859269E+001
  0.64534699E-288  0.14801364E+004  0.36988506E+001  0.19332588E+001
  0.17041729E-287  0.14781924E+004  0.28922394E+001  0.39665560E+001
  0.37918288E-287  0.14765909E+004  0.29355965E+001  0.32788462E+001
  0.52071620E-287  0.14759546E+004  0.38564053E+001 -0.21134515E+001
  0.66300642E-287  0.14754695E+004  0.36148100E+001 -0.11826346E+001
  0.81175082E-287  0.14750627E+004  0.34733371E+001  0.31193625E+001
  0.20853816E-286  0.14731737E+004  0.35070456E+001 -0.66960256E+000
  0.35851288E-286  0.14720881E+004  0.41443574E+001 -0.20487091E+001
  0.54728812E-286  0.14712401E+004  0.41059671E+001 -0.24450695E+001
  0.70620893E-286  0.14707283E+004  0.39952531E+001 -0.10238944E+000
  0.10665122E-285  0.14699019E+004  0.31076495E+001  0.44920427E+001
  0.24535045E-284  0.14636285E+004  0.39197302E+001  0.48175383E+000
  0.18285403E-282  0.14550042E+004  0.41375737E+001 -0.18073286E+001
  0.30007222E-282  0.14540116E+004  0.40482024E+001 -0.59524370E+000
  0.77933586E-282  0.14521008E+004  0.31264413E+001  0.16255916E+001
  0.81922539E-282  0.14519990E+004  0.29461128E+001  0.31988738E+001
  0.10688298E-281  0.14514651E+004  0.41297264E+001 -0.16215433E+001
  0.10759845E-281  0.14514498E+004  0.36095190E+001  0.24132146E+001
  0.10906257E-281  0.14514208E+004  0.29066043E+001  0.44743290E+001
  0.34230955E-281  0.14491313E+004  0.40996493E+001 -0.24189320E+001
  0.38803689E-281  0.14488786E+004  0.38458545E+001  0.98982263E+000
  0.69939335E-281  0.14476984E+004  0.40878977E+001 -0.24425034E+001
  0.39481208E-280  0.14442349E+004  0.32224770E+001  0.97295268E+000
  0.15741216E-279  0.14414669E+004  0.40732928E+001 -0.86888775E+000
  0.16225309E-279  0.14414043E+004  0.33884622E+001  0.34817587E+001
  0.26112125E-279  0.14404507E+004  0.37478983E+001 -0.17103642E+001
  0.29358851E-279  0.14402144E+004  0.30722656E+001  0.45427986E+001
  0.30602756E-279  0.14401294E+004  0.41037491E+001 -0.12342569E+001
  0.78717521E-279  0.14382379E+004  0.41363383E+001 -0.19639771E+001
  0.18896102E-278  0.14364846E+004  0.41358522E+001 -0.19432587E+001
  0.46476753E-278  0.14346827E+004  0.38697949E+001  0.81395617E+000
  0.55686399E-278  0.14343192E+004  0.30217256E+001  0.46159561E+001
  0.63671600E-278  0.14340492E+004  0.40922668E+001 -0.24085392E+001
  0.23630032E-277  0.14314245E+004  0.36326232E+001  0.22732888E+001
  0.41578669E-277  0.14302924E+004  0.35378306E+001  0.27723072E+001
  0.48796061E-277  0.14299704E+004  0.31569362E+001  0.43246369E+001
  0.73973301E-277  0.14291363E+004  0.30965753E+001  0.44802199E+001
  0.18612649E-276  0.14272889E+004  0.39551101E+001 -0.23281270E+001
  0.51599012E-276  0.14252476E+004  0.36367763E+001 -0.12445927E+001
  0.63439982E-276  0.14248325E+004  0.37687705E+001  0.14708604E+001
  0.63495216E-276  0.14248288E+004  0.41223685E+001 -0.22333716E+001
  0.12852655E-275  0.14234165E+004  0.38024791E+001 -0.18947516E+001
  0.18175358E-275  0.14227215E+004  0.36400984E+001  0.22257952E+001
  0.19628025E-275  0.14225658E+004  0.41311720E+001 -0.20649086E+001
  0.60501596E-275  0.14203124E+004  0.38586579E+001  0.87878854E+000
  0.67244616E-275  0.14200991E+004  0.31382781E+001  0.15684895E+001
  0.97993948E-275  0.14193440E+004  0.41212261E+001 -0.22243801E+001
  0.38392014E-274  0.14166110E+004  0.40923027E+001 -0.11340770E+001
  0.63593430E-274  0.14155997E+004  0.37290594E+001 -0.16193598E+001
  0.24789881E-273  0.14128768E+004  0.29049074E+001  0.42477249E+001
  0.25863959E-273  0.14127900E+004  0.31292741E+001  0.43852798E+001
  0.27295749E-273  0.14126803E+004  0.36838668E+001 -0.14359195E+001
  0.31429011E-273  0.14123963E+004  0.35670253E+001  0.26102865E+001
  0.47285445E-273  0.14115774E+004  0.29640178E+001  0.45962425E+001
  0.78773040E-273  0.14105547E+004  0.33305670E+001  0.37017570E+001
  0.15607352E-272  0.14091853E+004  0.38041550E+001 -0.18891528E+001
  0.35575476E-272  0.14075355E+004  0.30751838E+001  0.45040130E+001
  0.39903269E-272  0.14073039E+004  0.35852306E+001  0.25114382E+001
  0.91333634E-272  0.14056459E+004  0.40131067E+001 -0.23938383E+001
  0.11448125E-271  0.14051921E+004  0.29062689E+001  0.40162025E+001
  0.13510712E-271  0.14048589E+004  0.29185299E+001  0.36916494E+001
  0.38263233E-271  0.14027749E+004  0.41276828E+001 -0.19416444E+001
  0.52234106E-271  0.14021504E+004  0.39277685E+001  0.36444223E+000
  0.68530789E-271  0.14016054E+004  0.38955534E+001  0.60230444E+000
  0.11318314E-270  0.14006000E+004  0.32784046E+001  0.38966366E+001
  0.15143752E-270  0.14000157E+004  0.32005548E+001  0.11534505E+001
  0.17935836E-270  0.13996753E+004  0.31947915E+001  0.41845689E+001
  0.23382238E-270  0.13991430E+004  0.33498322E+001  0.36147296E+001
  0.10805880E-269  0.13960797E+004  0.38643610E+001 -0.20702989E+001
  0.14542717E-269  0.13954837E+004  0.30084991E+001  0.26417185E+001
  0.67167405E-269  0.13924216E+004  0.29475071E+001  0.45319090E+001
  0.12118317E-268  0.13912394E+004  0.30413322E+001  0.45423929E+001
  0.19554800E-268  0.13902804E+004  0.29097969E+001  0.40064349E+001
  0.20807327E-268  0.13901543E+004  0.39688795E+001 -0.23158989E+001
  0.25439383E-268  0.13897504E+004  0.31328582E+001  0.43548893E+001
  0.37783374E-268  0.13889573E+004  0.36033187E+001  0.24020746E+001
  0.64830843E-268  0.13878755E+004  0.39338600E+001 -0.22438839E+001
  0.72930476E-268  0.13876381E+004  0.32989518E+001  0.38089556E+001
  0.16091763E-267  0.13860534E+004  0.29528855E+001  0.45328197E+001
  0.15700838E-266  0.13814955E+004  0.31327745E+001  0.43474960E+001
  0.16167002E-266  0.13814350E+004  0.40188230E+001 -0.41252039E+000
  0.38658213E-266  0.13796895E+004  0.29138249E+001  0.42301194E+001
  0.47911492E-266  0.13792583E+004  0.34368918E+001 -0.24130498E+000
  0.10379976E-265  0.13777101E+004  0.36245040E+001 -0.11562508E+001
  0.38598238E-265  0.13750815E+004  0.41009731E+001 -0.22408086E+001
  0.60687344E-265  0.13741745E+004  0.35890708E+001  0.24673797E+001
  0.14196836E-264  0.13724728E+004  0.33514658E+001  0.23776959E+000
  0.16315285E-264  0.13721927E+004  0.30958537E+001  0.19304664E+001
  0.19767083E-264  0.13718069E+004  0.29136922E+001  0.40386676E+001
  0.24621412E-264  0.13713658E+004  0.33128721E+001  0.46547524E+000
  0.41462759E-264  0.13703215E+004  0.29314784E+001  0.44091917E+001
  0.11138833E-263  0.13683431E+004  0.31402326E+001  0.43158874E+001
  0.12814926E-263  0.13680608E+004  0.29342980E+001  0.44205693E+001
  0.17153827E-263  0.13674756E+004  0.35579868E+001  0.26248959E+001
  0.34101064E-263  0.13660994E+004  0.36973203E+001  0.18582728E+001
  0.47422713E-263  0.13654379E+004  0.33723354E+001  0.34956834E+001
  0.20678436E-262  0.13624908E+004  0.39673952E+001 -0.22835582E+001
  0.56791495E-262  0.13604683E+004  0.38795314E+001  0.68022108E+000
  0.80287577E-262  0.13597739E+004  0.38486615E+001  0.89566075E+000
  0.21463456E-261  0.13578053E+004  0.36546481E+001  0.20971695E+001
  0.22758867E-261  0.13576861E+004  0.29772051E+001  0.30098417E+001
  0.30561119E-261  0.13570946E+004  0.31425431E+001  0.42994064E+001
  0.39999763E-261  0.13565544E+004  0.38812095E+001 -0.20831717E+001
  0.12405892E-260  0.13542887E+004  0.38591985E+001 -0.20186170E+001
  0.18799784E-260  0.13534554E+004  0.38912795E+001 -0.21073963E+001
  0.35846347E-260  0.13521626E+004  0.36000584E+001  0.23928593E+001
  0.12739943E-259  0.13496245E+004  0.36759615E+001  0.19698030E+001
  0.84964712E-259  0.13458276E+004  0.37928452E+001 -0.17990766E+001
  0.13184211E-258  0.13449469E+004  0.40603415E+001 -0.23054402E+001
  0.16176093E-258  0.13445359E+004  0.39637713E+001 -0.22578462E+001
  0.56540743E-258  0.13420311E+004  0.37948352E+001  0.12394058E+001
  0.18112219E-256  0.13350955E+004  0.30322217E+001  0.44852809E+001
  0.23842544E-256  0.13345438E+004  0.39264126E+001 -0.21744092E+001
  0.25188167E-256  0.13344321E+004  0.29266022E+001  0.42074500E+001
  0.40678379E-256  0.13334715E+004  0.36298547E+001  0.22172259E+001
  0.57300848E-256  0.13327843E+004  0.29233323E+001  0.40484278E+001
  0.79143793E-256  0.13321364E+004  0.38497877E+001  0.86375812E+000
  0.19330731E-255  0.13303484E+004  0.31465378E+001  0.42639815E+001
  0.21378721E-255  0.13301451E+004  0.29404954E+001  0.35460990E+001
  0.31723304E-255  0.13293538E+004  0.41016487E+001 -0.20760967E+001
  0.32571512E-255  0.13292991E+004  0.39185643E+001 -0.21515482E+001
  0.38410003E-255  0.13289674E+004  0.30514896E+001  0.44567897E+001
  0.54226029E-255  0.13282757E+004  0.40347517E+001 -0.63980143E+000
  0.60724413E-255  0.13280474E+004  0.39075235E+001  0.44533713E+000
  0.72069134E-255  0.13277029E+004  0.32566334E+001  0.84675584E+000
  0.13788148E-254  0.13264034E+004  0.40526436E+001 -0.22832795E+001
  0.21447456E-254  0.13255179E+004  0.38732968E+001 -0.20330214E+001
  0.18075084E-253  0.13212529E+004  0.30853141E+001  0.43943845E+001
  0.29366772E-253  0.13202803E+004  0.29575847E+001  0.33168186E+001
  0.66869988E-253  0.13186326E+004  0.37755682E+001  0.13438521E+001
  0.91474564E-253  0.13180040E+004  0.29305679E+001  0.41819914E+001
  0.11486141E-252  0.13175467E+004  0.30025374E+001  0.44727776E+001
  0.12511040E-252  0.13173738E+004  0.35930892E+001  0.24044885E+001
  0.26661361E-252  0.13158587E+004  0.39047083E+001 -0.21056508E+001
  0.58476388E-252  0.13142859E+004  0.40839536E+001 -0.12565575E+001
  0.14647268E-251  0.13124475E+004  0.34958921E+001  0.28952349E+001
  0.17506049E-251  0.13120890E+004  0.36470719E+001  0.21055276E+001
  0.24202863E-251  0.13114392E+004  0.30550666E+001  0.23289046E+001
  0.25734776E-251  0.13113145E+004  0.38997597E+001  0.48696290E+000
  0.59923511E-251  0.13096221E+004  0.32679513E+001  0.38629359E+001
  0.79010336E-251  0.13090671E+004  0.37411273E+001 -0.15830617E+001
  0.17810394E-250  0.13074396E+004  0.35775810E+001  0.24791434E+001
  0.27184423E-250  0.13065919E+004  0.38945821E+001 -0.20716123E+001
  0.27651599E-250  0.13065559E+004  0.29836145E+001  0.30263185E+001
  0.29846628E-250  0.13064011E+004  0.29305364E+001  0.39250278E+001
  0.29890137E-250  0.13063963E+004  0.41021104E+001 -0.16839655E+001
  0.31083498E-250  0.13063160E+004  0.30203820E+001  0.26488404E+001
  0.48673016E-250  0.13054172E+004  0.40020660E+001 -0.35663065E+000
  0.89392527E-250  0.13041994E+004  0.31199895E+001  0.18132120E+001
  0.19493777E-249  0.13026381E+004  0.32367542E+001  0.99551973E+000
  0.22567662E-249  0.13023433E+004  0.30128900E+001  0.27269322E+001
  0.30069287E-249  0.13017674E+004  0.29924494E+001  0.44427574E+001
  0.91041354E-249  0.12995499E+004  0.30759904E+001  0.21662875E+001
  0.12409665E-248  0.12989284E+004  0.29327347E+001  0.38969624E+001
  0.27540989E-248  0.12973321E+004  0.38628494E+001  0.74115514E+000
  0.45999552E-248  0.12963042E+004  0.40294816E+001 -0.22515102E+001
  0.24524416E-246  0.12883498E+004  0.32052117E+001  0.40563973E+001
  0.32138817E-246  0.12878071E+004  0.34145511E+001  0.32545873E+001
  0.65130750E-246  0.12863925E+004  0.32183015E+001  0.11311361E+001
  0.69174691E-246  0.12862700E+004  0.32175865E+001  0.40153507E+001
  0.77600417E-246  0.12860382E+004  0.30607342E+001  0.23104825E+001
  0.13272260E-245  0.12849629E+004  0.33658984E+001  0.22117376E+000
  0.22245417E-245  0.12839280E+004  0.30490114E+001  0.44048461E+001
  0.29673040E-245  0.12833498E+004  0.31117108E+001  0.18980933E+001
  0.41848553E-245  0.12826603E+004  0.39203701E+001  0.30202839E+000
  0.89429282E-245  0.12811395E+004  0.40074544E+001 -0.43994779E+000
  0.12344861E-244  0.12804928E+004  0.36004798E+001  0.23373917E+001
  0.15733217E-244  0.12800058E+004  0.37971356E+001  0.11725175E+001
  0.27438858E-244  0.12788915E+004  0.37666235E+001  0.13679176E+001
  0.55020194E-244  0.12774980E+004  0.37819208E+001  0.12691298E+001
  0.63318296E-244  0.12772151E+004  0.33815179E+001  0.13835171E+000
  0.89704071E-244  0.12765165E+004  0.31843602E+001  0.41088712E+001
  0.61965108E-243  0.12726493E+004  0.39244374E+001  0.25990383E+000
  0.13778264E-242  0.12710491E+004  0.32659905E+001  0.38382205E+001
  0.58622915E-242  0.12681511E+004  0.34404359E+001  0.31232433E+001
  0.60446211E-242  0.12680879E+004  0.40659453E+001 -0.21337914E+001
  0.67509252E-242  0.12678649E+004  0.39606756E+001 -0.21659554E+001
  0.91123115E-242  0.12672631E+004  0.36849151E+001  0.18547315E+001
  0.26375381E-241  0.12651355E+004  0.36884210E+001  0.18325834E+001
  0.51344424E-241  0.12638013E+004  0.40859679E+001 -0.19736075E+001
  0.66396001E-241  0.12632852E+004  0.29418690E+001  0.38569589E+001
  0.87197513E-241  0.12627382E+004  0.40512848E+001 -0.93532502E+000
  0.29674500E-240  0.12602868E+004  0.35148627E+001 -0.55522098E+000
  0.44448049E-240  0.12594768E+004  0.39583046E+001 -0.29158264E-001
  0.57603103E-240  0.12589563E+004  0.32457229E+001  0.97420161E+000
  0.76701837E-240  0.12583817E+004  0.36145294E+001  0.22445935E+001
  0.11759136E-239  0.12575251E+004  0.32645280E+001  0.85454163E+000
  0.14824639E-239  0.12570599E+004  0.34303227E+001 -0.11542007E+000
  0.15357094E-239  0.12569873E+004  0.40616503E+001 -0.21235876E+001
  0.15582532E-239  0.12569562E+004  0.31517001E+001  0.41803622E+001
  0.18609398E-239  0.12565993E+004  0.29955956E+001  0.43680538E+001
  0.41035708E-239  0.12550158E+004  0.40801632E+001 -0.13846881E+001
  0.55915250E-239  0.12543950E+004  0.31896234E+001  0.13550549E+001
  0.78270529E-239  0.12537204E+004  0.32026510E+001  0.12658026E+001
  0.93812356E-239  0.12533562E+004  0.32395719E+001  0.39145957E+001
  0.42205411E-238  0.12503466E+004  0.29445303E+001  0.39190053E+001
  0.60339938E-238  0.12496297E+004  0.40379029E+001 -0.21661611E+001
  0.12169029E-237  0.12482248E+004  0.32941959E+001  0.37165358E+001
  0.15487496E-237  0.12477406E+004  0.29577625E+001  0.42057396E+001
  0.43184047E-237  0.12456877E+004  0.37839478E+001  0.12290266E+001
  0.19802134E-236  0.12426400E+004  0.39304460E+001 -0.20859556E+001
  0.59181052E-236  0.12404484E+004  0.32165971E+001  0.11830323E+001
  0.10399592E-235  0.12393190E+004  0.36910867E+001 -0.13327587E+001
  0.11432903E-234  0.12345224E+004  0.40527483E+001 -0.21020692E+001
  0.13324570E-234  0.12342142E+004  0.39898644E+001 -0.21545943E+001
  0.23705260E-234  0.12330601E+004  0.39685971E+001 -0.21340765E+001
  0.11738586E-233  0.12298586E+004  0.37469166E+001 -0.15399030E+001
  0.12067614E-233  0.12298013E+004  0.31398169E+001  0.41826515E+001
  0.14884008E-233  0.12293799E+004  0.31130405E+001  0.42412553E+001
  0.14967140E-233  0.12293668E+004  0.31917623E+001  0.13633417E+001
  0.18341218E-233  0.12289582E+004  0.38478280E+001 -0.18714588E+001
  0.20342311E-233  0.12287492E+004  0.38326033E+001 -0.18264619E+001
  0.26372945E-233  0.12282280E+004  0.30157897E+001  0.28116668E+001
  0.89724135E-233  0.12257772E+004  0.39931071E+001 -0.21445146E+001
  0.10133346E-232  0.12255319E+004  0.34886902E+001  0.28647133E+001
  0.10403502E-232  0.12254773E+004  0.39633366E+001 -0.11328337E+000
  0.10623544E-232  0.12254335E+004  0.40760595E+001 -0.19190134E+001
  0.23695960E-232  0.12238271E+004  0.35206894E+001  0.27069874E+001
  0.58584474E-232  0.12220148E+004  0.30311781E+001  0.26659351E+001
  0.12073532E-231  0.12205666E+004  0.38776522E+001  0.56103246E+000
  0.19819947E-231  0.12195733E+004  0.39238133E+001 -0.20476782E+001
  0.33078423E-231  0.12185470E+004  0.32464088E+001  0.10046858E+001
  0.45985557E-231  0.12178861E+004  0.38138039E+001 -0.17585227E+001
  0.46618075E-231  0.12178568E+004  0.39109322E+001 -0.20195822E+001
  0.96678570E-231  0.12163961E+004  0.39991593E+001 -0.45344835E+000
  0.97911183E-231  0.12163688E+004  0.34011045E+001  0.32585906E+001
  0.20844141E-230  0.12148556E+004  0.39760420E+001 -0.23923051E+000
  0.43559029E-230  0.12133796E+004  0.34094808E+001  0.31946993E-001
  0.22051275E-229  0.12101340E+004  0.29754021E+001  0.42057842E+001
  0.32689043E-229  0.12093447E+004  0.35585851E+001  0.25038120E+001
  0.90017403E-229  0.12073168E+004  0.34411223E+001 -0.13502302E+000
  0.27573779E-228  0.12050760E+004  0.37960813E+001  0.11141261E+001
  0.41443240E-228  0.12042591E+004  0.30599853E+001  0.42911329E+001
  0.48452731E-228  0.12039446E+004  0.30975867E+001  0.20980006E+001
  0.57112803E-228  0.12036138E+004  0.37257393E+001  0.15596945E+001
  0.12025464E-227  0.12021227E+004  0.36609941E+001  0.19412334E+001
  0.19870798E-227  0.12011163E+004  0.39826408E+001 -0.31840030E+000
  0.21243846E-227  0.12009807E+004  0.31548309E+001  0.41166468E+001
  0.23181178E-227  0.12008042E+004  0.35138730E+001  0.27230122E+001
  0.64703567E-227  0.11987493E+004  0.37450316E+001  0.14364483E+001
  0.10495334E-226  0.11977799E+004  0.39143695E+001  0.25805815E+000
  0.13808545E-226  0.11972292E+004  0.34006645E+001  0.93503187E-001
  0.17758593E-226  0.11967241E+004  0.31518535E+001  0.16824498E+001
  0.77570504E-226  0.11937735E+004  0.40330068E+001 -0.20663038E+001
  0.13803319E-225  0.11926190E+004  0.36551345E+001 -0.11473997E+001
  0.48165111E-225  0.11901176E+004  0.37469298E+001 -0.15063543E+001
  0.51587581E-225  0.11899783E+004  0.40726569E+001 -0.16009738E+001
  0.91437781E-225  0.11888316E+004  0.39070681E+001  0.30544009E+000
  0.14424490E-224  0.11879180E+004  0.29684757E+001  0.35488252E+001
  0.11877241E-222  0.11790943E+004  0.34684117E+001 -0.25685007E+000
  0.27525462E-222  0.11774114E+004  0.40693109E+001 -0.16914875E+001
  0.28310057E-222  0.11773532E+004  0.40233508E+001 -0.77405156E+000
  0.34517916E-222  0.11769547E+004  0.36163197E+001 -0.96734911E+000
  0.38048198E-222  0.11767580E+004  0.34044751E+001  0.88638935E-001
  0.10432131E-221  0.11747388E+004  0.30604969E+001  0.24561041E+001
  0.29574588E-221  0.11726528E+004  0.29806955E+001  0.33743559E+001
  0.59345036E-221  0.11712580E+004  0.33490285E+001  0.34404785E+001
  0.68176568E-221  0.11709785E+004  0.30746726E+001  0.42326540E+001
  0.14108367E-220  0.11695221E+004  0.40673092E+001 -0.16663481E+001
  0.17456873E-220  0.11690942E+004  0.36891995E+001 -0.12680769E+001
  0.31125995E-220  0.11679356E+004  0.32397201E+001  0.10938689E+001
  0.39911965E-220  0.11674364E+004  0.38314368E+001  0.83962339E+000
  0.43833105E-220  0.11672470E+004  0.40431536E+001 -0.19716932E+001
  0.32803922E-219  0.11632196E+004  0.35464796E+001 -0.63460793E+000
  0.11241305E-218  0.11607544E+004  0.39297061E+001 -0.19904790E+001
  0.23234950E-218  0.11593003E+004  0.40495784E+001 -0.11741833E+001
  0.23329435E-218  0.11592902E+004  0.40418026E+001 -0.10521900E+001
  0.25944138E-218  0.11590758E+004  0.39823616E+001 -0.20432578E+001
  0.67783411E-218  0.11571531E+004  0.30045467E+001  0.41864912E+001
  0.72964755E-218  0.11570038E+004  0.29887633E+001  0.32933390E+001
  0.73042807E-218  0.11569998E+004  0.31126903E+001  0.20296724E+001
  0.18339011E-217  0.11551567E+004  0.38946353E+001 -0.19163779E+001
  0.23218704E-217  0.11546829E+004  0.39123271E+001  0.22572373E+000
  0.26395808E-217  0.11544244E+004  0.38260798E+001  0.86434366E+000
  0.33073664E-217  0.11539714E+004  0.36189393E+001  0.21384570E+001
  0.33431027E-217  0.11539479E+004  0.29784359E+001  0.34895944E+001
  0.81783747E-217  0.11521568E+004  0.39019231E+001 -0.19286061E+001
  0.22822100E-216  0.11501024E+004  0.35657978E+001  0.24198777E+001
  0.53494078E-216  0.11483967E+004  0.39320086E+001 -0.19791624E+001
  0.59932632E-216  0.11481675E+004  0.37819465E+001 -0.15917365E+001
  0.60723226E-216  0.11481393E+004  0.36203342E+001  0.21260663E+001
  0.71463427E-216  0.11478117E+004  0.40034058E+001 -0.20207106E+001
  0.10601763E-215  0.11470209E+004  0.40518784E+001 -0.12631607E+001
  0.10843934E-215  0.11469737E+004  0.39089306E+001  0.24392210E+000
  0.14029994E-215  0.11464566E+004  0.32147085E+001  0.12827633E+001
  0.14938855E-215  0.11463291E+004  0.33575374E+001  0.38046360E+000
  0.27651349E-215  0.11450958E+004  0.30642090E+001  0.42060658E+001
  0.29355468E-215  0.11449742E+004  0.32217042E+001  0.38743125E+001
  0.34182893E-215  0.11446677E+004  0.38022109E+001  0.10181002E+001
  0.60638584E-215  0.11435194E+004  0.29922672E+001  0.32796014E+001
  0.61248355E-215  0.11434974E+004  0.39264224E+001 -0.19642671E+001
  0.71563271E-215  0.11431842E+004  0.38856856E+001 -0.18833117E+001
  0.10127687E-214  0.11424877E+004  0.35222557E+001 -0.50050111E+000
  0.10792915E-214  0.11423585E+004  0.38527910E+001  0.66350705E+000
  0.13656068E-213  0.11372808E+004  0.31957809E+001  0.39435738E+001
  0.16441196E-213  0.11369076E+004  0.31590415E+001  0.40396884E+001
  0.51114711E-213  0.11346371E+004  0.35737999E+001  0.23656139E+001
  0.62293568E-213  0.11342396E+004  0.33960602E+001  0.32144225E+001
  0.89790582E-213  0.11335064E+004  0.36332415E+001  0.20425409E+001
  0.23565412E-212  0.11315747E+004  0.33845326E+001  0.32612798E+001
  0.25391295E-212  0.11314235E+004  0.34595484E+001 -0.17255738E+000
  0.32540577E-212  0.11309253E+004  0.30091455E+001  0.30755495E+001
  0.54133530E-212  0.11299055E+004  0.30257662E+001  0.28781293E+001
  0.55360082E-212  0.11298587E+004  0.36394382E+001 -0.10297736E+001
  0.14427803E-211  0.11279410E+004  0.39723303E+001 -0.19930962E+001
  0.45950967E-211  0.11256222E+004  0.29931199E+001  0.33235234E+001
  0.51133344E-211  0.11254065E+004  0.39436969E+001 -0.19660650E+001
  0.12099261E-210  0.11236820E+004  0.37167226E+001 -0.13369101E+001
  0.13481162E-210  0.11234637E+004  0.35840170E+001  0.23025923E+001
  0.14643843E-210  0.11232963E+004  0.30876473E+001  0.22826010E+001
  0.19046572E-210  0.11227686E+004  0.30772558E+001  0.41647986E+001
  0.19312697E-210  0.11227389E+004  0.39352072E+001 -0.19516750E+001
  0.25122564E-210  0.11222110E+004  0.29833678E+001  0.39288199E+001
  0.29457868E-210  0.11218906E+004  0.31091065E+001  0.41239661E+001
  0.46224978E-210  0.11209876E+004  0.29988371E+001  0.32461838E+001
  0.13243292E-209  0.11188805E+004  0.36673501E+001  0.18363595E+001
  0.14020054E-209  0.11187645E+004  0.30036559E+001  0.31809414E+001
  0.51802114E-209  0.11161487E+004  0.40056055E+001 -0.19592276E+001
  0.63435951E-208  0.11111364E+004  0.38738356E+001 -0.18209852E+001
  0.91215284E-208  0.11104080E+004  0.34942827E+001  0.27470390E+001
  0.12157345E-207  0.11098315E+004  0.30544456E+001  0.41554575E+001
  0.18119132E-207  0.11090315E+004  0.37548112E+001 -0.14632036E+001
  0.22197816E-207  0.11086235E+004  0.35989316E+001 -0.83454127E+000
  0.59831695E-207  0.11066384E+004  0.33244450E+001  0.61103880E+000
  0.13045798E-206  0.11050775E+004  0.33679661E+001  0.33081388E+001
  0.20219383E-206  0.11041992E+004  0.39191524E+001  0.11008047E+000
  0.87496300E-206  0.11012673E+004  0.33121669E+001  0.69075995E+000
  0.12197816E-205  0.11006008E+004  0.38777970E+001  0.43387801E+000
  0.22230351E-205  0.10993985E+004  0.39528768E+001 -0.19396332E+001
  0.32208949E-205  0.10986550E+004  0.32448706E+001  0.11240263E+001
  0.63015869E-205  0.10973107E+004  0.40438779E+001 -0.13379457E+001
  0.70416460E-205  0.10970867E+004  0.35194529E+001  0.26129608E+001
  0.10484303E-204  0.10962887E+004  0.30776683E+001  0.24098450E+001
  0.24172651E-204  0.10946160E+004  0.31595378E+001  0.39926218E+001
  0.36715125E-204  0.10937782E+004  0.37995539E+001  0.98764445E+000
  0.52210375E-204  0.10930720E+004  0.35718238E+001 -0.69776393E+000
  0.17623095E-203  0.10906370E+004  0.38757829E+001  0.43813888E+000
  0.53709000E-203  0.10884063E+004  0.30843788E+001  0.41102396E+001
  0.31234527E-202  0.10848833E+004  0.38671124E+001 -0.17763254E+001
  0.42166696E-202  0.10842812E+004  0.30453681E+001  0.41077456E+001
  0.61397921E-202  0.10835277E+004  0.32096290E+001  0.13799306E+001
  0.68948758E-202  0.10832938E+004  0.32985795E+001  0.79115750E+000
  0.96155632E-202  0.10826266E+004  0.30992031E+001  0.22362206E+001
  0.21399232E-201  0.10810247E+004  0.30129745E+001  0.40249262E+001
  0.39091137E-201  0.10798177E+004  0.39677839E+001 -0.19172722E+001
  0.75629615E-201  0.10784958E+004  0.30366170E+001  0.28566839E+001
  0.78325820E-201  0.10784238E+004  0.35856964E+001  0.22566605E+001
  0.88464337E-201  0.10781784E+004  0.36260697E+001  0.20365307E+001
  0.10420598E-200  0.10778489E+004  0.40353836E+001 -0.17101407E+001
  0.17162447E-200  0.10768491E+004  0.35083993E+001  0.26508947E+001
  0.19639913E-200  0.10765775E+004  0.40192936E+001 -0.95660446E+000
  0.25615474E-200  0.10760443E+004  0.35019953E+001 -0.34580081E+000
  0.31587484E-200  0.10756232E+004  0.39051951E+001  0.18930807E+000
  0.35073804E-200  0.10754118E+004  0.36428964E+001  0.19397159E+001
  0.42180112E-200  0.10750409E+004  0.35771526E+001 -0.70753680E+000
  0.25408175E-199  0.10714475E+004  0.29940470E+001  0.37501221E+001
  0.10273207E-198  0.10686515E+004  0.30663730E+001  0.40884530E+001
  0.11094140E-198  0.10684958E+004  0.32449823E+001  0.11522285E+001
  0.11154102E-198  0.10684830E+004  0.34770767E+001  0.27948540E+001
  0.18593546E-198  0.10674591E+004  0.35453605E+001 -0.55169736E+000
  0.25548621E-198  0.10668216E+004  0.37630373E+001 -0.14526975E+001
  0.42115005E-198  0.10658200E+004  0.37299008E+001  0.14141305E+001
  0.68197723E-198  0.10648540E+004  0.37323899E+001 -0.13428749E+001
  0.91610234E-198  0.10642618E+004  0.33380980E+001  0.56582615E+000
  0.15985646E-197  0.10631464E+004  0.34781597E+001  0.27852858E+001
  0.52767698E-197  0.10607560E+004  0.36712414E+001 -0.11037773E+001
  0.69620168E-197  0.10601998E+004  0.33250932E+001  0.64810450E+000
  0.89680494E-197  0.10596914E+004  0.32408873E+001  0.37322925E+001
  0.94321687E-197  0.10595885E+004  0.33710467E+001  0.32564995E+001
  0.11275506E-196  0.10592296E+004  0.40360874E+001 -0.14136000E+001
  0.24885879E-196  0.10576443E+004  0.37239641E+001  0.14436446E+001
  0.29720496E-196  0.10572873E+004  0.39335867E+001 -0.18621277E+001
  0.31746874E-196  0.10571534E+004  0.40327127E+001 -0.12924560E+001
  0.51047705E-196  0.10562015E+004  0.30036191E+001  0.34131919E+001
  0.57500234E-196  0.10559615E+004  0.33284768E+001  0.34222411E+001
  0.62260452E-196  0.10558005E+004  0.37813247E+001  0.10733030E+001
  0.15292821E-195  0.10540012E+004  0.36640836E+001 -0.10687337E+001
  0.15633726E-195  0.10539552E+004  0.30224865E+001  0.30921074E+001
  0.21435566E-195  0.10533220E+004  0.34658209E+001  0.28350587E+001
  0.33247684E-195  0.10524422E+004  0.30510553E+001  0.27468352E+001
  0.40264629E-195  0.10520572E+004  0.30096197E+001  0.39047471E+001
  0.53677478E-195  0.10514803E+004  0.31440436E+001  0.39760150E+001
  0.66209916E-195  0.10510586E+004  0.38034541E+001 -0.15676486E+001
  0.68831162E-195  0.10509790E+004  0.33784413E+001  0.34040578E+000
  0.12400277E-194  0.10497998E+004  0.30344377E+001  0.40196343E+001
  0.13769482E-194  0.10495884E+004  0.39022634E+001 -0.18077953E+001
  0.14491058E-194  0.10494842E+004  0.37995563E+001 -0.15541958E+001
  0.14574059E-194  0.10494709E+004  0.31033571E+001  0.22453782E+001
  0.17047197E-194  0.10491554E+004  0.40320349E+001 -0.13390898E+001
  0.28094944E-194  0.10481543E+004  0.32152566E+001  0.37978731E+001
  0.39877826E-194  0.10474519E+004  0.31064591E+001  0.40305290E+001
  0.97230496E-194  0.10456674E+004  0.34974440E+001 -0.29753984E+000
  0.15804771E-193  0.10446938E+004  0.34321397E+001  0.45682386E-001
  0.17092856E-193  0.10445352E+004  0.39641205E+001 -0.38019697E+000
  0.18117235E-193  0.10444168E+004  0.30635072E+001  0.40468471E+001
  0.21716385E-193  0.10440524E+004  0.34997686E+001 -0.30792596E+000
  0.31989354E-193  0.10432758E+004  0.40276603E+001 -0.12435669E+001
  0.37016954E-193  0.10429819E+004  0.30017882E+001  0.36242459E+001
  0.13546242E-192  0.10403853E+004  0.30509305E+001  0.40295439E+001
  0.17039754E-192  0.10399245E+004  0.30128025E+001  0.38830668E+001
  0.66424608E-192  0.10372015E+004  0.36610028E+001  0.18029469E+001
  0.22688119E-191  0.10347428E+004  0.36985166E+001 -0.11885900E+001
  0.26359018E-191  0.10344409E+004  0.34525424E+001  0.28805070E+001
  0.51816924E-191  0.10330872E+004  0.33266877E+001  0.34084011E+001
  0.53765740E-191  0.10330114E+004  0.36253572E+001 -0.88749014E+000
  0.55330787E-191  0.10329521E+004  0.39634361E+001 -0.18394200E+001
  0.12433744E-190  0.10313308E+004  0.40275939E+001 -0.15177353E+001
  0.32458195E-189  0.10248046E+004  0.31928726E+001  0.15619460E+001
  0.33302140E-189  0.10247513E+004  0.38775603E+001 -0.17305156E+001
  0.36650093E-189  0.10245577E+004  0.40158163E+001 -0.10768778E+001
  0.14843685E-188  0.10217583E+004  0.30507831E+001  0.39911227E+001
  0.18867763E-188  0.10212766E+004  0.31289097E+001  0.39646231E+001
  0.21448546E-188  0.10210182E+004  0.37819575E+001  0.10348492E+001
  0.30033324E-188  0.10203430E+004  0.37487764E+001  0.12521581E+001
  0.31012211E-188  0.10202769E+004  0.38485024E+001 -0.16594152E+001
  0.40083251E-188  0.10197618E+004  0.39985394E+001 -0.17573770E+001
  0.15491508E-187  0.10170560E+004  0.35895056E+001 -0.71495525E+000
  0.15696422E-187  0.10170277E+004  0.31347695E+001  0.39497070E+001
  0.16345894E-187  0.10169447E+004  0.39083711E+001 -0.17751148E+001
  0.18188817E-187  0.10167291E+004  0.32665451E+001  0.36072811E+001
  0.21293981E-187  0.10164119E+004  0.32600488E+001  0.36283071E+001
  0.31975107E-187  0.10155969E+004  0.34512455E+001  0.28703076E+001
  0.33616017E-187  0.10154948E+004  0.31394482E+001  0.39398219E+001
  0.66020486E-187  0.10141430E+004  0.36660454E+001 -0.10415420E+001
  0.10841546E-186  0.10131490E+004  0.39169572E+001  0.90082628E-002
  0.28619173E-186  0.10112057E+004  0.31842086E+001  0.38405723E+001
  0.38690814E-186  0.10106007E+004  0.31329602E+001  0.39442339E+001
  0.40030888E-186  0.10105306E+004  0.34348327E+001  0.29401931E+001
  0.44496604E-186  0.10103171E+004  0.33883006E+001  0.31957801E+000
  0.44540079E-186  0.10103132E+004  0.34776392E+001 -0.16618874E+000
  0.95590335E-186  0.10087839E+004  0.38780523E+001 -0.17121141E+001
  0.13817573E-185  0.10080451E+004  0.30566817E+001  0.27729519E+001
  0.17808272E-185  0.10075357E+004  0.31079737E+001  0.22643673E+001
  0.59909055E-185  0.10051074E+004  0.37055845E+001  0.15086612E+001
  0.16788060E-184  0.10030446E+004  0.39828115E+001 -0.66370252E+000
  0.17743599E-184  0.10029319E+004  0.31555043E+001  0.18717400E+001
  0.30082257E-184  0.10018741E+004  0.32064592E+001  0.14883390E+001
  0.45433776E-184  0.10010475E+004  0.30255385E+001  0.32186131E+001
  0.17465444E-183  0.99835248E+003  0.39320666E+001 -0.17744682E+001
  0.22987773E-183  0.99780105E+003  0.39937665E+001 -0.81736524E+000
  0.23474281E-183  0.99775721E+003  0.33448965E+001  0.33060470E+001
  0.28509682E-183  0.99736658E+003  0.39496701E+001 -0.31678306E+000
  0.29903577E-183  0.99726916E+003  0.30357102E+001  0.30665227E+001
  0.31545864E-183  0.99716028E+003  0.34631056E+001 -0.79001067E-001
  0.34528600E-183  0.99697764E+003  0.34959017E+001  0.26442926E+001
  0.41150390E-183  0.99662480E+003  0.35740801E+001  0.22487786E+001
  0.43985626E-183  0.99648958E+003  0.32315176E+001  0.13167536E+001
  0.46352868E-183  0.99638279E+003  0.30274386E+001  0.38308403E+001
  0.13515968E-182  0.99424049E+003  0.30255835E+001  0.32467504E+001
  0.13730752E-182  0.99420701E+003  0.38023452E+001 -0.15058525E+001
  0.22055031E-182  0.99325725E+003  0.39064313E+001  0.71961573E-001
  0.22973672E-182  0.99317368E+003  0.38812491E+001  0.27998342E+000
  0.31016898E-182  0.99257136E+003  0.37629011E+001 -0.13804366E+001
  0.52339645E-182  0.99152297E+003  0.34775325E+001 -0.14939858E+000
  0.60851646E-182  0.99121965E+003  0.34582877E+001  0.28168401E+001
  0.71744943E-182  0.99088834E+003  0.34868705E+001 -0.19694061E+000
  0.73971236E-182  0.99082527E+003  0.34849171E+001  0.26916626E+001
  0.79935019E-182  0.99066824E+003  0.39557567E+001 -0.38985133E+000
  0.10175445E-181  0.99018359E+003  0.36918235E+001 -0.11219901E+001
  0.11282517E-181  0.98997508E+003  0.33466261E+001  0.58173982E+000
  0.13584744E-181  0.98960175E+003  0.38771117E+001  0.30854549E+000
  0.13650691E-181  0.98959011E+003  0.39911438E+001 -0.17027585E+001
  0.14584017E-181  0.98945588E+003  0.37162625E+001  0.14282063E+001
  0.16607127E-181  0.98919412E+003  0.39393210E+001 -0.22995701E+000
  0.17832330E-181  0.98904980E+003  0.30309996E+001  0.38296674E+001
  0.23642692E-181  0.98848377E+003  0.30190283E+001  0.36566578E+001
  0.75842977E-181  0.98615060E+003  0.36027811E+001 -0.74758684E+000
  0.14316844E-180  0.98487793E+003  0.30285047E+001  0.32315140E+001
  0.17157843E-180  0.98451394E+003  0.31072299E+001  0.23055429E+001
  0.20338508E-180  0.98417187E+003  0.30397206E+001  0.38646821E+001
  0.43432534E-180  0.98265253E+003  0.35287518E+001  0.24701009E+001
  0.10003770E-179  0.98098190E+003  0.31607869E+001  0.38565055E+001
  0.10264461E-179  0.98092850E+003  0.35567170E+001  0.23259444E+001
  0.24655549E-179  0.97917392E+003  0.36062077E+001  0.20606204E+001
  0.32305238E-179  0.97863151E+003  0.30586848E+001  0.39107415E+001
  0.39085011E-179  0.97824854E+003  0.32919125E+001  0.93217161E+000
  0.48939870E-179  0.97779688E+003  0.32266030E+001  0.36911114E+001
  0.58226297E-179  0.97744744E+003  0.35369353E+001 -0.43446864E+000
  0.64713909E-179  0.97723421E+003  0.39526178E+001 -0.17433085E+001
  0.80449188E-179  0.97679696E+003  0.34569369E+001 -0.28617730E-001
  0.89278538E-179  0.97658673E+003  0.38830858E+001  0.24391697E+000
  0.25504327E-178  0.97448544E+003  0.35889521E+001  0.21501164E+001
  0.30578160E-178  0.97412061E+003  0.39617039E+001 -0.48421174E+000
  0.48001774E-178  0.97321675E+003  0.37264296E+001  0.13490798E+001
  0.58556550E-178  0.97281729E+003  0.34545131E+001  0.28180354E+001
  0.10368559E-177  0.97167260E+003  0.39345443E+001 -0.17334179E+001
  0.14390851E-177  0.97101502E+003  0.34652657E+001  0.27668187E+001
  0.15777755E-177  0.97082905E+003  0.38109640E+001  0.78251280E+000
  0.18963616E-177  0.97045925E+003  0.30618878E+001  0.38984633E+001
  0.23415293E-177  0.97003557E+003  0.35678446E+001 -0.57451353E+000
  0.41179120E-177  0.96890453E+003  0.38215313E+001  0.70477088E+000
  0.56104022E-177  0.96828403E+003  0.37984322E+001  0.86780697E+000
  0.87577247E-177  0.96739145E+003  0.32322082E+001  0.36637234E+001
  0.39279691E-176  0.96438795E+003  0.32118558E+001  0.37171937E+001
  0.98104992E-176  0.96255534E+003  0.37980588E+001 -0.14595659E+001
  0.18141238E-175  0.96132392E+003  0.30275382E+001  0.34081959E+001
  0.20248421E-175  0.96110219E+003  0.33708429E+001  0.31691617E+001
  0.32402643E-175  0.96015991E+003  0.40071048E+001 -0.13376911E+001
  0.61575439E-175  0.95887391E+003  0.37273346E+001 -0.12245472E+001
  0.79247499E-175  0.95836733E+003  0.30279729E+001  0.34255894E+001
  0.83026842E-175  0.95827220E+003  0.39355517E+001 -0.17112659E+001
  0.22416735E-174  0.95628379E+003  0.30311289E+001  0.33304804E+001
  0.26780920E-174  0.95592608E+003  0.30350445E+001  0.37220628E+001
  0.32745974E-174  0.95552195E+003  0.30884011E+001  0.25350242E+001
  0.97845718E-174  0.95333077E+003  0.39720867E+001 -0.16678912E+001
  0.10502075E-173  0.95318728E+003  0.36206005E+001  0.19577341E+001
  0.10664714E-173  0.95315460E+003  0.31779941E+001  0.37862484E+001
  0.11384252E-173  0.95302206E+003  0.38396949E+001  0.55293808E+000
  0.14277845E-173  0.95256716E+003  0.33669702E+001  0.49560648E+000
  0.83711074E-173  0.94902788E+003  0.36038346E+001 -0.71910673E+000
  0.99101377E-173  0.94868838E+003  0.30308325E+001  0.34170903E+001
  0.21563968E-172  0.94713150E+003  0.32531084E+001  0.35794250E+001
  0.21893926E-172  0.94709918E+003  0.40021140E+001 -0.13968875E+001
  0.23107331E-172  0.94698934E+003  0.39971296E+001 -0.15016445E+001
  0.38744618E-172  0.94595371E+003  0.30692650E+001  0.27630764E+001
  0.57376241E-172  0.94516648E+003  0.36238375E+001  0.19323324E+001
  0.10003469E-171  0.94405275E+003  0.31420002E+001  0.38401213E+001
  0.12485722E-171  0.94360749E+003  0.39560366E+001 -0.48449345E+000
  0.19524296E-171  0.94271139E+003  0.34999126E+001  0.25772016E+001
  0.20571081E-171  0.94260499E+003  0.34277490E+001  0.15939243E+000
  0.23999252E-171  0.94229476E+003  0.36201768E+001  0.19501748E+001
  0.61273725E-171  0.94041815E+003  0.30353114E+001  0.36273525E+001
  0.71895993E-171  0.94009646E+003  0.34182955E+001  0.21385540E+000
  0.82286139E-171  0.93982455E+003  0.39525529E+001 -0.45400203E+000
  0.83978191E-171  0.93978188E+003  0.33700464E+001  0.48949647E+000
  0.96829895E-171  0.93949514E+003  0.34389749E+001  0.10098117E+000
  0.18745298E-170  0.93817204E+003  0.36640786E+001  0.16950344E+001
  0.24481044E-170  0.93763617E+003  0.37743650E+001 -0.13611011E+001
  0.26721331E-170  0.93745910E+003  0.32320482E+001  0.36314751E+001
  0.34011604E-170  0.93697466E+003  0.35599071E+001  0.22703785E+001
  0.43044581E-170  0.93650164E+003  0.39739309E+001 -0.71790616E+000
  0.57413188E-170  0.93592362E+003  0.39458964E+001 -0.39041440E+000
  0.94098294E-170  0.93493353E+003  0.36772813E+001 -0.10134166E+001
  0.39918647E-169  0.93204140E+003  0.39331506E+001 -0.26746318E+000
  0.43006743E-169  0.93189042E+003  0.37559880E+001 -0.12959827E+001
  0.10178310E-168  0.93016550E+003  0.31499097E+001  0.20124813E+001
  0.10487051E-168  0.93010378E+003  0.31660714E+001  0.18802895E+001
  0.15444802E-168  0.92932757E+003  0.39599962E+001 -0.56129525E+000
  0.33496066E-168  0.92777730E+003  0.31493816E+001  0.38063646E+001
  0.33993517E-168  0.92774587E+003  0.37425097E+001 -0.12464865E+001
  0.46818739E-168  0.92710369E+003  0.34940869E+001  0.25913297E+001
  0.67394121E-168  0.92637319E+003  0.31920983E+001  0.37218492E+001
  0.70908611E-168  0.92626957E+003  0.30438711E+001  0.36701414E+001
  0.74325662E-168  0.92617348E+003  0.37515398E+001  0.11405512E+001
  0.83225978E-168  0.92594533E+003  0.39932642E+001 -0.11027093E+001
  0.12505988E-167  0.92512891E+003  0.34318880E+001  0.15266967E+000
  0.16100588E-167  0.92462166E+003  0.30430615E+001  0.36505691E+001
  0.19815784E-167  0.92420446E+003  0.31093569E+001  0.23832556E+001
  0.40213778E-167  0.92278705E+003  0.30391167E+001  0.33660690E+001
  0.43251094E-167  0.92263947E+003  0.39488647E+001 -0.16390000E+001
  0.43384184E-167  0.92263137E+003  0.39954237E+001 -0.12973779E+001
  0.59565365E-167  0.92199546E+003  0.31891074E+001  0.17100806E+001
  0.62371403E-167  0.92190144E+003  0.32252754E+001  0.36328698E+001
  0.75161330E-167  0.92152643E+003  0.39047340E+001 -0.17850826E-001
  0.18999678E-166  0.91966974E+003  0.39483433E+001 -0.44979947E+000
  0.20190080E-166  0.91954625E+003  0.39426210E+001 -0.38813220E+000
  0.36795146E-166  0.91834395E+003  0.36630289E+001 -0.94094546E+000
  0.44295002E-166  0.91797098E+003  0.39046435E+001 -0.16279369E+001
  0.56926659E-166  0.91746725E+003  0.30415525E+001  0.35682847E+001
  0.57060379E-166  0.91746060E+003  0.38543513E+001  0.39685349E+000
  0.69424196E-166  0.91706640E+003  0.30669573E+001  0.28635690E+001
  0.23390875E-165  0.91463506E+003  0.39929364E+001 -0.12445286E+001
  0.41768402E-165  0.91347352E+003  0.30423867E+001  0.33365580E+001
  0.81258173E-165  0.91214058E+003  0.39219665E+001 -0.16288149E+001
  0.15532584E-164  0.91084284E+003  0.30777733E+001  0.27442493E+001
  0.23613148E-164  0.91000316E+003  0.36285978E+001  0.18729869E+001
  0.27922764E-164  0.90966593E+003  0.38111072E+001  0.71257477E+000
  0.35296512E-164  0.90919530E+003  0.31319040E+001  0.38007843E+001
  0.37323570E-164  0.90908166E+003  0.34011836E+001  0.29951237E+001
  0.56668954E-164  0.90824451E+003  0.30586625E+001  0.37154977E+001
  0.10209858E-163  0.90706513E+003  0.30608115E+001  0.29800648E+001
  0.10211756E-163  0.90706281E+003  0.38927524E+001 -0.15986858E+001
  0.14935849E-163  0.90630040E+003  0.33655174E+001  0.54806054E+000
  0.23363886E-163  0.90540360E+003  0.36068960E+001 -0.69256502E+000
  0.34667723E-163  0.90461241E+003  0.38758164E+001 -0.15715521E+001
  0.38161083E-163  0.90441844E+003  0.32577641E+001  0.12344870E+001
  0.49267566E-163  0.90390559E+003  0.35397929E+001  0.23439334E+001
  0.74050702E-163  0.90308867E+003  0.39071332E+001 -0.68832994E-001
  0.85896034E-163  0.90278994E+003  0.34575020E+001  0.35115633E-001
  0.96576051E-163  0.90255361E+003  0.35025664E+001  0.25279652E+001
  0.11429843E-162  0.90221469E+003  0.39888556E+001 -0.12032700E+001
  0.25828973E-162  0.90058220E+003  0.37449844E+001  0.11568780E+001
  0.28074559E-162  0.90041351E+003  0.31042006E+001  0.37968807E+001
  0.35505858E-162  0.89994189E+003  0.39719615E+001 -0.15139360E+001
  0.61751359E-162  0.89883310E+003  0.39539870E+001 -0.15766832E+001
  0.69671564E-162  0.89858980E+003  0.31277121E+001  0.22537458E+001
  0.90229753E-162  0.89807071E+003  0.36596768E+001  0.16826839E+001
  0.10716943E-161  0.89772466E+003  0.39258433E+001 -0.25719332E+000
  0.14665890E-161  0.89709531E+003  0.31217209E+001  0.37885461E+001
  0.26827333E-161  0.89588556E+003  0.39410930E+001 -0.15908465E+001
  0.41401930E-161  0.89501580E+003  0.34554353E+001  0.27433461E+001
  0.98909168E-161  0.89327210E+003  0.36335956E+001  0.18288285E+001
  0.13602272E-160  0.89263291E+003  0.34599925E+001  0.31307988E-001
  0.22177911E-160  0.89165323E+003  0.30511473E+001  0.35588800E+001
  0.22230445E-160  0.89164655E+003  0.39855851E+001 -0.11989456E+001
  0.24583322E-160  0.89144339E+003  0.30667637E+001  0.29427748E+001
  0.80857046E-160  0.88906021E+003  0.39475107E+001 -0.15662516E+001
  0.14597483E-159  0.88787675E+003  0.38260247E+001 -0.14488723E+001
  0.17436808E-159  0.88751933E+003  0.39320895E+001 -0.34102304E+000
  0.24821732E-159  0.88681110E+003  0.30795947E+001  0.37354848E+001
  0.28174799E-159  0.88655574E+003  0.34901324E+001  0.25731899E+001
  0.31134720E-159  0.88635399E+003  0.36430896E+001  0.17678419E+001
  0.34165703E-159  0.88616624E+003  0.33660876E+001  0.56425276E+000
  0.36261178E-159  0.88604524E+003  0.37890072E+001  0.84283040E+000
  0.11968200E-158  0.88365511E+003  0.39433646E+001 -0.47309194E+000
  0.13415891E-158  0.88342478E+003  0.37540024E+001  0.10791114E+001
  0.13442917E-158  0.88341880E+003  0.32704418E+001  0.34567561E+001
  0.15075023E-158  0.88318768E+003  0.35802987E+001 -0.55287182E+000
  0.16960643E-158  0.88295001E+003  0.30784365E+001  0.28071148E+001
  0.26851054E-158  0.88202924E+003  0.34835200E+001  0.26004828E+001
  0.33600335E-158  0.88157883E+003  0.31026729E+001  0.37592469E+001
  0.12219612E-157  0.87899469E+003  0.39806200E+001 -0.11136835E+001
  0.18903277E-157  0.87812015E+003  0.31728890E+001  0.18954106E+001
  0.25252826E-157  0.87753900E+003  0.30662584E+001  0.36494961E+001
  0.33547932E-157  0.87696897E+003  0.39808217E+001 -0.12348712E+001
  0.42718228E-157  0.87648372E+003  0.39788753E+001 -0.13146201E+001
  0.52853111E-157  0.87605598E+003  0.36783046E+001 -0.96011390E+000
  0.76467407E-157  0.87531534E+003  0.30846753E+001  0.37187169E+001
  0.84960043E-157  0.87510275E+003  0.39803505E+001 -0.12059425E+001
  0.10803627E-156  0.87462023E+003  0.30648147E+001  0.30364369E+001
  0.15354088E-156  0.87391527E+003  0.30538713E+001  0.33400872E+001
  0.15668681E-156  0.87387276E+003  0.32243423E+001  0.15054450E+001
  0.21302864E-156  0.87325645E+003  0.37271613E+001 -0.11371891E+001
  0.44576133E-156  0.87177778E+003  0.39659717E+001 -0.14467553E+001
  0.10344660E-155  0.87009212E+003  0.33526969E+001  0.31533882E+001
  0.18720699E-155  0.86890385E+003  0.30553770E+001  0.33442360E+001
  0.26855518E-155  0.86818021E+003  0.39491469E+001 -0.15099471E+001
  0.37664755E-155  0.86750175E+003  0.32213906E+001  0.15348140E+001
  0.39634578E-155  0.86739785E+003  0.30564040E+001  0.33006993E+001
  0.40909683E-155  0.86733256E+003  0.39772072E+001 -0.11150806E+001
  0.83491070E-155  0.86590387E+003  0.39603969E+001 -0.14588149E+001
  0.10694540E-154  0.86540676E+003  0.38893004E+001  0.31796444E-001
  0.12970749E-154  0.86501888E+003  0.32748488E+001  0.34225926E+001
  0.20151074E-154  0.86413580E+003  0.35834126E+001  0.20787061E+001
  0.28438977E-154  0.86344485E+003  0.31960717E+001  0.17311605E+001
  0.65958874E-154  0.86176035E+003  0.31387454E+001  0.22133128E+001
  0.97007895E-154  0.86098688E+003  0.30593803E+001  0.32490798E+001
  0.13819364E-153  0.86027720E+003  0.32106094E+001  0.35963562E+001
  0.17101371E-153  0.85984907E+003  0.30584749E+001  0.33154726E+001
  0.19229760E-153  0.85961252E+003  0.39609264E+001 -0.77487452E+000
  0.20723408E-153  0.85946096E+003  0.39079249E+001 -0.15103103E+000
  0.26964254E-153  0.85893251E+003  0.32933273E+001  0.33558204E+001
  0.31269866E-153  0.85863427E+003  0.31084339E+001  0.37160108E+001
  0.36597001E-153  0.85831769E+003  0.39723452E+001 -0.12995916E+001
  0.89429529E-153  0.85652877E+003  0.35621278E+001  0.21843859E+001
  0.97014308E-153  0.85636401E+003  0.32716860E+001  0.34228957E+001
  0.25108282E-152  0.85446020E+003  0.32177710E+001  0.15777583E+001
  0.26384458E-152  0.85435910E+003  0.39296710E+001 -0.15133069E+001
  0.32563373E-152  0.85393632E+003  0.38867531E+001 -0.15094736E+001
  0.40261427E-152  0.85350996E+003  0.38566010E+001  0.29259415E+000
  0.73425695E-152  0.85230624E+003  0.36548854E+001  0.16659371E+001
  0.95238991E-152  0.85178406E+003  0.37273758E+001  0.12196197E+001
  0.96773624E-152  0.85175014E+003  0.38319029E+001 -0.14164131E+001
  0.98806338E-152  0.85170661E+003  0.39517992E+001 -0.66456031E+000
  0.11970117E-151  0.85132099E+003  0.30711396E+001  0.30242649E+001
  0.14828619E-151  0.85089074E+003  0.38003775E+001 -0.13386772E+001
  0.40843677E-151  0.84886240E+003  0.39458640E+001 -0.59231795E+000
  0.49666407E-151  0.84846930E+003  0.30821657E+001  0.36334502E+001
  0.64830432E-151  0.84793445E+003  0.34376702E+001  0.19376635E+000
  0.76829382E-151  0.84759288E+003  0.38354475E+001  0.45307613E+000
  0.15721799E-150  0.84615883E+003  0.35694079E+001  0.21361683E+001
  0.16950147E-150  0.84600642E+003  0.39274065E+001 -0.37850662E+000
  0.18671115E-150  0.84581107E+003  0.38999404E+001 -0.15049078E+001
  0.36941707E-150  0.84444439E+003  0.38006390E+001  0.71065865E+000
  0.84542726E-150  0.84278661E+003  0.31921677E+001  0.36135410E+001
  0.12924039E-149  0.84193582E+003  0.32671589E+001  0.34204849E+001
  0.15679622E-149  0.84154732E+003  0.36506823E+001 -0.81608176E+000
  0.20187448E-149  0.84103997E+003  0.39504115E+001 -0.67937682E+000
  0.21440006E-149  0.84091762E+003  0.33801229E+001  0.30159407E+001
  0.24361580E-149  0.84066018E+003  0.36451489E+001 -0.79264167E+000
  0.46048004E-149  0.83938487E+003  0.35529254E+001 -0.38442055E+000
  0.70097331E-149  0.83854252E+003  0.33754349E+001  0.30323812E+001
  0.14270560E-148  0.83711877E+003  0.37378552E+001 -0.11347444E+001
  0.18906072E-148  0.83655424E+003  0.30781876E+001  0.29634309E+001
  0.20006994E-148  0.83643910E+003  0.35117526E+001  0.24210108E+001
  0.28304378E-148  0.83574327E+003  0.32168313E+001  0.35502737E+001
  0.43492049E-148  0.83488220E+003  0.37691821E+001 -0.12314067E+001
  0.44944666E-148  0.83481454E+003  0.37204075E+001  0.12462169E+001
  0.71408093E-148  0.83388663E+003  0.31441067E+001  0.36676342E+001
  0.99947757E-148  0.83321220E+003  0.39614437E+001 -0.13023471E+001
  0.14427769E-147  0.83247607E+003  0.36355859E+001 -0.74499896E+000
  0.36595620E-147  0.83061257E+003  0.39086102E+001 -0.21231431E+000
  0.69167091E-147  0.82933742E+003  0.34012745E+001  0.41540937E+000
  0.88676262E-147  0.82883853E+003  0.30735933E+001  0.30926803E+001
  0.19821415E-146  0.82722787E+003  0.35734044E+001  0.20966642E+001
  0.63565989E-146  0.82489529E+003  0.39595210E+001 -0.12752626E+001
  0.19626817E-145  0.82263853E+003  0.39588165E+001 -0.12705150E+001
  0.34889961E-145  0.82148597E+003  0.32126268E+001  0.35413746E+001
  0.35981967E-145  0.82142238E+003  0.38027075E+001  0.66687623E+000
  0.44644544E-145  0.82098900E+003  0.32438129E+001  0.34629543E+001
  0.57611796E-145  0.82047706E+003  0.39114302E+001 -0.14557709E+001
  0.93371889E-145  0.81950938E+003  0.30839011E+001  0.29370131E+001
  0.13250257E-144  0.81880741E+003  0.37287821E+001 -0.10840750E+001
  0.16962854E-144  0.81831144E+003  0.39376219E+001 -0.14043478E+001
  0.23303698E-144  0.81767431E+003  0.39010659E+001 -0.16210372E+000
  0.40098975E-144  0.81658688E+003  0.30782259E+001  0.34698065E+001
  0.61806347E-144  0.81571962E+003  0.34431008E+001  0.19568680E+000
  0.71938470E-144  0.81541406E+003  0.39462289E+001 -0.13546897E+001
  0.78310493E-144  0.81524236E+003  0.30804158E+001  0.30215754E+001
  0.10767457E-143  0.81460355E+003  0.34789198E+001  0.63710284E-002
  0.11199526E-143  0.81452291E+003  0.33736601E+001  0.59130202E+000
  0.11601602E-143  0.81445041E+003  0.35956646E+001  0.19640240E+001
  0.14591946E-143  0.81398981E+003  0.38265520E+001 -0.13542829E+001
  0.18790900E-143  0.81348205E+003  0.32377105E+001  0.34698691E+001
  0.27678432E-143  0.81270554E+003  0.38265441E+001 -0.13525112E+001
  0.33941025E-143  0.81229564E+003  0.30884644E+001  0.35388143E+001
  0.37396276E-143  0.81209980E+003  0.33435807E+001  0.31280921E+001
  0.37946182E-143  0.81206865E+003  0.30873573E+001  0.35309314E+001
  0.41530018E-143  0.81188620E+003  0.30803066E+001  0.30427295E+001
  0.43854604E-143  0.81177532E+003  0.36251358E+001 -0.68043242E+000
  0.72329772E-143  0.81077266E+003  0.30839029E+001  0.34989899E+001
  0.80232069E-143  0.81056333E+003  0.35947214E+001  0.19653205E+001
  0.12521235E-142  0.80967120E+003  0.31568154E+001  0.36163368E+001
  0.12897113E-142  0.80961010E+003  0.39346875E+001 -0.55960948E+000
  0.13256813E-142  0.80955313E+003  0.30835643E+001  0.29882411E+001
  0.15299153E-142  0.80926460E+003  0.33566399E+001  0.69894800E+000
  0.18812671E-142  0.80884919E+003  0.36047491E+001 -0.58998224E+000
  0.19267708E-142  0.80879943E+003  0.33009402E+001  0.32751453E+001
  0.30995044E-142  0.80784669E+003  0.32632353E+001  0.33922331E+001
  0.31111847E-142  0.80783721E+003  0.37836019E+001 -0.12406212E+001
  0.64465516E-142  0.80637818E+003  0.31046249E+001  0.26839079E+001
  0.78653404E-142  0.80597838E+003  0.37027278E+001 -0.97890483E+000
  0.79929662E-142  0.80594424E+003  0.38108093E+001  0.58653846E+000
  0.10374766E-141  0.80542066E+003  0.34819960E+001  0.25342757E+001
  0.26309812E-141  0.80355758E+003  0.33718472E+001  0.61345382E+000
  0.40048207E-141  0.80271534E+003  0.32027877E+001  0.17611662E+001
  0.53625192E-141  0.80212952E+003  0.34040194E+001  0.42717792E+000
  0.12766468E-140  0.80039279E+003  0.35829748E+001 -0.48492946E+000
  0.13845521E-140  0.80022856E+003  0.38363085E+001 -0.13545950E+001
  0.16352632E-140  0.79989375E+003  0.31142056E+001  0.35895887E+001
  0.18757371E-140  0.79961740E+003  0.32022155E+001  0.35334720E+001
  0.25306187E-140  0.79901653E+003  0.30851665E+001  0.34505523E+001
  0.41675498E-140  0.79801684E+003  0.30834091E+001  0.30582975E+001
  0.43287673E-140  0.79793898E+003  0.31437099E+001  0.22795753E+001
  0.66597646E-140  0.79707543E+003  0.37091080E+001  0.12772732E+001
  0.14541809E-139  0.79551159E+003  0.36867092E+001  0.14158797E+001
  0.18863240E-139  0.79498926E+003  0.30890703E+001  0.29549037E+001
  0.27940190E-139  0.79420161E+003  0.39140301E+001 -0.13946648E+001
  0.47607589E-139  0.79313380E+003  0.36601534E+001 -0.80432586E+000
  0.53957081E-139  0.79288146E+003  0.31053301E+001  0.35490152E+001
  0.83377374E-139  0.79200913E+003  0.32892451E+001  0.32940532E+001
  0.12427905E-138  0.79120887E+003  0.33522662E+001  0.74481361E+000
  0.12734043E-138  0.79115825E+003  0.38974258E+001 -0.14006641E+001
  0.14275619E-138  0.79092775E+003  0.30816143E+001  0.32962269E+001
  0.26445505E-138  0.78969273E+003  0.39511397E+001 -0.11265643E+001
  0.60885523E-138  0.78802296E+003  0.34541963E+001  0.16337782E+000
  0.80984553E-138  0.78745048E+003  0.31374244E+001  0.23622833E+001
  0.84017844E-138  0.78737499E+003  0.31977799E+001  0.18232125E+001
  0.92186387E-138  0.78718747E+003  0.38633240E+001 -0.13758329E+001
  0.10343347E-137  0.78695529E+003  0.34352150E+001  0.26763880E+000
  0.11783895E-137  0.78669255E+003  0.30945714E+001  0.28943787E+001
  0.14279968E-137  0.78630635E+003  0.34920425E+001  0.24675462E+001
  0.24974653E-137  0.78518639E+003  0.35847166E+001 -0.47748781E+000
  0.35364231E-137  0.78448876E+003  0.35503766E+001  0.21752500E+001
  0.56984310E-137  0.78353266E+003  0.32022471E+001  0.17929227E+001
  0.96133862E-137  0.78248478E+003  0.34587219E+001  0.26194011E+001
  0.26523736E-136  0.78045306E+003  0.33343842E+001  0.31274893E+001
  0.32380549E-136  0.78005207E+003  0.37246069E+001 -0.10263708E+001
  0.38182131E-136  0.77972050E+003  0.34094759E+001  0.41908652E+000
  0.54094699E-136  0.77902181E+003  0.36485833E+001 -0.74336867E+000
  0.57282747E-136  0.77890533E+003  0.37692402E+001  0.85449351E+000
  0.63901079E-136  0.77868471E+003  0.32924704E+001  0.11418390E+001
  0.68224636E-136  0.77855181E+003  0.36466186E+001  0.16389043E+001
  0.73268084E-136  0.77840722E+003  0.34399564E+001  0.25032359E+000
  0.82877928E-136  0.77815878E+003  0.34899031E+001 -0.14159955E-001
  0.10272672E-135  0.77772742E+003  0.30954407E+001  0.34409412E+001
  0.18946714E-135  0.77650119E+003  0.32295658E+001  0.34419955E+001
  0.31936603E-135  0.77545499E+003  0.31065169E+001  0.27526509E+001
  0.39277749E-135  0.77503923E+003  0.31919150E+001  0.35158200E+001
  0.58976511E-135  0.77422431E+003  0.31749945E+001  0.20348231E+001
  0.72439483E-135  0.77381113E+003  0.31803801E+001  0.35308561E+001
  0.57558148E-134  0.76966392E+003  0.30893794E+001  0.32803475E+001
  0.62342880E-134  0.76950226E+003  0.32252533E+001  0.16330470E+001
  0.73153177E-134  0.76918050E+003  0.39359477E+001 -0.12288552E+001
  0.15088228E-133  0.76773066E+003  0.30898471E+001  0.31496700E+001
  0.15109274E-133  0.76772592E+003  0.31014075E+001  0.28600339E+001
  0.17683958E-133  0.76740927E+003  0.34916233E+001  0.24505147E+001
  0.19093246E-133  0.76725396E+003  0.38810514E+001 -0.13529600E+001
  0.20581775E-133  0.76710187E+003  0.39293326E+001 -0.12675766E+001
  0.29280243E-133  0.76639490E+003  0.32574325E+001  0.33574250E+001
  0.35961866E-133  0.76598186E+003  0.36576457E+001 -0.76558036E+000
  0.41838111E-133  0.76567721E+003  0.35062740E+001  0.23780035E+001
  0.44611723E-133  0.76554688E+003  0.37334426E+001 -0.10387528E+001
  0.10979893E-132  0.76374362E+003  0.39418594E+001 -0.10910075E+001
  0.11252773E-132  0.76369257E+003  0.39187482E+001 -0.48789544E+000
  0.11498659E-132  0.76364738E+003  0.30921500E+001  0.30989530E+001
  0.15289845E-132  0.76307551E+003  0.39281997E+001 -0.12583756E+001
  0.32784396E-132  0.76154804E+003  0.33767091E+001  0.29470184E+001
  0.39309591E-132  0.76118305E+003  0.31747014E+001  0.20594278E+001
  0.40725291E-132  0.76111034E+003  0.37437262E+001  0.10088433E+001
  0.12368623E-131  0.75888659E+003  0.32687376E+001  0.13287941E+001
  0.16783436E-131  0.75827418E+003  0.39155150E+001 -0.12959707E+001
  0.18320677E-131  0.75809695E+003  0.36389519E+001  0.16620014E+001
  0.19728323E-131  0.75794695E+003  0.31098247E+001  0.34522602E+001
  0.26082059E-131  0.75738661E+003  0.34573873E+001  0.25998480E+001
  0.29464470E-131  0.75714078E+003  0.33830582E+001  0.59611359E+000
  0.35262166E-131  0.75677958E+003  0.33002094E+001  0.11159874E+001
  0.40315092E-131  0.75650980E+003  0.33916154E+001  0.28819783E+001
  0.62613780E-131  0.75562733E+003  0.35257094E+001 -0.17070655E+000
  0.11774887E-130  0.75436224E+003  0.38242004E+001  0.41039737E+000
  0.13832255E-130  0.75403822E+003  0.33060148E+001  0.31952332E+001
  0.14679144E-130  0.75391741E+003  0.36025944E+001 -0.52439136E+000
  0.19298913E-130  0.75336822E+003  0.34697688E+001  0.25389448E+001
  0.22775702E-130  0.75303498E+003  0.34289118E+001  0.33751263E+000
  0.39474330E-130  0.75193311E+003  0.35656332E+001 -0.35662268E+000
  0.91837102E-130  0.75024243E+003  0.38335377E+001  0.32826453E+000
  0.96098303E-130  0.75014977E+003  0.34316094E+001  0.32555405E+000
  0.10762667E-129  0.74992122E+003  0.35589205E+001  0.20955810E+001
  0.15211003E-129  0.74922740E+003  0.31829928E+001  0.20069414E+001
  0.19626782E-129  0.74871569E+003  0.33435456E+001  0.30588033E+001
  0.20346347E-129  0.74864173E+003  0.37870253E+001  0.68753262E+000
  0.24747958E-129  0.74824809E+003  0.31010065E+001  0.33345672E+001
  0.27466028E-129  0.74803773E+003  0.32794011E+001  0.32714179E+001
  0.32067222E-129  0.74772600E+003  0.37432382E+001  0.99590877E+000
  0.33641642E-129  0.74762819E+003  0.36024893E+001  0.18581640E+001
  0.38698875E-129  0.74734615E+003  0.37018829E+001  0.12673446E+001
  0.55212281E-129  0.74663345E+003  0.38627905E+001  0.68870317E-001
  0.94469764E-129  0.74555731E+003  0.32027636E+001  0.18458650E+001
  0.11310319E-128  0.74519531E+003  0.37974640E+001 -0.11943901E+001
  0.15884242E-128  0.74451414E+003  0.36512029E+001  0.15754125E+001
  0.25849435E-128  0.74353826E+003  0.32958858E+001  0.32153006E+001
  0.27611258E-128  0.74340444E+003  0.33681012E+001  0.70050828E+000
  0.31513767E-128  0.74313808E+003  0.39294537E+001 -0.74377014E+000
  0.34214494E-128  0.74297168E+003  0.32384656E+001  0.33750324E+001
  0.35743406E-128  0.74288230E+003  0.39251818E+001 -0.11920920E+001
  0.40161650E-128  0.74264725E+003  0.31239142E+001  0.34557836E+001
  0.10745269E-127  0.74067702E+003  0.31245546E+001  0.34517287E+001
  0.12916563E-127  0.74030698E+003  0.39010354E+001 -0.12800006E+001
  0.14675863E-127  0.74004964E+003  0.34021162E+001  0.50319135E+000
  0.15701215E-127  0.73991262E+003  0.32549711E+001  0.33295150E+001
  0.18889176E-127  0.73954097E+003  0.38139132E+001  0.47009025E+000
  0.33079689E-127  0.73841836E+003  0.37261619E+001  0.10992160E+001
  0.34943125E-127  0.73830680E+003  0.39276446E+001 -0.11442115E+001
  0.48905853E-127  0.73763250E+003  0.39270658E+001 -0.11468180E+001
  0.63259098E-127  0.73711586E+003  0.33818371E+001  0.29001548E+001
  0.13046152E-126  0.73566623E+003  0.33742483E+001  0.67204104E+000
  0.16733574E-126  0.73516643E+003  0.33825303E+001  0.62316106E+000
  0.16969006E-126  0.73513653E+003  0.38613759E+001 -0.12828562E+001
  0.17108433E-126  0.73511822E+003  0.34872011E+001  0.43851451E-001
  0.17466928E-126  0.73507479E+003  0.37675410E+001  0.81081705E+000
  0.17744000E-126  0.73504136E+003  0.39284819E+001 -0.77541905E+000
  0.17815745E-126  0.73503134E+003  0.32917122E+001  0.11996246E+001
  0.23665132E-126  0.73446154E+003  0.31060486E+001  0.29452765E+001
  0.24255193E-126  0.73441034E+003  0.33429910E+001  0.30445344E+001
  0.26214427E-126  0.73425303E+003  0.32198664E+001  0.17253986E+001
  0.27875229E-126  0.73412822E+003  0.38244122E+001 -0.12341151E+001
  0.47595689E-126  0.73305626E+003  0.39173436E+001 -0.12021034E+001
  0.70312965E-126  0.73227388E+003  0.31600671E+001  0.22494371E+001
  0.80395873E-126  0.73200391E+003  0.36504324E+001  0.15662597E+001
  0.10798484E-125  0.73141190E+003  0.31495592E+001  0.34671632E+001
  0.18174177E-125  0.73036876E+003  0.37753533E+001  0.74839215E+000
  0.19770257E-125  0.73019845E+003  0.39011715E+001 -0.12521558E+001
  0.24163739E-125  0.72979515E+003  0.32985905E+001  0.11594936E+001
  0.31813862E-125  0.72924310E+003  0.31104150E+001  0.33297821E+001
  0.32489365E-125  0.72919913E+003  0.31083711E+001  0.33060642E+001
  0.79858328E-125  0.72739849E+003  0.35253263E+001  0.22443331E+001
  0.15323523E-124  0.72609310E+003  0.31343478E+001  0.34342861E+001
  0.17124809E-124  0.72586887E+003  0.36539121E+001 -0.70701176E+000
  0.19957749E-124  0.72556074E+003  0.39273576E+001 -0.82737003E+000
  0.25686443E-124  0.72505410E+003  0.39080855E+001 -0.46856028E+000
  0.29083899E-124  0.72480370E+003  0.34515824E+001  0.25919119E+001
  0.29778923E-124  0.72475452E+003  0.36692371E+001 -0.76502215E+000
  0.34460375E-124  0.72446055E+003  0.33882071E+001  0.28608382E+001
  0.35009815E-124  0.72442696E+003  0.38865851E+001 -0.21197299E+000
  0.45127782E-124  0.72391727E+003  0.36907338E+001  0.13108917E+001
  0.48446116E-124  0.72377341E+003  0.38975821E+001 -0.12420050E+001
  0.51752762E-124  0.72363940E+003  0.39186695E+001 -0.63741790E+000
  0.63260618E-124  0.72323588E+003  0.37663401E+001 -0.10851238E+001
  0.69787355E-124  0.72303755E+003  0.36576841E+001 -0.71861798E+000
  0.77992555E-124  0.72281327E+003  0.38857088E+001 -0.20633943E+000
  0.21013320E-123  0.72082907E+003  0.33025764E+001  0.11437379E+001
  0.22606276E-123  0.72068097E+003  0.38565481E+001  0.78168807E-001
  0.24519500E-123  0.72051654E+003  0.38629825E+001 -0.12558106E+001
  0.30297733E-123  0.72009138E+003  0.31419278E+001  0.34321195E+001
  0.30839705E-123  0.72005396E+003  0.37269457E+001 -0.96298729E+000
  0.38049785E-123  0.71963183E+003  0.31504906E+001  0.23749080E+001
  0.58470253E-123  0.71877063E+003  0.31480718E+001  0.34365184E+001
  0.94935927E-123  0.71779931E+003  0.37519525E+001 -0.10371867E+001
  0.11924615E-122  0.71734138E+003  0.36490200E+001  0.15583596E+001
  0.13899090E-122  0.71703299E+003  0.36867812E+001  0.13277227E+001
  0.16853397E-122  0.71664558E+003  0.36029808E+001  0.18223596E+001
  0.19794067E-122  0.71632197E+003  0.34198865E+001  0.42736746E+000
  0.20848987E-122  0.71621617E+003  0.34466667E+001  0.26046889E+001
  0.31120771E-122  0.71541308E+003  0.31187711E+001  0.33320807E+001
  0.46463237E-122  0.71460956E+003  0.31093875E+001  0.30309865E+001
  0.46512151E-122  0.71460550E+003  0.38382766E+001  0.23002106E+000
  0.49028716E-122  0.71449816E+003  0.38591081E+001  0.42551532E-001
  0.67007390E-122  0.71387142E+003  0.31088804E+001  0.30797918E+001
  0.87860651E-122  0.71332757E+003  0.33896589E+001  0.60520307E+000
  0.90029322E-122  0.71327685E+003  0.35405573E+001 -0.19833585E+000
  0.15798266E-121  0.71215019E+003  0.33760736E+001  0.68741604E+000
  0.29521335E-121  0.71089782E+003  0.38586306E+001 -0.12349776E+001
  0.32809783E-121  0.71068464E+003  0.31200237E+001  0.33192010E+001
  0.33218765E-121  0.71065791E+003  0.36471669E+001 -0.66333777E+000
  0.36802861E-121  0.71045103E+003  0.31100700E+001  0.30818328E+001
  0.37519240E-121  0.71041053E+003  0.38806990E+001 -0.18193640E+000
  0.39802854E-121  0.71029040E+003  0.36731808E+001 -0.76338716E+000
  0.62484411E-121  0.70938650E+003  0.34827201E+001  0.94222031E-001
  0.68272423E-121  0.70920737E+003  0.37362872E+001  0.99524632E+000
  0.79581122E-121  0.70889887E+003  0.35107147E+001 -0.47828403E-001
  0.15616173E-120  0.70754869E+003  0.35765978E+001 -0.35984410E+000
  0.15731325E-120  0.70753204E+003  0.38078021E+001 -0.11619834E+001
  0.16860092E-120  0.70739150E+003  0.39202264E+001 -0.77944036E+000
  0.30506199E-120  0.70620359E+003  0.38724569E+001 -0.12265514E+001
  0.32007990E-120  0.70610552E+003  0.37308591E+001  0.10281023E+001
  0.11016295E-119  0.70363162E+003  0.34245059E+001  0.41520788E+000
  0.11322030E-119  0.70357492E+003  0.36383064E+001  0.16061199E+001
  0.11926713E-119  0.70346891E+003  0.38253422E+001 -0.11865182E+001
  0.15335518E-119  0.70296417E+003  0.31130832E+001  0.30449230E+001
  0.22753680E-119  0.70217311E+003  0.31316135E+001  0.33507303E+001
  0.23270263E-119  0.70212626E+003  0.35803950E+001  0.19306434E+001
  0.31733461E-119  0.70150392E+003  0.38363417E+001  0.22400748E+000
  0.34021679E-119  0.70136271E+003  0.35823474E+001 -0.37899990E+000
  0.36190517E-119  0.70123716E+003  0.31758928E+001  0.34047092E+001
  0.56320688E-119  0.70035068E+003  0.31680420E+001  0.34043267E+001
  0.74567564E-119  0.69978744E+003  0.38706248E+001 -0.10089363E+000
  0.84611389E-119  0.69953276E+003  0.38582637E+001  0.20834069E-001
  0.90760029E-119  0.69939051E+003  0.38949490E+001 -0.37758844E+000
  0.16260967E-118  0.69822229E+003  0.31651965E+001  0.33993075E+001
  0.17202428E-118  0.69810777E+003  0.31363456E+001  0.33548692E+001
  0.19475425E-118  0.69785761E+003  0.36893350E+001 -0.80801048E+000
  0.32581701E-118  0.69682647E+003  0.34527453E+001  0.26675641E+000
  0.39387046E-118  0.69644514E+003  0.31249734E+001  0.32887305E+001
  0.41873155E-118  0.69632077E+003  0.33965019E+001  0.58410040E+000
  0.66630326E-118  0.69538979E+003  0.36520346E+001 -0.66521550E+000
  0.14101778E-117  0.69388839E+003  0.38957994E+001 -0.40648094E+000
  0.18240130E-117  0.69337179E+003  0.35087827E+001  0.22900218E+001
  0.20194037E-117  0.69316631E+003  0.31644887E+001  0.22893057E+001
  0.28101543E-117  0.69250348E+003  0.32139344E+001  0.18388434E+001
  0.33933690E-117  0.69212436E+003  0.34421560E+001  0.32969932E+000
  0.35283755E-117  0.69204438E+003  0.32885768E+001  0.31724642E+001
  0.46391711E-117  0.69149503E+003  0.38838773E+001 -0.11793497E+001
  0.46801361E-117  0.69147550E+003  0.32257813E+001  0.17439478E+001
  0.48901640E-117  0.69138575E+003  0.33214604E+001  0.10548052E+001
  0.58680840E-117  0.69101919E+003  0.31635197E+001  0.33823608E+001
  0.65720935E-117  0.69079063E+003  0.31750623E+001  0.21888169E+001
  0.66275825E-117  0.69077186E+003  0.31839258E+001  0.33799694E+001
  0.90871658E-117  0.69013867E+003  0.33089172E+001  0.11396294E+001
  0.92405440E-117  0.69010324E+003  0.31307750E+001  0.32996350E+001
  0.16268239E-116  0.68897006E+003  0.38946595E+001 -0.40771027E+000
  0.16669441E-116  0.68891938E+003  0.39105962E+001 -0.10361223E+001
  0.18802111E-116  0.68867664E+003  0.36042262E+001 -0.46106356E+000
  0.23044395E-116  0.68826779E+003  0.35157855E+001 -0.50854408E-001
  0.30880221E-116  0.68768045E+003  0.36346477E+001  0.16095615E+001
  0.35090346E-116  0.68742287E+003  0.31462379E+001  0.25077295E+001
  0.45517539E-116  0.68690058E+003  0.35787574E+001  0.19228468E+001
  0.45920339E-116  0.68688101E+003  0.38676806E+001 -0.99955681E-001
  0.49482901E-116  0.68672962E+003  0.37401706E+001  0.93962983E+000
  0.55563555E-116  0.68649586E+003  0.31433351E+001  0.25469496E+001
  0.65374168E-116  0.68616871E+003  0.31244073E+001  0.28486750E+001
  0.73913392E-116  0.68592123E+003  0.38153394E+001 -0.11414569E+001
  0.10178893E-115  0.68527926E+003  0.33919732E+001  0.62330604E+000
  0.11322043E-115  0.68506444E+003  0.31381492E+001  0.33166923E+001
  0.11874396E-115  0.68496722E+003  0.32986822E+001  0.12156485E+001
  0.14158796E-115  0.68461336E+003  0.35191186E+001  0.22295604E+001
  0.18080177E-115  0.68412245E+003  0.31532984E+001  0.33546530E+001
  0.19232744E-115  0.68399690E+003  0.37903063E+001 -0.10896298E+001
  0.21291037E-115  0.68379161E+003  0.38852141E+001 -0.11548671E+001
  0.22005687E-115  0.68372362E+003  0.34170326E+001  0.47969690E+000
  0.22085617E-115  0.68371442E+003  0.34335172E+001  0.26268257E+001
  0.24323077E-115  0.68351947E+003  0.33330285E+001  0.30192957E+001
  0.42141168E-115  0.68241832E+003  0.35677954E+001  0.19767185E+001
  0.52483417E-115  0.68197742E+003  0.38159009E+001  0.36390051E+000
  0.78726038E-115  0.68116452E+003  0.34679586E+001  0.20235420E+000
  0.10740334E-114  0.68054133E+003  0.32467753E+001  0.32659196E+001
  0.12538585E-114  0.68022977E+003  0.37022620E+001  0.11849062E+001
  0.16327904E-114  0.67969969E+003  0.34832603E+001  0.23975981E+001
  0.21549149E-114  0.67914281E+003  0.36884740E+001  0.12719804E+001
  0.44775452E-114  0.67767821E+003  0.31393433E+001  0.32946773E+001
  0.46783010E-114  0.67758854E+003  0.36011818E+001 -0.43554288E+000
  0.50722671E-114  0.67742488E+003  0.36892001E+001  0.12652779E+001
  0.71719122E-114  0.67673016E+003  0.37067718E+001  0.11511838E+001
  0.74632019E-114  0.67664859E+003  0.39102415E+001 -0.92047967E+000
  0.38905520E-113  0.67334433E+003  0.33945034E+001  0.27777447E+001
  0.40828580E-113  0.67324589E+003  0.36489260E+001 -0.62738770E+000
  0.45799992E-113  0.67301413E+003  0.39093691E+001 -0.81419424E+000
  0.59729724E-113  0.67248109E+003  0.35740888E+001 -0.31003826E+000
  0.65722744E-113  0.67228790E+003  0.38977510E+001 -0.10636315E+001
  0.80398336E-113  0.67188286E+003  0.37359554E+001 -0.92956522E+000
  0.11607274E-112  0.67114646E+003  0.34242919E+001  0.45273550E+000
  0.13598947E-112  0.67082778E+003  0.31325834E+001  0.27728634E+001
  0.13958808E-112  0.67077359E+003  0.31530185E+001  0.33162656E+001
  0.21919558E-112  0.66986910E+003  0.36829088E+001 -0.75118405E+000
  0.22650714E-112  0.66980153E+003  0.39017152E+001 -0.10174946E+001
  0.32164965E-112  0.66909820E+003  0.32344856E+001  0.32740765E+001
  0.34660393E-112  0.66894681E+003  0.33721101E+001  0.28600044E+001
  0.41864306E-112  0.66856719E+003  0.32034469E+001  0.19702385E+001
  0.48297153E-112  0.66827936E+003  0.32815290E+001  0.31605119E+001
  0.61712627E-112  0.66778717E+003  0.31749282E+001  0.22404276E+001
  0.68070355E-112  0.66758911E+003  0.31419989E+001  0.26313462E+001
  0.82137085E-112  0.66721147E+003  0.35552150E+001  0.20262986E+001
  0.10481395E-111  0.66672192E+003  0.31873495E+001  0.21208860E+001
  0.10530241E-111  0.66671067E+003  0.34560204E+001  0.28238074E+000
  0.12405263E-111  0.66638098E+003  0.31351842E+001  0.32190950E+001
  0.12577362E-111  0.66635147E+003  0.36540366E+001  0.14696711E+001
  0.13967564E-111  0.66613984E+003  0.38409077E+001 -0.11365339E+001
  0.27896214E-111  0.66475438E+003  0.37817089E+001  0.60786905E+000
  0.30795695E-111  0.66455466E+003  0.31659330E+001  0.23429353E+001
  0.33365546E-111  0.66439241E+003  0.36670601E+001 -0.68636544E+000
  0.40308935E-111  0.66401236E+003  0.31946697E+001  0.33202744E+001
  0.58219604E-111  0.66327511E+003  0.35270451E+001  0.21664472E+001
  0.64376927E-111  0.66307209E+003  0.36953762E+001  0.12080200E+001
  0.10123597E-110  0.66216474E+003  0.31736637E+001  0.33196913E+001
  0.10777211E-110  0.66203766E+003  0.33194221E+001  0.30377303E+001
  0.12682691E-110  0.66171010E+003  0.39041917E+001 -0.74191616E+000
  0.16109074E-110  0.66122986E+003  0.33198691E+001  0.11035388E+001
  0.24181050E-110  0.66041553E+003  0.32656438E+001  0.14843494E+001
  0.26671419E-110  0.66021753E+003  0.39001752E+001 -0.63389242E+000
  0.51447759E-110  0.65890163E+003  0.37659865E+001 -0.99485844E+000
  0.52769123E-110  0.65884896E+003  0.34736951E+001  0.24190425E+001
  0.55763742E-110  0.65873661E+003  0.36765110E+001  0.13224083E+001
  0.13562295E-109  0.65695715E+003  0.31782428E+001  0.22316533E+001
  0.16771465E-109  0.65653043E+003  0.31998533E+001  0.33016249E+001
  0.18733599E-109  0.65630720E+003  0.39000274E+001 -0.66165025E+000
  0.24474439E-109  0.65577062E+003  0.31527639E+001  0.25248517E+001
  0.27748733E-109  0.65551755E+003  0.32212764E+001  0.18404514E+001
  0.31450333E-109  0.65526516E+003  0.36857206E+001 -0.74319766E+000
  0.31996171E-109  0.65522879E+003  0.31380611E+001  0.31833801E+001
  0.39290093E-109  0.65481613E+003  0.32689785E+001  0.31746659E+001
  0.44035729E-109  0.65458612E+003  0.36384084E+001  0.15490670E+001
  0.50830732E-109  0.65429717E+003  0.34925003E+001  0.23255866E+001
  0.58767356E-109  0.65400504E+003  0.32279589E+001  0.32610893E+001
  0.65162391E-109  0.65379650E+003  0.35268835E+001  0.21566548E+001
  0.71400996E-109  0.65361169E+003  0.32965871E+001  0.30972627E+001
  0.75020855E-109  0.65351083E+003  0.35106944E+001  0.22367130E+001
  0.96647549E-109  0.65300227E+003  0.38907284E+001 -0.10213536E+001
  0.97558802E-109  0.65298155E+003  0.38007813E+001  0.43939119E+000
  0.98963476E-109  0.65295100E+003  0.35128605E+001  0.27134659E-002
  0.10403995E-108  0.65284900E+003  0.38289628E+001  0.19972203E+000
  0.13624868E-108  0.65230764E+003  0.38861493E+001 -0.10448962E+001
  0.28736856E-108  0.65081312E+003  0.34248454E+001  0.26265456E+001
  0.36648892E-108  0.65032476E+003  0.38312773E+001 -0.10981350E+001
  0.39515197E-108  0.65017220E+003  0.34352836E+001  0.25811188E+001
  0.41289025E-108  0.65008243E+003  0.34803641E+001  0.23781287E+001
  0.47751249E-108  0.64978966E+003  0.37939029E+001 -0.10435431E+001
  0.69450178E-108  0.64903850E+003  0.38987193E+001 -0.69603341E+000
  0.81519982E-108  0.64871607E+003  0.34618604E+001  0.27129483E+000
  0.85731604E-108  0.64861337E+003  0.35541378E+001 -0.19151161E+000
  0.10397985E-107  0.64822547E+003  0.32852180E+001  0.31221765E+001
  0.15318000E-107  0.64744868E+003  0.32798592E+001  0.31356352E+001
  0.32687633E-107  0.64593079E+003  0.37171538E+001 -0.83694805E+000
  0.44805086E-107  0.64529819E+003  0.32706595E+001  0.31563991E+001
  0.64073246E-107  0.64458083E+003  0.31358108E+001  0.30508334E+001
  0.83539791E-107  0.64404828E+003  0.37595376E+001  0.74271716E+000
  0.97705485E-107  0.64373306E+003  0.31789092E+001  0.22562725E+001
  0.10201912E-106  0.64364470E+003  0.32990796E+001  0.30762144E+001
  0.10380823E-106  0.64360798E+003  0.32953882E+001  0.12941979E+001
  0.14109806E-106  0.64299221E+003  0.37490275E+001  0.81736550E+000
  0.19588149E-106  0.64233415E+003  0.37432369E+001 -0.91026440E+000
  0.23047904E-106  0.64200690E+003  0.36485101E+001 -0.58855943E+000
  0.30822367E-106  0.64142361E+003  0.37504448E+001  0.80493159E+000
  0.49366445E-106  0.64047960E+003  0.38865615E+001 -0.99016924E+000
  0.61405509E-106  0.64004119E+003  0.31370095E+001  0.30091831E+001
  0.64856564E-106  0.63992988E+003  0.35666414E+001  0.19350583E+001
  0.75074368E-106  0.63963533E+003  0.37748656E+001 -0.98719473E+000
  0.12611831E-105  0.63859589E+003  0.38604919E+001 -0.14300463E+000
  0.16460204E-105  0.63806132E+003  0.31444627E+001  0.31449106E+001
  0.17314098E-105  0.63795822E+003  0.32222989E+001  0.32416845E+001
  0.20588504E-105  0.63760984E+003  0.36075070E+001 -0.41664849E+000
  0.20621098E-105  0.63760473E+003  0.33757105E+001  0.77755792E+000
  0.23250887E-105  0.63736272E+003  0.37807070E+001  0.57302169E+000
  0.29802541E-105  0.63686426E+003  0.32369919E+001  0.17429157E+001
  0.44406953E-105  0.63606471E+003  0.31527549E+001  0.25985330E+001
  0.52629432E-105  0.63572299E+003  0.33925992E+001  0.67801966E+000
  0.70630504E-105  0.63513267E+003  0.37497428E+001 -0.91785579E+000
  0.73498551E-105  0.63505111E+003  0.31389106E+001  0.29381729E+001
  0.97484204E-105  0.63448431E+003  0.35848038E+001  0.18305912E+001
  0.10701521E-104  0.63429580E+003  0.38532369E+001 -0.10661414E+001
  0.11207345E-104  0.63420148E+003  0.37124909E+001 -0.80642354E+000
  0.12147477E-104  0.63403842E+003  0.37364565E+001 -0.87922382E+000
  0.17273378E-104  0.63333238E+003  0.36021676E+001 -0.38887218E+000
  0.20182877E-104  0.63301909E+003  0.35749503E+001  0.18824838E+001
  0.20752927E-104  0.63296143E+003  0.36607929E+001 -0.62440878E+000
  0.28383486E-104  0.63233324E+003  0.32215587E+001  0.32323883E+001
  0.36382306E-104  0.63183474E+003  0.38030537E+001  0.38445788E+000
  0.38107206E-104  0.63174014E+003  0.34691302E+001  0.25197433E+000
  0.42327901E-104  0.63152810E+003  0.37342911E+001  0.90540703E+000
  0.65467149E-104  0.63065395E+003  0.36903340E+001 -0.72802640E+000
  0.67767964E-104  0.63058291E+003  0.31439145E+001  0.27959363E+001
  0.77061481E-104  0.63032393E+003  0.37622745E+001 -0.94303495E+000
  0.11335080E-103  0.62955021E+003  0.35989223E+001 -0.37048378E+000
  0.14749882E-103  0.62902160E+003  0.36741134E+001 -0.66859597E+000
  0.15970401E-103  0.62886064E+003  0.37255077E+001 -0.83964917E+000
  0.29367594E-103  0.62764038E+003  0.31417817E+001  0.29363970E+001
  0.29830813E-103  0.62760713E+003  0.32202212E+001  0.19000254E+001
  0.31918764E-103  0.62746987E+003  0.33560957E+001  0.91210396E+000
  0.63262481E-103  0.62609972E+003  0.36693579E+001  0.13264118E+001
  0.71620501E-103  0.62584959E+003  0.31921232E+001  0.32395214E+001
  0.80813948E-103  0.62560610E+003  0.37652640E+001  0.67241152E+000
  0.10881089E-102  0.62500923E+003  0.33162567E+001  0.11760339E+001
  0.10903378E-102  0.62500318E+003  0.31670028E+001  0.32080877E+001
  0.15627111E-102  0.62428136E+003  0.36023697E+001  0.17210315E+001
  0.25391731E-102  0.62330858E+003  0.32264609E+001  0.32091245E+001
  0.27748385E-102  0.62312911E+003  0.33996899E+001  0.26972378E+001
  0.31667124E-102  0.62286296E+003  0.37008323E+001 -0.75328493E+000
  0.32875109E-102  0.62278613E+003  0.31544317E+001  0.31448105E+001
  0.34624816E-102  0.62268047E+003  0.31446301E+001  0.30112813E+001
  0.48690435E-102  0.62199670E+003  0.31446159E+001  0.28756781E+001
  0.13039166E-099  0.61084850E+003  0.32387248E+001  0.31790777E+001
  0.47023966E-099  0.60828310E+003  0.31719632E+001  0.31867307E+001
  0.23387424E-097  0.60046968E+003  0.33135622E+001  0.29812151E+001
  0.72283289E-097  0.59821289E+003  0.33077507E+001  0.29953219E+001
  0.27235177E-096  0.59555989E+003  0.31522606E+001  0.28878419E+001
  0.73783382E-096  0.59356664E+003  0.31532604E+001  0.28593484E+001
  0.70613459E-095  0.58904929E+003  0.31594942E+001  0.30286363E+001
  0.50025004E-094  0.58513352E+003  0.32081475E+001  0.31586300E+001
  0.63831812E-094  0.58464606E+003  0.32429509E+001  0.31248392E+001
  0.14752511E-092  0.57836540E+003  0.32867429E+001  0.30229120E+001
  0.16733611E-092  0.57811339E+003  0.31618301E+001  0.29694862E+001
  0.22602682E-092  0.57751209E+003  0.32366383E+001  0.31203285E+001
  0.13420297E-090  0.56934435E+003  0.31632937E+001  0.28688410E+001
  0.19226348E-090  0.56862532E+003  0.32865135E+001  0.30079051E+001
  0.65288246E-090  0.56618026E+003  0.31769098E+001  0.30441518E+001
  0.84911360E-090  0.56565467E+003  0.32286585E+001  0.31046835E+001
  0.98101941E-090  0.56536587E+003  0.31649477E+001  0.28554947E+001
  0.66826670E-089  0.56152851E+003  0.32482523E+001  0.30730391E+001
  0.12166430E-088  0.56033018E+003  0.31825438E+001  0.30464223E+001
  0.26204822E-088  0.55879566E+003  0.32677297E+001  0.30335675E+001
  0.19334342E-087  0.55479861E+003  0.31810959E+001  0.30141149E+001
  0.41663058E-087  0.55326314E+003  0.31847374E+001  0.30261834E+001
  0.13340124E-086  0.55093565E+003  0.32248962E+001  0.30741492E+001
  0.15148808E-086  0.55068136E+003  0.31723655E+001  0.28813445E+001
  0.20578590E-086  0.55006870E+003  0.32096878E+001  0.30706067E+001
  0.36827074E-086  0.54890474E+003  0.32460652E+001  0.30511640E+001
  0.40431445E-086  0.54871799E+003  0.32512044E+001  0.30437112E+001
  0.10231135E-084  0.54225599E+003  0.31861659E+001  0.29827197E+001
  0.41697018E-084  0.53944600E+003  0.32395051E+001  0.30385086E+001
  0.12929172E-083  0.53718272E+003  0.31879772E+001  0.29682652E+001
  0.28573292E-083  0.53559675E+003  0.32743481E+001  0.29785810E+001
  0.54312089E-083  0.53431220E+003  0.31838393E+001  0.29174622E+001
  0.11414370E-082  0.53282678E+003  0.31819793E+001  0.28802669E+001
  0.34478143E-082  0.53061587E+003  0.32444798E+001  0.30145012E+001
  0.59956717E-082  0.52950928E+003  0.32337328E+001  0.30197981E+001
  0.40379096E-081  0.52569473E+003  0.31953135E+001  0.29534324E+001
  0.23305248E-080  0.52218883E+003  0.31968868E+001  0.29449770E+001
  0.39006181E-078  0.51194840E+003  0.31936877E+001  0.28626751E+001
  0.83908093E-076  0.50120606E+003  0.32477622E+001  0.29443831E+001
  0.15255709E-075  0.50001042E+003  0.32095835E+001  0.29018229E+001
  0.16298933E-073  0.49066779E+003  0.32571084E+001  0.29122377E+001
  0.68555089E-073  0.48779472E+003  0.32229267E+001  0.28933194E+001
  0.76506042E-073  0.48757525E+003  0.32707125E+001  0.28896170E+001
  0.31740765E-069  0.47091411E+003  0.32484891E+001  0.28653445E+001
