  0.29077688E-002  0.16000431E+003  0.34725018E+001  0.14135268E+001
  0.29077688E-002  0.16002947E+003  0.35001154E+001  0.13321558E+001
  0.29077688E-002  0.16620329E+003  0.34519529E+001  0.14977256E+001
  0.29077688E-002  0.16015093E+003  0.35654381E+001  0.77065827E+000
  0.29077688E-002  0.16016781E+003  0.34623122E+001  0.13200329E+001
  0.29077688E-002  0.16551028E+003  0.35432747E+001  0.11484371E+001
  0.29077688E-002  0.16017879E+003  0.34661697E+001  0.12719582E+001
  0.29077688E-002  0.16022124E+003  0.34807474E+001  0.11465644E+001
  0.29077688E-002  0.16030802E+003  0.35736658E+001  0.82164214E+000
  0.29077688E-002  0.16031043E+003  0.34837951E+001  0.13920091E+001
  0.29077688E-002  0.16040474E+003  0.35361427E+001  0.84342069E+000
  0.29077688E-002  0.16052879E+003  0.35738832E+001  0.79155684E+000
  0.29077688E-002  0.16054656E+003  0.34728942E+001  0.14195153E+001
  0.29077688E-002  0.16458955E+003  0.34929407E+001  0.10310214E+001
  0.29077688E-002  0.16055469E+003  0.34974558E+001  0.13469747E+001
  0.29077688E-002  0.16056376E+003  0.34951670E+001  0.13558651E+001
  0.29077688E-002  0.16083084E+003  0.35734825E+001  0.77458202E+000
  0.29077688E-002  0.16094635E+003  0.35751942E+001  0.81969113E+000
  0.29077688E-002  0.16097531E+003  0.34794619E+001  0.14101485E+001
  0.29077688E-002  0.16109993E+003  0.34884030E+001  0.13844794E+001
  0.29077688E-002  0.16110021E+003  0.34972422E+001  0.13521111E+001
  0.29077688E-002  0.16137416E+003  0.34610360E+001  0.14322747E+001
  0.29077688E-002  0.16328783E+003  0.35567987E+001  0.10419835E+001
  0.29077688E-002  0.16153321E+003  0.35016023E+001  0.10019494E+001
  0.29077688E-002  0.16319609E+003  0.35596525E+001  0.10200830E+001
  0.29077688E-002  0.16156155E+003  0.34581344E+001  0.13461748E+001
  0.29077688E-002  0.16171083E+003  0.35690732E+001  0.92390401E+000
  0.29077688E-002  0.16184046E+003  0.35253594E+001  0.87827825E+000
  0.29077688E-002  0.16185091E+003  0.35775917E+001  0.80262475E+000
  0.29077688E-002  0.16185637E+003  0.35730134E+001  0.88384049E+000
  0.29077688E-002  0.16199421E+003  0.35142152E+001  0.12839900E+001
  0.29077688E-002  0.16204842E+003  0.34865611E+001  0.10900740E+001
  0.29077688E-002  0.16216744E+003  0.35776125E+001  0.82272331E+000
  0.29077688E-002  0.16265682E+003  0.34611601E+001  0.14544014E+001
  0.29077688E-002  0.16286877E+003  0.35660438E+001  0.77748337E+000
  0.29077688E-002  0.16273246E+003  0.35616805E+001  0.78043609E+000
  0.29077688E-002  0.16267299E+003  0.35535564E+001  0.79498700E+000
  0.29077688E-002  0.16247289E+003  0.35475772E+001  0.81297598E+000
  0.29077688E-002  0.16203073E+003  0.35697965E+001  0.82301360E+000
  0.29077688E-002  0.16178082E+003  0.35678536E+001  0.80801652E+000
  0.29077688E-002  0.16171869E+003  0.35632380E+001  0.79585527E+000
  0.29077688E-002  0.16171029E+003  0.35657014E+001  0.79995828E+000
  0.29077688E-002  0.16165021E+003  0.35664619E+001  0.80417243E+000
  0.29077688E-002  0.16155490E+003  0.35499603E+001  0.81579784E+000
  0.29077688E-002  0.16126234E+003  0.35667609E+001  0.81953390E+000
  0.29077688E-002  0.16117226E+003  0.35541160E+001  0.81115505E+000
  0.29077688E-002  0.16076431E+003  0.35592307E+001  0.81158382E+000
  0.29077688E-002  0.16071432E+003  0.35649727E+001  0.82676335E+000
  0.29077688E-002  0.16059518E+003  0.35644690E+001  0.82752729E+000
  0.29077688E-002  0.16054790E+003  0.35516141E+001  0.82382621E+000
  0.29077688E-002  0.16044798E+003  0.35635155E+001  0.82661212E+000
  0.29077688E-002  0.16043707E+003  0.35629831E+001  0.82433428E+000
  0.29077688E-002  0.16026099E+003  0.35590096E+001  0.82067004E+000
  0.29077688E-002  0.16002592E+003  0.35603384E+001  0.82725851E+000
  0.29077688E-002  0.15995834E+003  0.35597230E+001  0.82771913E+000
  0.29077688E-002  0.15992330E+003  0.35577788E+001  0.82669121E+000
