  0.35317663E+001  0.10409139E+001 -0.76772374E+002
  0.35147516E+001  0.10630491E+001 -0.76669029E+002
  0.35215455E+001  0.10431757E+001 -0.76508492E+002
  0.35280709E+001  0.10015886E+001 -0.76803941E+002
  0.35061935E+001  0.11867458E+001 -0.76816491E+002
  0.35149541E+001  0.11311676E+001 -0.76471212E+002
  0.35092215E+001  0.11435077E+001 -0.76436276E+002
  0.35059654E+001  0.11219853E+001 -0.76647479E+002
  0.35180460E+001  0.10941419E+001 -0.76324126E+002
  0.35060590E+001  0.11494901E+001 -0.76507196E+002
  0.35280470E+001  0.10073978E+001 -0.76724843E+002
  0.35302994E+001  0.10040437E+001 -0.76731763E+002
  0.35283042E+001  0.10383502E+001 -0.76536175E+002
  0.35307497E+001  0.99598242E+000 -0.76814507E+002
  0.35268094E+001  0.10162360E+001 -0.76648227E+002
  0.35118706E+001  0.11519304E+001 -0.76572303E+002
  0.35089788E+001  0.10945653E+001 -0.76716386E+002
  0.35034749E+001  0.11433980E+001 -0.76668839E+002
  0.35066080E+001  0.11234883E+001 -0.76580256E+002
  0.35020469E+001  0.11908448E+001 -0.76784846E+002
  0.35121996E+001  0.10792813E+001 -0.76639764E+002
  0.35196968E+001  0.10980618E+001 -0.76392573E+002
  0.35221421E+001  0.10215822E+001 -0.76796160E+002
  0.35165063E+001  0.10529499E+001 -0.76686225E+002
  0.35214798E+001  0.10646563E+001 -0.76360776E+002
  0.35201480E+001  0.10528563E+001 -0.76460250E+002
  0.35191084E+001  0.10734845E+001 -0.76342592E+002
  0.35236254E+001  0.10601745E+001 -0.76392977E+002
  0.35204138E+001  0.10541751E+001 -0.76438234E+002
  0.35152064E+001  0.10859371E+001 -0.76373685E+002
  0.35176641E+001  0.10513264E+001 -0.76619978E+002
  0.35096427E+001  0.10886045E+001 -0.76742703E+002
  0.35004323E+001  0.11771957E+001 -0.76760993E+002
  0.35253281E+001  0.10278211E+001 -0.76557022E+002
  0.35315361E+001  0.10301602E+001 -0.76692115E+002
  0.35039195E+001  0.11526557E+001 -0.76597150E+002
  0.35094246E+001  0.11244332E+001 -0.76414009E+002
  0.35243701E+001  0.10689154E+001 -0.76438702E+002
  0.35075583E+001  0.11697114E+001 -0.76629465E+002
  0.35091163E+001  0.11614922E+001 -0.76579693E+002
  0.35166398E+001  0.11419845E+001 -0.76749510E+002
  0.35006717E+001  0.11760791E+001 -0.76748085E+002
  0.35200379E+001  0.10472686E+001 -0.76528247E+002
  0.35253794E+001  0.10393129E+001 -0.76470773E+002
  0.35229520E+001  0.10350371E+001 -0.76547522E+002
  0.35165949E+001  0.10959288E+001 -0.76314981E+002
  0.35321053E+001  0.10122340E+001 -0.76714763E+002
  0.35176638E+001  0.10466536E+001 -0.76697215E+002
  0.35329152E+001  0.10151316E+001 -0.76748573E+002
  0.35221794E+001  0.10901038E+001 -0.76461574E+002
  0.35325191E+001  0.10048739E+001 -0.76755809E+002
  0.35114953E+001  0.11626826E+001 -0.76711740E+002
  0.35104280E+001  0.11115857E+001 -0.76424464E+002
  0.35201448E+001  0.10429088E+001 -0.76580294E+002
  0.35136898E+001  0.10702897E+001 -0.76645805E+002
  0.35145090E+001  0.11240084E+001 -0.76388978E+002
  0.35248606E+001  0.10917355E+001 -0.76698273E+002
  0.35248479E+001  0.10392609E+001 -0.76471189E+002
  0.35302865E+001  0.10133878E+001 -0.76660387E+002
  0.35259443E+001  0.10644630E+001 -0.76500640E+002
  0.35249321E+001  0.10537021E+001 -0.76425618E+002
  0.35264713E+001  0.10058465E+001 -0.76805166E+002
  0.35317592E+001  0.10134529E+001 -0.76698640E+002
  0.35192179E+001  0.10804363E+001 -0.76325716E+002
  0.35147574E+001  0.11001839E+001 -0.76325801E+002
  0.35195915E+001  0.11027804E+001 -0.76425017E+002
  0.35130236E+001  0.11058525E+001 -0.76349470E+002
  0.35027816E+001  0.11655821E+001 -0.76642165E+002
  0.35238365E+001  0.10552885E+001 -0.76401764E+002
  0.35231460E+001  0.10539809E+001 -0.76399220E+002
  0.34999564E+001  0.11689444E+001 -0.76803030E+002
  0.35213046E+001  0.10977795E+001 -0.76479004E+002
  0.35333728E+001  0.10209258E+001 -0.76787558E+002
  0.35161641E+001  0.11046279E+001 -0.76325069E+002
  0.35010542E+001  0.11808410E+001 -0.76741085E+002
  0.35202768E+001  0.10470015E+001 -0.76519645E+002
  0.35251432E+001  0.10291596E+001 -0.76547695E+002
  0.35308042E+001  0.10472107E+001 -0.76738871E+002
  0.35324832E+001  0.10195658E+001 -0.76727010E+002
  0.35238080E+001  0.10583214E+001 -0.76397611E+002
  0.35101519E+001  0.11232797E+001 -0.76391736E+002
  0.35205317E+001  0.11126869E+001 -0.76605946E+002
  0.35098541E+001  0.11544032E+001 -0.76524405E+002
  0.35134084E+001  0.11499175E+001 -0.76631136E+002
  0.35318261E+001  0.99624930E+000 -0.76806682E+002
  0.35332397E+001  0.10286288E+001 -0.76813778E+002
  0.35163410E+001  0.10803210E+001 -0.76369864E+002
  0.35015902E+001  0.11534572E+001 -0.76753463E+002
  0.35181480E+001  0.10544208E+001 -0.76542239E+002
  0.35246577E+001  0.10278940E+001 -0.76572648E+002
  0.35102381E+001  0.11700176E+001 -0.76755399E+002
  0.35084904E+001  0.10922231E+001 -0.76807752E+002
  0.35103998E+001  0.11561750E+001 -0.76561822E+002
  0.35268630E+001  0.10039297E+001 -0.76817710E+002
  0.35218738E+001  0.10613244E+001 -0.76371317E+002
  0.35002981E+001  0.11739125E+001 -0.76768929E+002
  0.35217052E+001  0.10602772E+001 -0.76375338E+002
  0.35073732E+001  0.11504319E+001 -0.76479387E+002
  0.35240212E+001  0.10980142E+001 -0.76709224E+002
  0.35186441E+001  0.10840796E+001 -0.76321041E+002
  0.35234724E+001  0.10425209E+001 -0.76461864E+002
  0.35079436E+001  0.11636857E+001 -0.76572845E+002
  0.35191667E+001  0.10637799E+001 -0.76397189E+002
  0.35106445E+001  0.11115625E+001 -0.76414083E+002
  0.35232728E+001  0.10422488E+001 -0.76467390E+002
  0.35170562E+001  0.11401906E+001 -0.76754596E+002
  0.35105753E+001  0.11302679E+001 -0.76383898E+002
  0.35245964E+001  0.10384555E+001 -0.76478071E+002
  0.35231246E+001  0.10832314E+001 -0.76461582E+002
  0.35142679E+001  0.11004506E+001 -0.76334323E+002
  0.35066259E+001  0.11348296E+001 -0.76507299E+002
  0.35099291E+001  0.11090971E+001 -0.76469191E+002
  0.35189649E+001  0.11023485E+001 -0.76391182E+002
  0.35270670E+001  0.10837986E+001 -0.76811802E+002
  0.35099821E+001  0.11647994E+001 -0.76658064E+002
  0.35177275E+001  0.11134834E+001 -0.76426805E+002
  0.35210505E+001  0.10291428E+001 -0.76739410E+002
  0.35239326E+001  0.10884284E+001 -0.76570094E+002
  0.35141700E+001  0.11092184E+001 -0.76326812E+002
  0.35210188E+001  0.10432268E+001 -0.76530442E+002
  0.35014149E+001  0.11745780E+001 -0.76711494E+002
  0.35313713E+001  0.10443183E+001 -0.76765167E+002
  0.35005628E+001  0.11768105E+001 -0.76754090E+002
  0.35314458E+001  0.10265737E+001 -0.76677181E+002
  0.35069138E+001  0.11245962E+001 -0.76548830E+002
  0.35296701E+001  0.10170098E+001 -0.76630049E+002
  0.35231334E+001  0.10970311E+001 -0.76610626E+002
  0.35319207E+001  0.10366968E+001 -0.76754307E+002
  0.35189094E+001  0.11211052E+001 -0.76595770E+002
  0.35060641E+001  0.11087029E+001 -0.76810877E+002
  0.35095034E+001  0.11355486E+001 -0.76407945E+002
  0.35094993E+001  0.10929192E+001 -0.76689049E+002
  0.35273731E+001  0.10807955E+001 -0.76799065E+002
  0.35254968E+001  0.10889318E+001 -0.76721217E+002
  0.35089689E+001  0.11062825E+001 -0.76563114E+002
  0.35149460E+001  0.10888925E+001 -0.76364705E+002
  0.35243875E+001  0.10988942E+001 -0.76761948E+002
  0.35111217E+001  0.11692936E+001 -0.76802801E+002
  0.35262330E+001  0.10366593E+001 -0.76488891E+002
  0.35019628E+001  0.11668435E+001 -0.76681254E+002
  0.35209928E+001  0.10756268E+001 -0.76345070E+002
  0.35015599E+001  0.11878515E+001 -0.76764769E+002
  0.35067966E+001  0.11681419E+001 -0.76596786E+002
  0.35083181E+001  0.11107229E+001 -0.76567875E+002
  0.35022520E+001  0.11499800E+001 -0.76722002E+002
  0.35290702E+001  0.10595127E+001 -0.76698277E+002
  0.35074619E+001  0.11098267E+001 -0.76651601E+002
  0.35026479E+001  0.11725605E+001 -0.76660489E+002
  0.35322684E+001  0.10003971E+001 -0.76776508E+002
  0.35241370E+001  0.10548731E+001 -0.76407296E+002
  0.35226938E+001  0.10881390E+001 -0.76476485E+002
  0.35137536E+001  0.11576936E+001 -0.76791704E+002
  0.35264342E+001  0.10301704E+001 -0.76525992E+002
  0.35139990E+001  0.11089742E+001 -0.76327881E+002
  0.35188839E+001  0.10492599E+001 -0.76567281E+002
  0.35201229E+001  0.10439109E+001 -0.76567654E+002
  0.35248264E+001  0.10582030E+001 -0.76424942E+002
  0.35016073E+001  0.11906872E+001 -0.76786157E+002
  0.35030392E+001  0.11407520E+001 -0.76726018E+002
  0.35047972E+001  0.11235244E+001 -0.76739991E+002
  0.35124543E+001  0.11521812E+001 -0.76606675E+002
  0.35083584E+001  0.11459527E+001 -0.76451596E+002
  0.35131328E+001  0.11583855E+001 -0.76753998E+002
  0.35269337E+001  0.10084358E+001 -0.76745486E+002
  0.35261776E+001  0.10421754E+001 -0.76469111E+002
  0.35265779E+001  0.10380775E+001 -0.76487872E+002
  0.35249995E+001  0.10155907E+001 -0.76722279E+002
  0.35126673E+001  0.10960439E+001 -0.76415267E+002
  0.35177587E+001  0.11346183E+001 -0.76717648E+002
  0.34998719E+001  0.11882364E+001 -0.76811010E+002
  0.35150958E+001  0.10724402E+001 -0.76506589E+002
  0.35215111E+001  0.10842233E+001 -0.76385761E+002
  0.35241316E+001  0.10822110E+001 -0.76519352E+002
  0.35241066E+001  0.10906235E+001 -0.76611808E+002
  0.35258417E+001  0.10534504E+001 -0.76454259E+002
  0.35229658E+001  0.10741430E+001 -0.76398932E+002
  0.35139893E+001  0.10763452E+001 -0.76534576E+002
  0.35196885E+001  0.10375458E+001 -0.76694189E+002
  0.35016259E+001  0.11863562E+001 -0.76753364E+002
  0.35127074E+001  0.11010550E+001 -0.76380576E+002
  0.35057363E+001  0.11628067E+001 -0.76554552E+002
  0.35178453E+001  0.11298137E+001 -0.76643378E+002
  0.35214824E+001  0.10713684E+001 -0.76351689E+002
  0.35035969E+001  0.11369568E+001 -0.76710283E+002
  0.35195996E+001  0.10336823E+001 -0.76770609E+002
  0.35167701E+001  0.10524000E+001 -0.76673189E+002
  0.35089454E+001  0.10939196E+001 -0.76729949E+002
  0.35060815E+001  0.11651984E+001 -0.76567486E+002
  0.35172782E+001  0.10922642E+001 -0.76315307E+002
  0.35078962E+001  0.11811135E+001 -0.76807151E+002
  0.35185458E+001  0.11264119E+001 -0.76647736E+002
  0.35158550E+001  0.11041455E+001 -0.76321120E+002
  0.35125622E+001  0.10872594E+001 -0.76504727E+002
  0.35036016E+001  0.11560661E+001 -0.76607447E+002
  0.35106714E+001  0.10863467E+001 -0.76674651E+002
  0.35009677E+001  0.11646982E+001 -0.76745391E+002
  0.35199981E+001  0.10610264E+001 -0.76394919E+002
  0.35015068E+001  0.11533213E+001 -0.76761359E+002
  0.35093694E+001  0.11264658E+001 -0.76411306E+002
  0.35074760E+001  0.11743064E+001 -0.76684742E+002
  0.35063357E+001  0.11850916E+001 -0.76796607E+002
  0.35112739E+001  0.11519404E+001 -0.76545599E+002
  0.35077431E+001  0.11600766E+001 -0.76536544E+002
  0.35294369E+001  0.10364973E+001 -0.76585703E+002
  0.35054951E+001  0.11177191E+001 -0.76742672E+002
  0.35105322E+001  0.11723052E+001 -0.76816255E+002
  0.35203582E+001  0.11025392E+001 -0.76467005E+002
  0.35204361E+001  0.10581742E+001 -0.76404874E+002
  0.35218521E+001  0.10967618E+001 -0.76505592E+002
  0.35268205E+001  0.10639673E+001 -0.76554906E+002
  0.35132707E+001  0.11503947E+001 -0.76629571E+002
  0.35106586E+001  0.11267732E+001 -0.76378072E+002
  0.35282698E+001  0.10144916E+001 -0.76643426E+002
  0.35076494E+001  0.11607099E+001 -0.76540789E+002
  0.35159083E+001  0.10787172E+001 -0.76398384E+002
  0.35189675E+001  0.10583179E+001 -0.76453204E+002
  0.35308323E+001  0.10522228E+001 -0.76790731E+002
  0.35161716E+001  0.11145366E+001 -0.76372298E+002
  0.35028944E+001  0.11503681E+001 -0.76670418E+002
  0.35219726E+001  0.10417956E+001 -0.76507488E+002
  0.35193865E+001  0.10341909E+001 -0.76779020E+002
  0.35018511E+001  0.11745520E+001 -0.76693660E+002
  0.35200305E+001  0.10942822E+001 -0.76381735E+002
  0.35042339E+001  0.11358457E+001 -0.76665023E+002
  0.35275404E+001  0.10610922E+001 -0.76585172E+002
  0.35043438E+001  0.11593819E+001 -0.76574781E+002
  0.35094594E+001  0.11642351E+001 -0.76626372E+002
  0.35147253E+001  0.10686926E+001 -0.76583395E+002
  0.35237804E+001  0.10193037E+001 -0.76728109E+002
  0.35303528E+001  0.10133421E+001 -0.76661764E+002
  0.35319987E+001  0.10094268E+001 -0.76720343E+002
  0.35009741E+001  0.11867914E+001 -0.76769950E+002
  0.35283165E+001  0.10387367E+001 -0.76536813E+002
  0.35264350E+001  0.10211960E+001 -0.76602099E+002
  0.35111583E+001  0.10987831E+001 -0.76480177E+002
  0.35220828E+001  0.10711758E+001 -0.76363202E+002
  0.35119737E+001  0.11533530E+001 -0.76596860E+002
  0.35117597E+001  0.10907460E+001 -0.76522635E+002
  0.35120423E+001  0.10793474E+001 -0.76653152E+002
  0.35284467E+001  0.10500582E+001 -0.76576066E+002
  0.35061072E+001  0.11353540E+001 -0.76534408E+002
  0.35264219E+001  0.10207676E+001 -0.76606793E+002
  0.35089251E+001  0.11625560E+001 -0.76586001E+002
  0.35240469E+001  0.10593516E+001 -0.76402892E+002
  0.35312211E+001  0.10004436E+001 -0.76765757E+002
  0.35016972E+001  0.11854038E+001 -0.76745846E+002
  0.35184958E+001  0.10666546E+001 -0.76396056E+002
  0.35193094E+001  0.10541914E+001 -0.76481932E+002
  0.35079807E+001  0.11067148E+001 -0.76642726E+002
  0.35028208E+001  0.11905176E+001 -0.76782855E+002
  0.35204205E+001  0.10995851E+001 -0.76442084E+002
  0.35198715E+001  0.11001997E+001 -0.76417533E+002
  0.35130403E+001  0.11313197E+001 -0.76404008E+002
  0.35242484E+001  0.10831768E+001 -0.76537488E+002
  0.35223516E+001  0.10992609E+001 -0.76573460E+002
  0.35177703E+001  0.11126301E+001 -0.76420995E+002
  0.35213659E+001  0.10583210E+001 -0.76387180E+002
  0.35121625E+001  0.11533353E+001 -0.76606854E+002
  0.35116023E+001  0.11210424E+001 -0.76359752E+002
  0.35015108E+001  0.11634557E+001 -0.76712902E+002
  0.35142464E+001  0.10845697E+001 -0.76428218E+002
  0.35223294E+001  0.10629519E+001 -0.76369768E+002
  0.35067412E+001  0.11293569E+001 -0.76528044E+002
  0.35139974E+001  0.11547794E+001 -0.76757113E+002
  0.35278097E+001  0.10210297E+001 -0.76590069E+002
  0.35010101E+001  0.11615760E+001 -0.76754464E+002
  0.35303194E+001  0.10515274E+001 -0.76734179E+002
  0.35296080E+001  0.10583863E+001 -0.76737021E+002
  0.35138647E+001  0.10816930E+001 -0.76479408E+002
  0.35095730E+001  0.11018843E+001 -0.76563628E+002
  0.35075539E+001  0.11615708E+001 -0.76546977E+002
  0.35328240E+001  0.10166987E+001 -0.76744078E+002
  0.35096213E+001  0.11549765E+001 -0.76524046E+002
  0.35131629E+001  0.10690938E+001 -0.76714977E+002
  0.35240412E+001  0.11004583E+001 -0.76750861E+002
  0.35101574E+001  0.11481776E+001 -0.76473935E+002
  0.35214917E+001  0.10993346E+001 -0.76508421E+002
  0.35037621E+001  0.11754161E+001 -0.76650631E+002
  0.35104047E+001  0.10912493E+001 -0.76627502E+002
  0.35290346E+001  0.10536536E+001 -0.76642127E+002
  0.35071402E+001  0.11092923E+001 -0.76689023E+002
  0.35121086E+001  0.10805538E+001 -0.76628781E+002
  0.35167793E+001  0.10591566E+001 -0.76567277E+002
  0.35069541E+001  0.11363034E+001 -0.76485760E+002
  0.35324739E+001  0.10241178E+001 -0.76735308E+002
  0.35120534E+001  0.11638619E+001 -0.76771520E+002
  0.35049193E+001  0.11821490E+001 -0.76714945E+002
  0.35189632E+001  0.11246655E+001 -0.76655671E+002
  0.35052582E+001  0.11764869E+001 -0.76659067E+002
  0.35191557E+001  0.10878127E+001 -0.76329068E+002
  0.35251395E+001  0.10527109E+001 -0.76431315E+002
  0.35018873E+001  0.11910006E+001 -0.76786913E+002
  0.35108561E+001  0.10953691E+001 -0.76537403E+002
  0.35278726E+001  0.10607330E+001 -0.76607715E+002
  0.35156633E+001  0.11457543E+001 -0.76731955E+002
  0.35080582E+001  0.11260049E+001 -0.76469843E+002
  0.35336222E+001  0.10055774E+001 -0.76793965E+002
  0.35265092E+001  0.10065585E+001 -0.76791851E+002
  0.35133784E+001  0.10900393E+001 -0.76426462E+002
  0.35288643E+001  0.10401965E+001 -0.76563794E+002
  0.35001014E+001  0.11656172E+001 -0.76805699E+002
  0.35105707E+001  0.11504908E+001 -0.76505018E+002
  0.35136078E+001  0.11100060E+001 -0.76331739E+002
  0.35238142E+001  0.10246249E+001 -0.76645527E+002
  0.35137076E+001  0.11043778E+001 -0.76336736E+002
  0.35037317E+001  0.11355362E+001 -0.76711420E+002
  0.35186966E+001  0.10757788E+001 -0.76338707E+002
  0.35121084E+001  0.11194795E+001 -0.76351894E+002
  0.35079618E+001  0.11073695E+001 -0.76636269E+002
  0.35024503E+001  0.11700228E+001 -0.76661187E+002
  0.35157746E+001  0.11373891E+001 -0.76601397E+002
  0.35182806E+001  0.11005824E+001 -0.76354192E+002
  0.35092964E+001  0.11081840E+001 -0.76519118E+002
  0.35240031E+001  0.10381304E+001 -0.76488209E+002
  0.35229861E+001  0.10433373E+001 -0.76464031E+002
  0.35013077E+001  0.11852591E+001 -0.76753220E+002
  0.35275246E+001  0.10426968E+001 -0.76507439E+002
  0.35240075E+001  0.10133163E+001 -0.76817439E+002
  0.35025994E+001  0.11424174E+001 -0.76751026E+002
  0.35138561E+001  0.11156454E+001 -0.76337624E+002
  0.35260992E+001  0.10416984E+001 -0.76468887E+002
  0.35230190E+001  0.10566320E+001 -0.76389943E+002
  0.35132649E+001  0.10681769E+001 -0.76720964E+002
  0.35133610E+001  0.10992915E+001 -0.76364726E+002
  0.35078564E+001  0.10984653E+001 -0.76773882E+002
  0.35269086E+001  0.10244048E+001 -0.76566814E+002
  0.35158893E+001  0.11229086E+001 -0.76429743E+002
  0.35192588E+001  0.10851879E+001 -0.76326654E+002
  0.35248538E+001  0.10893479E+001 -0.76663370E+002
  0.35163231E+001  0.11383177E+001 -0.76657707E+002
  0.35146652E+001  0.11171429E+001 -0.76351172E+002
  0.35291068E+001  0.10126676E+001 -0.76656087E+002
  0.35069955E+001  0.11490540E+001 -0.76481640E+002
  0.35091976E+001  0.11161493E+001 -0.76462395E+002
  0.35180635E+001  0.10530952E+001 -0.76565832E+002
  0.35100218E+001  0.11625807E+001 -0.76628481E+002
  0.35195948E+001  0.10637418E+001 -0.76385875E+002
  0.35264877E+001  0.10136829E+001 -0.76688836E+002
  0.35287209E+001  0.10063022E+001 -0.76723669E+002
  0.35199378E+001  0.11251074E+001 -0.76755817E+002
  0.35110369E+001  0.11163415E+001 -0.76379089E+002
  0.35062561E+001  0.11172750E+001 -0.76673599E+002
  0.35062346E+001  0.11080936E+001 -0.76801179E+002
  0.35307150E+001  0.10192384E+001 -0.76646668E+002
  0.35236875E+001  0.11050894E+001 -0.76792245E+002
  0.35126914E+001  0.11069171E+001 -0.76355604E+002
  0.35107161E+001  0.11107880E+001 -0.76414925E+002
  0.35290210E+001  0.99853857E+000 -0.76817138E+002
  0.35092419E+001  0.10982363E+001 -0.76637562E+002
  0.35129827E+001  0.11615729E+001 -0.76801699E+002
  0.35283918E+001  0.10495992E+001 -0.76570205E+002
  0.35073405E+001  0.11025110E+001 -0.76766023E+002
  0.35009992E+001  0.11778710E+001 -0.76735285E+002
  0.35190377E+001  0.10850235E+001 -0.76323828E+002
  0.35008480E+001  0.11690875E+001 -0.76742078E+002
  0.35208352E+001  0.10816554E+001 -0.76352198E+002
  0.35286735E+001  0.10630381E+001 -0.76698818E+002
  0.35226933E+001  0.10711899E+001 -0.76379784E+002
  0.35308306E+001  0.10004498E+001 -0.76765496E+002
  0.35251775E+001  0.10936841E+001 -0.76761578E+002
  0.35323452E+001  0.10249110E+001 -0.76729055E+002
  0.35116128E+001  0.11370427E+001 -0.76415835E+002
  0.35098823E+001  0.11070018E+001 -0.76489487E+002
  0.35133094E+001  0.10946901E+001 -0.76393952E+002
  0.35301979E+001  0.10504584E+001 -0.76713329E+002
  0.35173826E+001  0.10671934E+001 -0.76435550E+002
  0.35205794E+001  0.10446890E+001 -0.76533349E+002
  0.35038457E+001  0.11529852E+001 -0.76600402E+002
  0.35001392E+001  0.11845169E+001 -0.76787755E+002
  0.35214185E+001  0.10432538E+001 -0.76512712E+002
  0.35258870E+001  0.10890233E+001 -0.76763886E+002
  0.35075615E+001  0.11199933E+001 -0.76539179E+002
  0.35107764E+001  0.11354691E+001 -0.76399575E+002
  0.35050063E+001  0.11465334E+001 -0.76554314E+002
  0.35224941E+001  0.10809591E+001 -0.76411680E+002
  0.35081020E+001  0.11684745E+001 -0.76630760E+002
  0.35012337E+001  0.11662754E+001 -0.76723614E+002
  0.35072981E+001  0.11206933E+001 -0.76552369E+002
  0.35189151E+001  0.10543330E+001 -0.76499774E+002
  0.35186026E+001  0.11218334E+001 -0.76582189E+002
  0.35097395E+001  0.11425373E+001 -0.76431452E+002
  0.35193828E+001  0.10713785E+001 -0.76347845E+002
  0.35039079E+001  0.11514219E+001 -0.76600913E+002
  0.35067045E+001  0.11813076E+001 -0.76754430E+002
  0.35051749E+001  0.11159687E+001 -0.76800904E+002
  0.35031333E+001  0.11776064E+001 -0.76672737E+002
  0.35049471E+001  0.11598646E+001 -0.76557146E+002
  0.35217025E+001  0.11098452E+001 -0.76667820E+002
  0.35167931E+001  0.11126882E+001 -0.76380254E+002
  0.35113937E+001  0.11461378E+001 -0.76486319E+002
  0.35140678E+001  0.10801808E+001 -0.76483110E+002
  0.35160588E+001  0.10716210E+001 -0.76457560E+002
  0.35296716E+001  0.10061249E+001 -0.76714085E+002
  0.35291136E+001  0.10505446E+001 -0.76625498E+002
  0.35127437E+001  0.10999472E+001 -0.76385375E+002
  0.35144094E+001  0.11006413E+001 -0.76330953E+002
  0.35193322E+001  0.10974127E+001 -0.76372965E+002
  0.35188876E+001  0.10431177E+001 -0.76660546E+002
  0.35261231E+001  0.10214812E+001 -0.76605478E+002
  0.35066155E+001  0.11247247E+001 -0.76569353E+002
  0.35244875E+001  0.10738609E+001 -0.76473907E+002
  0.35207023E+001  0.10541039E+001 -0.76430009E+002
  0.35233613E+001  0.10970909E+001 -0.76631878E+002
  0.35235064E+001  0.10203081E+001 -0.76727603E+002
  0.35099040E+001  0.11165036E+001 -0.76423592E+002
  0.35213904E+001  0.10510459E+001 -0.76436864E+002
  0.35215234E+001  0.11152841E+001 -0.76741078E+002
  0.35207171E+001  0.10451456E+001 -0.76521186E+002
  0.35119475E+001  0.11596274E+001 -0.76690572E+002
  0.35103202E+001  0.11421067E+001 -0.76432293E+002
  0.35164624E+001  0.10900773E+001 -0.76322689E+002
  0.35293233E+001  0.10505790E+001 -0.76641676E+002
  0.35278744E+001  0.10325427E+001 -0.76530292E+002
  0.35259634E+001  0.10792385E+001 -0.76635564E+002
  0.35059545E+001  0.11185371E+001 -0.76687061E+002
  0.35230220E+001  0.10526868E+001 -0.76404353E+002
  0.35173515E+001  0.10621630E+001 -0.76491670E+002
  0.35128987E+001  0.11300323E+001 -0.76392178E+002
  0.35190544E+001  0.11033228E+001 -0.76402730E+002
  0.35272749E+001  0.10660274E+001 -0.76606899E+002
  0.35079468E+001  0.10966488E+001 -0.76793686E+002
  0.35160640E+001  0.11226803E+001 -0.76435419E+002
  0.35270884E+001  0.10738864E+001 -0.76674702E+002
  0.35142697E+001  0.10804124E+001 -0.76467904E+002
  0.35050867E+001  0.11279289E+001 -0.76664237E+002
  0.35277759E+001  0.10279345E+001 -0.76546569E+002
  0.35116641E+001  0.11119021E+001 -0.76371698E+002
  0.35324745E+001  0.10161409E+001 -0.76725326E+002
  0.35095274E+001  0.11532597E+001 -0.76505557E+002
  0.35021867E+001  0.11525833E+001 -0.76711063E+002
  0.35310172E+001  0.10237128E+001 -0.76652555E+002
  0.35206020E+001  0.10774537E+001 -0.76339767E+002
  0.35149874E+001  0.10826459E+001 -0.76407673E+002
  0.35297499E+001  0.10294207E+001 -0.76595284E+002
  0.35205929E+001  0.10658073E+001 -0.76359058E+002
  0.35168688E+001  0.10649361E+001 -0.76486616E+002
  0.35330953E+001  0.10140540E+001 -0.76758291E+002
  0.35045382E+001  0.11585775E+001 -0.76566990E+002
  0.35105185E+001  0.11229798E+001 -0.76381768E+002
  0.35182071E+001  0.11159366E+001 -0.76478729E+002
  0.35229988E+001  0.10884868E+001 -0.76500232E+002
  0.35111702E+001  0.11627122E+001 -0.76691711E+002
  0.35080641E+001  0.11646620E+001 -0.76585709E+002
  0.35011252E+001  0.11641554E+001 -0.76736361E+002
  0.35100131E+001  0.10977059E+001 -0.76576947E+002
  0.35097865E+001  0.11539018E+001 -0.76517604E+002
  0.35251567E+001  0.10524775E+001 -0.76431835E+002
  0.35300417E+001  0.10579626E+001 -0.76775225E+002
  0.35210600E+001  0.10333272E+001 -0.76667986E+002
  0.35243781E+001  0.10370299E+001 -0.76491295E+002
  0.35160007E+001  0.10641177E+001 -0.76552820E+002
  0.35237835E+001  0.10582336E+001 -0.76397177E+002
  0.35288308E+001  0.10290683E+001 -0.76563848E+002
  0.35285224E+001  0.10005186E+001 -0.76804202E+002
  0.35144938E+001  0.10699375E+001 -0.76583641E+002
  0.35333973E+001  0.99916467E+000 -0.76810004E+002
  0.35223043E+001  0.10637365E+001 -0.76368269E+002
  0.35226756E+001  0.10328475E+001 -0.76585895E+002
  0.35239254E+001  0.10370484E+001 -0.76498977E+002
  0.35066569E+001  0.11362516E+001 -0.76500379E+002
  0.35263831E+001  0.10243423E+001 -0.76572414E+002
  0.35298374E+001  0.10550547E+001 -0.76723979E+002
  0.35251055E+001  0.10486937E+001 -0.76434854E+002
  0.35124569E+001  0.10757528E+001 -0.76671285E+002
  0.35020226E+001  0.11586515E+001 -0.76694491E+002
  0.35130697E+001  0.11427927E+001 -0.76514905E+002
  0.35218846E+001  0.10803444E+001 -0.76382172E+002
  0.35003103E+001  0.11663579E+001 -0.76786534E+002
  0.35288803E+001  0.10628316E+001 -0.76716123E+002
  0.35021383E+001  0.11448594E+001 -0.76771758E+002
  0.35135128E+001  0.11259730E+001 -0.76378478E+002
  0.35010101E+001  0.11644642E+001 -0.76743237E+002
  0.35014096E+001  0.11710851E+001 -0.76708830E+002
  0.35256361E+001  0.10238225E+001 -0.76591462E+002
  0.35241885E+001  0.10975218E+001 -0.76718595E+002
  0.35137696E+001  0.11586618E+001 -0.76811884E+002
  0.35077051E+001  0.11697649E+001 -0.76634279E+002
  0.35317465E+001  0.10436204E+001 -0.76794054E+002
  0.35255012E+001  0.10106677E+001 -0.76775099E+002
  0.35064690E+001  0.11237120E+001 -0.76589049E+002
  0.35231284E+001  0.10721298E+001 -0.76397744E+002
  0.35038632E+001  0.11456770E+001 -0.76626592E+002
  0.35274285E+001  0.10624548E+001 -0.76587678E+002
  0.35287052E+001  0.10299201E+001 -0.76558295E+002
  0.35018743E+001  0.11621075E+001 -0.76693432E+002
  0.35094865E+001  0.10880238E+001 -0.76769256E+002
  0.35266635E+001  0.10109649E+001 -0.76719602E+002
  0.35268946E+001  0.10748268E+001 -0.76667882E+002
  0.35112596E+001  0.10923682E+001 -0.76541400E+002
  0.35074280E+001  0.11541804E+001 -0.76495684E+002
  0.35023735E+001  0.11868920E+001 -0.76748357E+002
  0.35220989E+001  0.10459636E+001 -0.76462187E+002
  0.35075047E+001  0.11697151E+001 -0.76628058E+002
  0.35313946E+001  0.10386668E+001 -0.76724003E+002
  0.35295549E+001  0.10121585E+001 -0.76661061E+002
  0.35309784E+001  0.10515047E+001 -0.76797666E+002
  0.35194678E+001  0.11001606E+001 -0.76397508E+002
  0.35211249E+001  0.11036569E+001 -0.76532200E+002
  0.35198193E+001  0.11274020E+001 -0.76786648E+002
  0.35274097E+001  0.10439922E+001 -0.76503804E+002
  0.35269207E+001  0.10611257E+001 -0.76541553E+002
  0.35122700E+001  0.10742708E+001 -0.76714029E+002
  0.35249959E+001  0.10438858E+001 -0.76447772E+002
  0.35158268E+001  0.10494420E+001 -0.76815482E+002
  0.35217326E+001  0.10234963E+001 -0.76791229E+002
  0.35139396E+001  0.10742401E+001 -0.76566378E+002
  0.35074607E+001  0.11681211E+001 -0.76608969E+002
  0.35300955E+001  0.10566574E+001 -0.76765798E+002
  0.35134095E+001  0.10967111E+001 -0.76376798E+002
  0.35154860E+001  0.11196320E+001 -0.76386528E+002
  0.35264888E+001  0.10704067E+001 -0.76585039E+002
  0.35182963E+001  0.11266070E+001 -0.76629756E+002
  0.35152933E+001  0.11497042E+001 -0.76773062E+002
  0.35175120E+001  0.10451244E+001 -0.76737669E+002
  0.35146222E+001  0.11154057E+001 -0.76342881E+002
  0.35053820E+001  0.11872248E+001 -0.76792602E+002
  0.35030964E+001  0.11550288E+001 -0.76638013E+002
  0.35196347E+001  0.11175351E+001 -0.76602087E+002
  0.35083315E+001  0.11283021E+001 -0.76447391E+002
  0.35339340E+001  0.10122062E+001 -0.76806251E+002
  0.35217276E+001  0.11181999E+001 -0.76816696E+002
  0.35136388E+001  0.11190093E+001 -0.76346816E+002
  0.35243630E+001  0.10964363E+001 -0.76719454E+002
  0.34996658E+001  0.11843622E+001 -0.76808177E+002
  0.35164132E+001  0.11006558E+001 -0.76318596E+002
  0.35034803E+001  0.11611001E+001 -0.76609919E+002
  0.35269905E+001  0.10641232E+001 -0.76568411E+002
  0.35300147E+001  0.10127199E+001 -0.76660711E+002
  0.35264429E+001  0.10554547E+001 -0.76485199E+002
  0.35134207E+001  0.10651719E+001 -0.76759400E+002
  0.35220292E+001  0.10227983E+001 -0.76782012E+002
  0.35160593E+001  0.11154622E+001 -0.76375067E+002
  0.35110333E+001  0.11068397E+001 -0.76423037E+002
  0.35239909E+001  0.10780334E+001 -0.76474047E+002
  0.35173061E+001  0.10954117E+001 -0.76317584E+002
  0.35071856E+001  0.11191377E+001 -0.76574518E+002
  0.35035418E+001  0.11310486E+001 -0.76777158E+002
  0.35183168E+001  0.10557711E+001 -0.76514728E+002
  0.35102279E+001  0.10809833E+001 -0.76812055E+002
  0.35252447E+001  0.10716369E+001 -0.76505340E+002
  0.35188056E+001  0.10556377E+001 -0.76490048E+002
  0.35129063E+001  0.10867890E+001 -0.76486431E+002
  0.35196917E+001  0.10340810E+001 -0.76755556E+002
  0.35189916E+001  0.10915289E+001 -0.76335188E+002
  0.35013388E+001  0.11626811E+001 -0.76726655E+002
  0.35053387E+001  0.11722366E+001 -0.76620778E+002
  0.35283808E+001  0.10469679E+001 -0.76557899E+002
  0.35024194E+001  0.11919601E+001 -0.76796040E+002
  0.35150951E+001  0.10761867E+001 -0.76463625E+002
  0.35271078E+001  0.10403012E+001 -0.76494634E+002
  0.35103301E+001  0.11440326E+001 -0.76445068E+002
  0.35230759E+001  0.10951703E+001 -0.76581325E+002
  0.35138540E+001  0.11386950E+001 -0.76503668E+002
  0.35209227E+001  0.10965080E+001 -0.76443245E+002
  0.35095501E+001  0.11688950E+001 -0.76697486E+002
  0.35143350E+001  0.10625864E+001 -0.76715494E+002
  0.35255226E+001  0.10768651E+001 -0.76571852E+002
  0.35141254E+001  0.11277027E+001 -0.76405770E+002
  0.35242844E+001  0.10231980E+001 -0.76644386E+002
  0.35341703E+001  0.10098107E+001 -0.76818952E+002
  0.35253526E+001  0.10709235E+001 -0.76507057E+002
  0.35106490E+001  0.11150864E+001 -0.76397377E+002
  0.35116137E+001  0.10920327E+001 -0.76518686E+002
  0.35023781E+001  0.11430182E+001 -0.76766062E+002
  0.35328364E+001  0.99855278E+000 -0.76799733E+002
  0.35146843E+001  0.11201487E+001 -0.76367840E+002
  0.35149167E+001  0.11486692E+001 -0.76721568E+002
  0.35272467E+001  0.10306974E+001 -0.76526946E+002
  0.35122915E+001  0.11220033E+001 -0.76353753E+002
  0.35060007E+001  0.11620959E+001 -0.76548225E+002
  0.35279180E+001  0.10753258E+001 -0.76777569E+002
  0.35325698E+001  0.10064125E+001 -0.76750599E+002
  0.35145814E+001  0.11345715E+001 -0.76491321E+002
  0.35066332E+001  0.11163125E+001 -0.76650097E+002
  0.35114266E+001  0.11044931E+001 -0.76418391E+002
  0.35189010E+001  0.11041363E+001 -0.76402038E+002
  0.35106974E+001  0.11186475E+001 -0.76384170E+002
  0.35203582E+001  0.10941094E+001 -0.76394979E+002
  0.35288889E+001  0.10073521E+001 -0.76709081E+002
  0.35152597E+001  0.10934364E+001 -0.76334137E+002
  0.35100340E+001  0.10827177E+001 -0.76802181E+002
  0.35304339E+001  0.10474706E+001 -0.76708476E+002
  0.35216010E+001  0.10905638E+001 -0.76431593E+002
  0.35219956E+001  0.10365045E+001 -0.76569528E+002
  0.35088197E+001  0.11296527E+001 -0.76424524E+002
  0.35089747E+001  0.11460634E+001 -0.76449046E+002
  0.35128412E+001  0.11542856E+001 -0.76662605E+002
  0.35045537E+001  0.11807196E+001 -0.76694458E+002
  0.35206530E+001  0.10966868E+001 -0.76429581E+002
  0.35036206E+001  0.11662646E+001 -0.76611978E+002
  0.35319371E+001  0.10275730E+001 -0.76710116E+002
  0.35158125E+001  0.10751019E+001 -0.76435191E+002
  0.35136454E+001  0.10880911E+001 -0.76429009E+002
  0.35310284E+001  0.10250164E+001 -0.76653189E+002
  0.35197306E+001  0.10985044E+001 -0.76397329E+002
  0.35318474E+001  0.99637356E+000 -0.76805561E+002
  0.35154517E+001  0.11236729E+001 -0.76418399E+002
  0.35093221E+001  0.11100943E+001 -0.76500126E+002
  0.35117839E+001  0.11102410E+001 -0.76373366E+002
  0.35113349E+001  0.10833888E+001 -0.76656851E+002
  0.35124114E+001  0.11134005E+001 -0.76348444E+002
  0.35140701E+001  0.10898758E+001 -0.76393530E+002
  0.35079916E+001  0.11201149E+001 -0.76508992E+002
  0.35196494E+001  0.10586293E+001 -0.76424012E+002
  0.35143984E+001  0.10567628E+001 -0.76818456E+002
  0.35317548E+001  0.10108204E+001 -0.76707344E+002
  0.35100191E+001  0.11278132E+001 -0.76391184E+002
  0.35218341E+001  0.10542603E+001 -0.76404824E+002
  0.35242972E+001  0.10524140E+001 -0.76414076E+002
  0.35160659E+001  0.10748511E+001 -0.76424898E+002
  0.35030021E+001  0.11350256E+001 -0.76786571E+002
  0.35321120E+001  0.10033119E+001 -0.76754312E+002
  0.35281345E+001  0.10439517E+001 -0.76535610E+002
  0.35203856E+001  0.10751236E+001 -0.76337099E+002
  0.35152699E+001  0.10623200E+001 -0.76636028E+002
  0.35247799E+001  0.10228056E+001 -0.76629734E+002
  0.35094905E+001  0.11724156E+001 -0.76750596E+002
  0.35079168E+001  0.11308237E+001 -0.76457865E+002
  0.35229063E+001  0.10479372E+001 -0.76431249E+002
  0.35042841E+001  0.11314292E+001 -0.76701303E+002
  0.35139197E+001  0.10695175E+001 -0.76637741E+002
  0.35141588E+001  0.11302202E+001 -0.76428253E+002
  0.35088021E+001  0.11101264E+001 -0.76536664E+002
  0.35297049E+001  0.10249440E+001 -0.76599743E+002
  0.35226109E+001  0.10937721E+001 -0.76527818E+002
  0.35290744E+001  0.99954722E+000 -0.76801545E+002
  0.35138723E+001  0.10981424E+001 -0.76352909E+002
  0.35094626E+001  0.11291234E+001 -0.76404856E+002
  0.35035476E+001  0.11668550E+001 -0.76615790E+002
  0.35157010E+001  0.11027894E+001 -0.76318390E+002
  0.35230722E+001  0.10653933E+001 -0.76381490E+002
  0.35224697E+001  0.11028830E+001 -0.76633335E+002
  0.35118073E+001  0.11221331E+001 -0.76357789E+002
  0.35139719E+001  0.11383001E+001 -0.76504776E+002
  0.35053257E+001  0.11408399E+001 -0.76555895E+002
  0.35036387E+001  0.11624768E+001 -0.76604380E+002
  0.35219844E+001  0.11143904E+001 -0.76773575E+002
  0.35332893E+001  0.10193629E+001 -0.76777110E+002
  0.35250661E+001  0.10605656E+001 -0.76438747E+002
  0.35171196E+001  0.11065824E+001 -0.76352009E+002
  0.35298727E+001  0.10205391E+001 -0.76617801E+002
  0.35065568E+001  0.11287203E+001 -0.76544058E+002
  0.35102125E+001  0.11122320E+001 -0.76431588E+002
  0.35136523E+001  0.11439329E+001 -0.76559386E+002
  0.35234721E+001  0.10959639E+001 -0.76626301E+002
  0.35236604E+001  0.10830750E+001 -0.76494559E+002
  0.35040910E+001  0.11817904E+001 -0.76701523E+002
  0.35080305E+001  0.11041510E+001 -0.76671555E+002
  0.35315268E+001  0.10399271E+001 -0.76743712E+002
  0.35084696E+001  0.11472201E+001 -0.76456127E+002
  0.35307902E+001  0.10274863E+001 -0.76642759E+002
  0.35097589E+001  0.11410930E+001 -0.76424344E+002
  0.35323784E+001  0.10312851E+001 -0.76758370E+002
  0.35183084E+001  0.11257726E+001 -0.76617717E+002
  0.35276362E+001  0.10036329E+001 -0.76789503E+002
  0.35111919E+001  0.11155557E+001 -0.76376211E+002
  0.35189198E+001  0.10351507E+001 -0.76801401E+002
  0.35065214E+001  0.11575077E+001 -0.76519462E+002
  0.35265645E+001  0.10254514E+001 -0.76560774E+002
  0.35291520E+001  0.10584197E+001 -0.76694669E+002
  0.35173538E+001  0.11402184E+001 -0.76783609E+002
  0.35010160E+001  0.11640313E+001 -0.76744293E+002
  0.35177740E+001  0.10633429E+001 -0.76456067E+002
  0.35100872E+001  0.10998883E+001 -0.76545513E+002
  0.35273018E+001  0.10622004E+001 -0.76576140E+002
  0.35125419E+001  0.11379090E+001 -0.76443935E+002
  0.35248511E+001  0.10651076E+001 -0.76444913E+002
  0.35178706E+001  0.11024376E+001 -0.76351504E+002
  0.35225901E+001  0.10586923E+001 -0.76381517E+002
  0.34998216E+001  0.11811971E+001 -0.76795714E+002
  0.35250642E+001  0.10193804E+001 -0.76664310E+002
  0.35114739E+001  0.10995125E+001 -0.76453728E+002
  0.35164930E+001  0.11415882E+001 -0.76728932E+002
  0.34999520E+001  0.11787811E+001 -0.76787172E+002
  0.35250189E+001  0.10958829E+001 -0.76780531E+002
  0.35252676E+001  0.10291548E+001 -0.76545366E+002
  0.35085533E+001  0.11059883E+001 -0.76600788E+002
  0.35281664E+001  0.10436092E+001 -0.76536420E+002
  0.35237059E+001  0.10147004E+001 -0.76812317E+002
  0.35036352E+001  0.11825456E+001 -0.76707010E+002
  0.35285849E+001  0.10074028E+001 -0.76713322E+002
  0.35204698E+001  0.10814088E+001 -0.76342532E+002
  0.35167899E+001  0.10976463E+001 -0.76316722E+002
  0.35174789E+001  0.10650539E+001 -0.76452606E+002
  0.35252749E+001  0.10339027E+001 -0.76505165E+002
  0.35123716E+001  0.11515942E+001 -0.76593693E+002
  0.35106477E+001  0.11200028E+001 -0.76382708E+002
  0.35247043E+001  0.10110408E+001 -0.76813896E+002
  0.35199892E+001  0.11187978E+001 -0.76652134E+002
  0.35217273E+001  0.11035651E+001 -0.76578436E+002
  0.35085326E+001  0.11310508E+001 -0.76432324E+002
  0.35216188E+001  0.10589662E+001 -0.76381506E+002
  0.34999217E+001  0.11753235E+001 -0.76790315E+002
  0.35254334E+001  0.10901487E+001 -0.76733048E+002
  0.35140579E+001  0.10763476E+001 -0.76529576E+002
  0.35202007E+001  0.11005112E+001 -0.76438023E+002
  0.35195011E+001  0.11146272E+001 -0.76550583E+002
  0.35103179E+001  0.11688715E+001 -0.76740877E+002
  0.35215188E+001  0.10512515E+001 -0.76432004E+002
  0.35170802E+001  0.11432903E+001 -0.76817041E+002
  0.35188707E+001  0.10671395E+001 -0.76381242E+002
  0.35205421E+001  0.11116799E+001 -0.76592275E+002
  0.35104919E+001  0.11510429E+001 -0.76508290E+002
  0.35069757E+001  0.11824937E+001 -0.76783896E+002
  0.35176745E+001  0.11171286E+001 -0.76460725E+002
  0.35145141E+001  0.10891076E+001 -0.76379832E+002
  0.35291137E+001  0.10492783E+001 -0.76617256E+002
  0.35077605E+001  0.11711701E+001 -0.76653438E+002
  0.35064696E+001  0.11166147E+001 -0.76661532E+002
  0.35007010E+001  0.11693898E+001 -0.76750716E+002
  0.35157240E+001  0.10749124E+001 -0.76441687E+002
  0.35238082E+001  0.11019107E+001 -0.76750321E+002
  0.35079702E+001  0.11762578E+001 -0.76732747E+002
  0.35020421E+001  0.11571787E+001 -0.76698906E+002
  0.35046752E+001  0.11548861E+001 -0.76559262E+002
  0.35104990E+001  0.10919435E+001 -0.76609542E+002
  0.35300154E+001  0.10096488E+001 -0.76682801E+002
  0.35107094E+001  0.11178841E+001 -0.76385757E+002
  0.35013053E+001  0.11916272E+001 -0.76797007E+002
  0.35328403E+001  0.10230716E+001 -0.76756992E+002
  0.35169833E+001  0.10462631E+001 -0.76764451E+002
  0.35226800E+001  0.10753194E+001 -0.76392227E+002
  0.35088251E+001  0.11759102E+001 -0.76770862E+002
  0.35145743E+001  0.10998537E+001 -0.76329627E+002
  0.35105725E+001  0.11658897E+001 -0.76707021E+002
  0.35069530E+001  0.11659902E+001 -0.76578750E+002
  0.35186002E+001  0.11026563E+001 -0.76378127E+002
  0.35136690E+001  0.11232277E+001 -0.76365663E+002
  0.35305564E+001  0.10020379E+001 -0.76750516E+002
  0.35118181E+001  0.11094526E+001 -0.76375144E+002
  0.35258552E+001  0.10869843E+001 -0.76729246E+002
  0.35092240E+001  0.11178911E+001 -0.76450403E+002
  0.35178263E+001  0.11037390E+001 -0.76357276E+002
  0.35153675E+001  0.10901625E+001 -0.76344718E+002
  0.35130067E+001  0.11376942E+001 -0.76457161E+002
  0.35277227E+001  0.10369212E+001 -0.76516881E+002
  0.35129405E+001  0.11202989E+001 -0.76348274E+002
  0.35197102E+001  0.10865838E+001 -0.76337392E+002
  0.35202436E+001  0.10638473E+001 -0.76372298E+002
  0.35215811E+001  0.11186892E+001 -0.76809797E+002
  0.35179701E+001  0.10585756E+001 -0.76499769E+002
  0.35073447E+001  0.11743722E+001 -0.76681065E+002
  0.35202801E+001  0.10620604E+001 -0.76382029E+002
  0.35000963E+001  0.11812436E+001 -0.76782156E+002
  0.35149431E+001  0.10678560E+001 -0.76578495E+002
  0.35177486E+001  0.10590211E+001 -0.76506927E+002
  0.35167823E+001  0.10941487E+001 -0.76314953E+002
  0.35223309E+001  0.10861719E+001 -0.76438164E+002
  0.35254294E+001  0.10197420E+001 -0.76645796E+002
  0.35213102E+001  0.11112812E+001 -0.76653702E+002
  0.35118260E+001  0.11131820E+001 -0.76363103E+002
  0.35268734E+001  0.10266960E+001 -0.76549474E+002
  0.35134879E+001  0.11362236E+001 -0.76460530E+002
  0.35036350E+001  0.11364334E+001 -0.76711709E+002
  0.35190607E+001  0.11003839E+001 -0.76381318E+002
  0.35202302E+001  0.11227955E+001 -0.76743255E+002
  0.35152259E+001  0.10696206E+001 -0.76533442E+002
  0.35051235E+001  0.11253215E+001 -0.76687882E+002
  0.35034407E+001  0.11609918E+001 -0.76611622E+002
  0.35227885E+001  0.10403177E+001 -0.76496179E+002
  0.35040462E+001  0.11698165E+001 -0.76614609E+002
  0.35128593E+001  0.11111326E+001 -0.76342311E+002
  0.35004128E+001  0.11813292E+001 -0.76767897E+002
  0.35190282E+001  0.11091423E+001 -0.76454308E+002
  0.35056240E+001  0.11128187E+001 -0.76797436E+002
  0.35282777E+001  0.10019959E+001 -0.76790908E+002
  0.35315501E+001  0.10263575E+001 -0.76682855E+002
  0.35232261E+001  0.10895939E+001 -0.76527981E+002
  0.35112499E+001  0.11487675E+001 -0.76508699E+002
  0.35233632E+001  0.10874973E+001 -0.76516150E+002
  0.35258239E+001  0.10100725E+001 -0.76768477E+002
  0.35260366E+001  0.10067392E+001 -0.76812338E+002
  0.35050111E+001  0.11325107E+001 -0.76629289E+002
  0.35086642E+001  0.11287055E+001 -0.76432321E+002
  0.35249486E+001  0.10851611E+001 -0.76617195E+002
  0.35157738E+001  0.10867312E+001 -0.76350015E+002
  0.35157727E+001  0.11360326E+001 -0.76581162E+002
  0.35024947E+001  0.11512374E+001 -0.76695223E+002
  0.35045456E+001  0.11409796E+001 -0.76605157E+002
  0.35326077E+001  0.10257153E+001 -0.76749796E+002
  0.35081363E+001  0.11038189E+001 -0.76665902E+002
  0.35168066E+001  0.11383999E+001 -0.76699557E+002
  0.35213388E+001  0.10759942E+001 -0.76352490E+002
  0.35294444E+001  0.10473967E+001 -0.76629507E+002
  0.35219499E+001  0.10950098E+001 -0.76493790E+002
  0.35260998E+001  0.10878181E+001 -0.76768029E+002
  0.35080356E+001  0.11044197E+001 -0.76667453E+002
  0.35111277E+001  0.10814547E+001 -0.76707711E+002
  0.35216910E+001  0.10810934E+001 -0.76378040E+002
  0.35256724E+001  0.10819521E+001 -0.76642407E+002
  0.35282627E+001  0.10429668E+001 -0.76539743E+002
  0.35221823E+001  0.10478616E+001 -0.76444053E+002
  0.35229725E+001  0.10770153E+001 -0.76412479E+002
  0.35194967E+001  0.10926452E+001 -0.76353229E+002
  0.35133973E+001  0.10993691E+001 -0.76363062E+002
  0.35162171E+001  0.10947524E+001 -0.76316904E+002
  0.35207157E+001  0.10894918E+001 -0.76381540E+002
  0.35035363E+001  0.11853231E+001 -0.76733276E+002
  0.35045535E+001  0.11841646E+001 -0.76731999E+002
  0.35044359E+001  0.11865479E+001 -0.76758334E+002
  0.35267049E+001  0.10578793E+001 -0.76509333E+002
  0.35109655E+001  0.11596018E+001 -0.76632590E+002
  0.35175737E+001  0.10425366E+001 -0.76780803E+002
  0.35172627E+001  0.11171047E+001 -0.76438463E+002
  0.35128315E+001  0.11437847E+001 -0.76515730E+002
  0.35212866E+001  0.10748092E+001 -0.76349876E+002
  0.35012571E+001  0.11920738E+001 -0.76801199E+002
  0.35243908E+001  0.10526018E+001 -0.76415203E+002
  0.35290986E+001  0.10564779E+001 -0.76671393E+002
  0.35013154E+001  0.11492075E+001 -0.76810620E+002
  0.35054901E+001  0.11253518E+001 -0.76654566E+002
  0.35223523E+001  0.10408677E+001 -0.76504129E+002
  0.35082018E+001  0.11691202E+001 -0.76642209E+002
  0.35197999E+001  0.10954990E+001 -0.76379803E+002
  0.35330925E+001  0.10290469E+001 -0.76803843E+002
  0.35035847E+001  0.11724455E+001 -0.76636251E+002
  0.35197442E+001  0.10898057E+001 -0.76348719E+002
  0.35053556E+001  0.11727209E+001 -0.76624952E+002
  0.35320781E+001  0.10253283E+001 -0.76712849E+002
  0.35193340E+001  0.11194744E+001 -0.76606093E+002
  0.35050692E+001  0.11653379E+001 -0.76575826E+002
  0.35205410E+001  0.10402182E+001 -0.76595341E+002
  0.35175209E+001  0.10613890E+001 -0.76491275E+002
  0.35059748E+001  0.11538325E+001 -0.76516040E+002
  0.35148316E+001  0.10810551E+001 -0.76429511E+002
  0.35222694E+001  0.11125802E+001 -0.76771419E+002
  0.35060594E+001  0.11438301E+001 -0.76509636E+002
  0.35255832E+001  0.10217987E+001 -0.76615652E+002
  0.35093646E+001  0.11009718E+001 -0.76591600E+002
  0.35209745E+001  0.11114315E+001 -0.76625682E+002
  0.35177765E+001  0.10529287E+001 -0.76587609E+002
  0.35051804E+001  0.11437569E+001 -0.76553185E+002
  0.35130495E+001  0.11605299E+001 -0.76787255E+002
  0.35145828E+001  0.11082198E+001 -0.76324397E+002
  0.35293026E+001  0.10372670E+001 -0.76580258E+002
  0.35252273E+001  0.10568546E+001 -0.76436892E+002
  0.35214945E+001  0.10627822E+001 -0.76366524E+002
  0.35240401E+001  0.10391690E+001 -0.76479240E+002
  0.35226058E+001  0.10267402E+001 -0.76677122E+002
  0.35067073E+001  0.11073622E+001 -0.76760494E+002
  0.35222112E+001  0.11078098E+001 -0.76684266E+002
  0.35038373E+001  0.11777106E+001 -0.76666186E+002
  0.35172528E+001  0.10921172E+001 -0.76315275E+002
  0.35055462E+001  0.11266214E+001 -0.76637339E+002
  0.35095263E+001  0.11514837E+001 -0.76490054E+002
  0.35058156E+001  0.11390488E+001 -0.76534997E+002
  0.35038437E+001  0.11810613E+001 -0.76693861E+002
  0.35112877E+001  0.11588856E+001 -0.76639372E+002
  0.35242235E+001  0.10550197E+001 -0.76408716E+002
  0.35112228E+001  0.11272244E+001 -0.76371518E+002
  0.35126056E+001  0.10796742E+001 -0.76598396E+002
  0.35014300E+001  0.11623631E+001 -0.76721532E+002
  0.35064020E+001  0.11065868E+001 -0.76805954E+002
  0.35280150E+001  0.10504426E+001 -0.76551005E+002
  0.35165279E+001  0.11425182E+001 -0.76749204E+002
  0.35278665E+001  0.10099218E+001 -0.76698105E+002
  0.35056581E+001  0.11841856E+001 -0.76758626E+002
  0.35028733E+001  0.11674853E+001 -0.76640531E+002
  0.35189008E+001  0.10717874E+001 -0.76353074E+002
  0.35213788E+001  0.11201988E+001 -0.76816396E+002
  0.35164182E+001  0.10514443E+001 -0.76720540E+002
  0.35090566E+001  0.10971462E+001 -0.76670184E+002
  0.35093977E+001  0.11686199E+001 -0.76685585E+002
  0.35060512E+001  0.11712321E+001 -0.76616830E+002
  0.35055918E+001  0.11367450E+001 -0.76559100E+002
  0.35195555E+001  0.10549076E+001 -0.76463212E+002
  0.35255281E+001  0.10745487E+001 -0.76549737E+002
  0.35290513E+001  0.10034573E+001 -0.76751447E+002
  0.35204960E+001  0.10391526E+001 -0.76613586E+002
  0.35040217E+001  0.11266882E+001 -0.76780294E+002
  0.35062294E+001  0.11350433E+001 -0.76528672E+002
  0.35135866E+001  0.11566634E+001 -0.76758452E+002
  0.35262099E+001  0.10318534E+001 -0.76515098E+002
  0.35107131E+001  0.11007228E+001 -0.76491373E+002
  0.35110897E+001  0.11453381E+001 -0.76470139E+002
  0.35195342E+001  0.10605749E+001 -0.76411293E+002
  0.35067229E+001  0.11421647E+001 -0.76484645E+002
  0.35225099E+001  0.10718001E+001 -0.76375557E+002
  0.35054012E+001  0.11402533E+001 -0.76553928E+002
  0.35302874E+001  0.10398072E+001 -0.76647537E+002
  0.35037497E+001  0.11595149E+001 -0.76598048E+002
  0.35021092E+001  0.11637380E+001 -0.76676313E+002
  0.35123583E+001  0.10873342E+001 -0.76518417E+002
  0.35149930E+001  0.11522673E+001 -0.76795465E+002
  0.35079954E+001  0.11466573E+001 -0.76458058E+002
  0.35095070E+001  0.11668819E+001 -0.76665293E+002
  0.35061575E+001  0.11159523E+001 -0.76699087E+002
  0.35254629E+001  0.10353406E+001 -0.76493927E+002
  0.35050389E+001  0.11428763E+001 -0.76564460E+002
  0.35255744E+001  0.10333818E+001 -0.76506774E+002
  0.35277418E+001  0.10699391E+001 -0.76689330E+002
  0.35066273E+001  0.11340546E+001 -0.76510476E+002
  0.35139424E+001  0.11424922E+001 -0.76556434E+002
  0.35186251E+001  0.11221483E+001 -0.76588538E+002
  0.35226744E+001  0.10334111E+001 -0.76578652E+002
  0.35200218E+001  0.10820745E+001 -0.76334744E+002
  0.35060893E+001  0.11659008E+001 -0.76572524E+002
  0.35260554E+001  0.10364838E+001 -0.76488308E+002
  0.35254727E+001  0.10624490E+001 -0.76464047E+002
  0.35257662E+001  0.10290750E+001 -0.76538563E+002
  0.35131725E+001  0.11546205E+001 -0.76690900E+002
  0.35180892E+001  0.10825652E+001 -0.76324079E+002
  0.35207785E+001  0.10391551E+001 -0.76596797E+002
  0.35233093E+001  0.11069622E+001 -0.76783794E+002
  0.35227022E+001  0.10982177E+001 -0.76589171E+002
  0.35060491E+001  0.11635498E+001 -0.76556589E+002
  0.35274885E+001  0.10610472E+001 -0.76580961E+002
  0.35260978E+001  0.10360541E+001 -0.76490710E+002
  0.35191208E+001  0.10407892E+001 -0.76681867E+002
  0.35142112E+001  0.10754554E+001 -0.76529915E+002
  0.35075660E+001  0.11397243E+001 -0.76456565E+002
  0.35175837E+001  0.10498008E+001 -0.76650486E+002
  0.35082264E+001  0.11242705E+001 -0.76469436E+002
  0.35231503E+001  0.10481676E+001 -0.76427298E+002
  0.35103833E+001  0.11080869E+001 -0.76449807E+002
  0.35185203E+001  0.10430425E+001 -0.76690061E+002
  0.35053363E+001  0.11404201E+001 -0.76557066E+002
  0.35037419E+001  0.11780165E+001 -0.76669062E+002
  0.35159974E+001  0.10832865E+001 -0.76362527E+002
  0.35128462E+001  0.11343330E+001 -0.76422221E+002
  0.35066337E+001  0.11520613E+001 -0.76496851E+002
  0.35147595E+001  0.10703240E+001 -0.76557769E+002
  0.35089230E+001  0.11323755E+001 -0.76418166E+002
  0.35215666E+001  0.11076984E+001 -0.76622621E+002
  0.35269043E+001  0.10586708E+001 -0.76525402E+002
  0.35183127E+001  0.11233943E+001 -0.76582401E+002
  0.35212438E+001  0.11170926E+001 -0.76744308E+002
  0.35314737E+001  0.10356084E+001 -0.76711862E+002
  0.35185493E+001  0.10518717E+001 -0.76551931E+002
  0.35168256E+001  0.10899462E+001 -0.76318960E+002
  0.35152592E+001  0.10555129E+001 -0.76754795E+002
  0.35061690E+001  0.11614701E+001 -0.76543398E+002
  0.35040498E+001  0.11452492E+001 -0.76616098E+002
  0.35083064E+001  0.11334824E+001 -0.76436639E+002
  0.35307443E+001  0.10039778E+001 -0.76732784E+002
  0.35075438E+001  0.11030930E+001 -0.76735482E+002
  0.35139971E+001  0.10767555E+001 -0.76528773E+002
  0.35010486E+001  0.11905175E+001 -0.76792116E+002
  0.35254542E+001  0.10128714E+001 -0.76742317E+002
  0.35127929E+001  0.11088959E+001 -0.76347531E+002
  0.35186249E+001  0.10777812E+001 -0.76332599E+002
  0.35048111E+001  0.11244657E+001 -0.76727330E+002
  0.35207542E+001  0.11183009E+001 -0.76716087E+002
  0.35044901E+001  0.11863868E+001 -0.76757429E+002
  0.35163347E+001  0.11273992E+001 -0.76501510E+002
  0.35280016E+001  0.10658084E+001 -0.76666956E+002
  0.35167995E+001  0.10698387E+001 -0.76437326E+002
  0.35253994E+001  0.10191339E+001 -0.76654769E+002
  0.35078661E+001  0.11220973E+001 -0.76503234E+002
  0.35316415E+001  0.10367279E+001 -0.76731542E+002
  0.35240317E+001  0.10826366E+001 -0.76516261E+002
  0.35128859E+001  0.10668818E+001 -0.76783344E+002
  0.35282847E+001  0.10093394E+001 -0.76696506E+002
  0.35060677E+001  0.11334202E+001 -0.76547074E+002
  0.35224915E+001  0.10568746E+001 -0.76387351E+002
  0.35214544E+001  0.10807160E+001 -0.76368096E+002
  0.35222003E+001  0.10811141E+001 -0.76398999E+002
  0.35210235E+001  0.10793274E+001 -0.76351250E+002
  0.35137198E+001  0.10756272E+001 -0.76564436E+002
  0.35294842E+001  0.10627564E+001 -0.76775471E+002
  0.35177673E+001  0.10981862E+001 -0.76330611E+002
  0.35126590E+001  0.11450795E+001 -0.76523307E+002
  0.35301636E+001  0.99656887E+000 -0.76816224E+002
  0.35274896E+001  0.10231426E+001 -0.76574506E+002
  0.35236637E+001  0.10383477E+001 -0.76492828E+002
  0.35070318E+001  0.11790317E+001 -0.76734058E+002
  0.35216727E+001  0.10979030E+001 -0.76505376E+002
  0.35171046E+001  0.10518849E+001 -0.76654306E+002
  0.35271214E+001  0.10138567E+001 -0.76668571E+002
  0.35086607E+001  0.11470309E+001 -0.76454459E+002
  0.35156969E+001  0.11446135E+001 -0.76714266E+002
  0.35132981E+001  0.11008404E+001 -0.76359664E+002
  0.35298032E+001  0.10066129E+001 -0.76708752E+002
  0.35286909E+001  0.10441858E+001 -0.76565510E+002
  0.35080270E+001  0.11252147E+001 -0.76475404E+002
  0.35166818E+001  0.11021161E+001 -0.76324587E+002
  0.35009910E+001  0.11666934E+001 -0.76738089E+002
  0.35067317E+001  0.11051242E+001 -0.76792062E+002
  0.35223536E+001  0.10642015E+001 -0.76368261E+002
  0.35159414E+001  0.10891271E+001 -0.76334901E+002
  0.35310119E+001  0.10127542E+001 -0.76678589E+002
  0.35338337E+001  0.10028003E+001 -0.76810472E+002
  0.35003668E+001  0.11754411E+001 -0.76764106E+002
  0.35245029E+001  0.10511122E+001 -0.76419886E+002
  0.35004732E+001  0.11742766E+001 -0.76758509E+002
  0.35094708E+001  0.11269500E+001 -0.76407081E+002
  0.35188263E+001  0.10929714E+001 -0.76336043E+002
  0.35073706E+001  0.11712213E+001 -0.76642189E+002
  0.35141976E+001  0.10968683E+001 -0.76348480E+002
  0.35252805E+001  0.10263897E+001 -0.76572591E+002
  0.35200381E+001  0.11100817E+001 -0.76531414E+002
  0.35194458E+001  0.11034370E+001 -0.76423123E+002
  0.35224328E+001  0.10578173E+001 -0.76383839E+002
  0.35232459E+001  0.10595584E+001 -0.76386423E+002
  0.35315474E+001  0.10398131E+001 -0.76744633E+002
  0.35082299E+001  0.11574906E+001 -0.76520818E+002
  0.35295722E+001  0.10296651E+001 -0.76588010E+002
  0.35001374E+001  0.11883186E+001 -0.76802061E+002
  0.35200897E+001  0.11199457E+001 -0.76680091E+002
  0.35176700E+001  0.10513491E+001 -0.76619193E+002
  0.35210430E+001  0.11015568E+001 -0.76501729E+002
  0.35310955E+001  0.10363926E+001 -0.76687873E+002
  0.35111298E+001  0.10938113E+001 -0.76534454E+002
  0.35148785E+001  0.11448831E+001 -0.76653782E+002
  0.35299500E+001  0.10545176E+001 -0.76729102E+002
  0.35146005E+001  0.11534316E+001 -0.76783009E+002
  0.35218132E+001  0.10251847E+001 -0.76754477E+002
  0.35070534E+001  0.11648821E+001 -0.76570009E+002
  0.35215740E+001  0.10698489E+001 -0.76353377E+002
  0.35190088E+001  0.10816873E+001 -0.76323914E+002
  0.35015406E+001  0.11567370E+001 -0.76737904E+002
  0.35049179E+001  0.11461931E+001 -0.76559919E+002
  0.35233054E+001  0.10403715E+001 -0.76482612E+002
  0.35149647E+001  0.11400789E+001 -0.76585652E+002
  0.35023165E+001  0.11505501E+001 -0.76713141E+002
  0.35075842E+001  0.11349672E+001 -0.76461413E+002
  0.35247168E+001  0.10708720E+001 -0.76467717E+002
  0.35073945E+001  0.11341218E+001 -0.76471659E+002
  0.35066396E+001  0.11283392E+001 -0.76541055E+002
  0.35123690E+001  0.11609378E+001 -0.76742136E+002
  0.35020628E+001  0.11679895E+001 -0.76676092E+002
  0.35235801E+001  0.10328330E+001 -0.76550726E+002
  0.35226021E+001  0.10502567E+001 -0.76419986E+002
  0.35028383E+001  0.11492252E+001 -0.76680838E+002
