  0.98813129E-323  0.16391460E+004  0.40705675E+001 -0.27121475E+001
  0.14821969E-322  0.16388827E+004  0.38327526E+001 -0.21600351E+001
  0.44465908E-322  0.16366152E+004  0.28972094E+001  0.34644954E+001
  0.74109847E-322  0.16355832E+004  0.37214004E+001 -0.17438617E+001
  0.12845707E-321  0.16344169E+004  0.28753397E+001  0.37692114E+001
  0.21244823E-321  0.16334297E+004  0.28680552E+001  0.47179519E+001
  0.23715151E-321  0.16332159E+004  0.33297645E+001  0.38601220E+001
  0.32114267E-321  0.16325896E+004  0.30808960E+001  0.46984279E+001
  0.40019317E-321  0.16321561E+004  0.41802778E+001 -0.22616763E+001
  0.18033396E-320  0.16291398E+004  0.28878788E+001  0.35993527E+001
  0.34337562E-320  0.16278530E+004  0.36178116E+001 -0.12968718E+001
  0.36215012E-320  0.16277447E+004  0.34783310E+001 -0.62550038E+000
  0.54199001E-320  0.16269349E+004  0.38778944E+001 -0.22971276E+001
  0.76283736E-320  0.16262501E+004  0.37467300E+001 -0.18374571E+001
  0.77815339E-320  0.16262085E+004  0.37442462E+001 -0.18277700E+001
  0.94267725E-320  0.16258221E+004  0.41588424E+001 -0.25552738E+001
  0.13660915E-319  0.16250784E+004  0.30723127E+001  0.47123711E+001
  0.33349431E-319  0.16232915E+004  0.41776403E+001 -0.20664317E+001
  0.18149501E-318  0.16199012E+004  0.28785540E+001  0.37553177E+001
  0.10752548E-317  0.16163411E+004  0.33345659E+001  0.16438319E+000
  0.11119688E-317  0.16162720E+004  0.40966217E+001 -0.86331105E+000
  0.14004390E-317  0.16158087E+004  0.32075753E+001  0.94125131E+000
  0.17079059E-317  0.16154098E+004  0.32349633E+001  0.42129508E+001
  0.49861550E-317  0.16132651E+004  0.34592508E+001  0.32764300E+001
  0.51386582E-317  0.16132029E+004  0.39378371E+001  0.47630156E+000
  0.11755818E-316  0.16115458E+004  0.38170450E+001  0.13026493E+001
  0.15728022E-316  0.16109617E+004  0.28670834E+001  0.46318168E+001
  0.16421191E-316  0.16108734E+004  0.41749182E+001 -0.20581997E+001
  0.17198193E-316  0.16107790E+004  0.41418853E+001 -0.13962916E+001
  0.10748415E-315  0.16071120E+004  0.38474957E+001 -0.21853570E+001
  0.14089233E-315  0.16065687E+004  0.38202536E+001  0.12783104E+001
  0.15608532E-315  0.16063620E+004  0.34545364E+001 -0.48840364E+000
  0.24398270E-315  0.16054666E+004  0.35064973E+001 -0.75330557E+000
  0.12792285E-314  0.16021509E+004  0.33093289E+001  0.39214850E+001
  0.13774642E-314  0.16020009E+004  0.38759643E+001  0.90510574E+000
  0.14068934E-314  0.16019567E+004  0.28604341E+001  0.42527201E+001
  0.45718013E-314  0.15995977E+004  0.29470120E+001  0.29732759E+001
  0.23672994E-313  0.15963069E+004  0.38344287E+001  0.11785158E+001
  0.42764276E-313  0.15951222E+004  0.28633529E+001  0.44808843E+001
  0.91959301E-313  0.15935890E+004  0.34769834E+001  0.31794567E+001
  0.11707151E-312  0.15931041E+004  0.36593100E+001 -0.14565078E+001
  0.13480275E-312  0.15928201E+004  0.41708891E+001 -0.20435289E+001
  0.19654265E-312  0.15920640E+004  0.29738620E+001  0.27252372E+001
  0.26671803E-312  0.15914515E+004  0.28633520E+001  0.42115044E+001
  0.30618994E-312  0.15911735E+004  0.29408082E+001  0.30476223E+001
  0.10495495E-311  0.15887077E+004  0.38097296E+001 -0.20435190E+001
  0.37923351E-311  0.15861365E+004  0.38625652E+001 -0.22175963E+001
  0.49123030E-311  0.15856170E+004  0.36424896E+001  0.23231811E+001
  0.87642331E-311  0.15844572E+004  0.30634453E+001  0.46957564E+001
  0.10895690E-310  0.15840199E+004  0.33225164E+001  0.25668478E+000
  0.18738918E-310  0.15829335E+004  0.28780669E+001  0.46448650E+001
  0.26467786E-310  0.15822409E+004  0.28688178E+001  0.40782962E+001
  0.55505365E-310  0.15807578E+004  0.28854187E+001  0.37473232E+001
  0.79727236E-310  0.15800316E+004  0.29186549E+001  0.48050781E+001
  0.87828530E-310  0.15798361E+004  0.41647162E+001 -0.23234106E+001
  0.14090706E-309  0.15788887E+004  0.37737838E+001 -0.19066065E+001
  0.22366083E-309  0.15779627E+004  0.40248183E+001 -0.25979349E+001
  0.23749531E-309  0.15778407E+004  0.31195362E+001  0.15701772E+001
  0.74340721E-309  0.15755566E+004  0.40977570E+001 -0.26293294E+001
  0.91880204E-309  0.15751310E+004  0.40389085E+001 -0.36770217E+000
  0.31075541E-308  0.15726920E+004  0.30789097E+001  0.46503254E+001
  0.10936816E-306  0.15655682E+004  0.36510487E+001  0.22621698E+001
  0.16411813E-306  0.15647546E+004  0.33091543E+001  0.34882887E+000
  0.42566060E-306  0.15628465E+004  0.28687551E+001  0.43327448E+001
  0.74028701E-306  0.15617378E+004  0.41309977E+001 -0.25405155E+001
  0.13213194E-305  0.15605771E+004  0.41336821E+001 -0.13903374E+001
  0.11519821E-304  0.15562443E+004  0.28996385E+001  0.35927600E+001
  0.25177054E-304  0.15546786E+004  0.38062321E+001 -0.20059136E+001
  0.78102035E-304  0.15524125E+004  0.28944483E+001  0.36784223E+001
  0.12133770E-303  0.15515294E+004  0.34317901E+001  0.33624272E+001
  0.12403694E-303  0.15514834E+004  0.35803640E+001  0.26341181E+001
  0.20470192E-303  0.15504795E+004  0.28898311E+001  0.46384257E+001
  0.30825212E-303  0.15496589E+004  0.38300953E+001  0.11713903E+001
  0.33894691E-303  0.15494671E+004  0.31074278E+001  0.45598361E+001
  0.38541725E-303  0.15492081E+004  0.28801926E+001  0.45445365E+001
  0.15619863E-302  0.15464074E+004  0.40709492E+001 -0.69973527E+000
  0.20499354E-302  0.15458618E+004  0.30647111E+001  0.46570717E+001
  0.23990954E-302  0.15455452E+004  0.41323717E+001 -0.24995334E+001
  0.19192618E-301  0.15413844E+004  0.34052367E+001  0.34751341E+001
  0.28249304E-301  0.15406094E+004  0.32626707E+001  0.64769191E+000
  0.93650345E-301  0.15382104E+004  0.37097438E+001  0.19081903E+001
  0.20727919E-300  0.15366195E+004  0.28859572E+001  0.45617200E+001
  0.23387714E-300  0.15363761E+004  0.31571185E+001  0.44099343E+001
  0.25720895E-300  0.15361839E+004  0.28800650E+001  0.40111724E+001
  0.25732709E-300  0.15361811E+004  0.36656029E+001  0.21604674E+001
  0.12184944E-299  0.15330691E+004  0.33487128E+001  0.37127401E+001
  0.18639839E-299  0.15322169E+004  0.30868473E+001  0.45951711E+001
  0.19941013E-299  0.15320800E+004  0.36299191E+001 -0.12864921E+001
  0.58824134E-299  0.15299145E+004  0.38659608E+001 -0.21835480E+001
  0.60337531E-299  0.15298618E+004  0.41251810E+001 -0.24942917E+001
  0.11083634E-298  0.15286436E+004  0.35647095E+001  0.27000964E+001
  0.33073660E-298  0.15264551E+004  0.41464278E+001 -0.16970061E+001
  0.17368197E-297  0.15231362E+004  0.36138251E+001 -0.12084256E+001
  0.52979858E-297  0.15209037E+004  0.37492413E+001 -0.17720975E+001
  0.60302482E-297  0.15206428E+004  0.30984473E+001  0.45569476E+001
  0.15278853E-296  0.15187815E+004  0.28921760E+001  0.45594534E+001
  0.20179854E-296  0.15182231E+004  0.29181087E+001  0.46921779E+001
  0.41836713E-296  0.15167630E+004  0.38254868E+001  0.11761763E+001
  0.79197700E-296  0.15154847E+004  0.41513592E+001 -0.22086602E+001
  0.14351222E-295  0.15142938E+004  0.39465234E+001  0.32387137E+000
  0.23885371E-294  0.15086678E+004  0.40235829E+001 -0.30743862E+000
  0.85700913E-294  0.15061107E+004  0.36477025E+001  0.22397711E+001
  0.10305569E-293  0.15057399E+004  0.28846547E+001  0.40571019E+001
  0.19742550E-293  0.15044378E+004  0.37245187E+001  0.17968274E+001
  0.38554031E-293  0.15030972E+004  0.29628335E+001  0.47276601E+001
  0.65823548E-293  0.15020255E+004  0.37017699E+001 -0.15711360E+001
  0.73755134E-293  0.15017960E+004  0.34993182E+001 -0.64779850E+000
  0.20796889E-292  0.14997207E+004  0.30764191E+001  0.45883958E+001
  0.25428932E-292  0.14993166E+004  0.39590133E+001 -0.24026971E+001
  0.27812371E-292  0.14991355E+004  0.31689669E+001  0.43436911E+001
  0.33427082E-292  0.14987657E+004  0.41171807E+001 -0.24571455E+001
  0.46478438E-292  0.14981046E+004  0.28851694E+001  0.41024665E+001
  0.68916342E-292  0.14973148E+004  0.37399060E+001  0.16994225E+001
  0.17649010E-291  0.14954321E+004  0.40828690E+001 -0.25207156E+001
  0.18199138E-291  0.14953688E+004  0.30356174E+001  0.46605924E+001
  0.54852694E-291  0.14931602E+004  0.29600791E+001  0.29881072E+001
  0.60424297E-291  0.14929648E+004  0.29527201E+001  0.47078960E+001
  0.75480193E-291  0.14925179E+004  0.40713155E+001 -0.77736322E+000
  0.11401191E-290  0.14916911E+004  0.29636080E+001  0.29540039E+001
  0.13480867E-289  0.14867489E+004  0.39787366E+001  0.45602069E-001
  0.14218623E-289  0.14866403E+004  0.40739443E+001 -0.25135391E+001
  0.19785201E-289  0.14859776E+004  0.36108214E+001  0.24275669E+001
  0.30486167E-289  0.14851110E+004  0.37802098E+001 -0.18608233E+001
  0.37835384E-289  0.14846771E+004  0.41332838E+001 -0.15859269E+001
  0.50372415E-289  0.14841028E+004  0.36988506E+001  0.19332588E+001
  0.13301883E-288  0.14821587E+004  0.28922394E+001  0.39665560E+001
  0.29597035E-288  0.14805572E+004  0.29355965E+001  0.32788462E+001
  0.40644387E-288  0.14799209E+004  0.38564053E+001 -0.21134515E+001
  0.51750818E-288  0.14794358E+004  0.36148100E+001 -0.11826346E+001
  0.63361029E-288  0.14790290E+004  0.34733371E+001  0.31193625E+001
  0.16277399E-287  0.14771400E+004  0.35070456E+001 -0.66960256E+000
  0.27983643E-287  0.14760544E+004  0.41443574E+001 -0.20487091E+001
  0.42718452E-287  0.14752064E+004  0.41059671E+001 -0.24450695E+001
  0.55122980E-287  0.14746946E+004  0.39952531E+001 -0.10238944E+000
  0.83246375E-287  0.14738682E+004  0.31076495E+001  0.44920427E+001
  0.19150775E-285  0.14675948E+004  0.39197302E+001  0.48175383E+000
  0.14272630E-283  0.14589705E+004  0.41375737E+001 -0.18073286E+001
  0.23422070E-283  0.14579779E+004  0.40482024E+001 -0.59524370E+000
  0.60830887E-283  0.14560671E+004  0.31264413E+001  0.16255916E+001
  0.63944455E-283  0.14559653E+004  0.29461128E+001  0.31988738E+001
  0.83427268E-283  0.14554314E+004  0.41297264E+001 -0.16215433E+001
  0.83985734E-283  0.14554161E+004  0.36095190E+001  0.24132146E+001
  0.85128546E-283  0.14553872E+004  0.29066043E+001  0.44743290E+001
  0.26718895E-282  0.14530976E+004  0.40996493E+001 -0.24189320E+001
  0.30288133E-282  0.14528449E+004  0.38458545E+001  0.98982263E+000
  0.54590992E-282  0.14516647E+004  0.40878977E+001 -0.24425034E+001
  0.30816969E-281  0.14482012E+004  0.32224770E+001  0.97295268E+000
  0.12286771E-280  0.14454332E+004  0.40732928E+001 -0.86888775E+000
  0.12664628E-280  0.14453706E+004  0.33884622E+001  0.34817587E+001
  0.20381761E-280  0.14444170E+004  0.37478983E+001 -0.17103642E+001
  0.22915986E-280  0.14441807E+004  0.30722656E+001  0.45427986E+001
  0.23886913E-280  0.14440957E+004  0.41037491E+001 -0.12342569E+001
  0.61442785E-280  0.14422042E+004  0.41363383E+001 -0.19639771E+001
  0.14749311E-279  0.14404509E+004  0.41358522E+001 -0.19432587E+001
  0.36277326E-279  0.14386490E+004  0.38697949E+001  0.81395617E+000
  0.43465894E-279  0.14382855E+004  0.30217256E+001  0.46159561E+001
  0.49698725E-279  0.14380155E+004  0.40922668E+001 -0.24085392E+001
  0.18444369E-278  0.14353908E+004  0.36326232E+001  0.22732888E+001
  0.32454138E-278  0.14342587E+004  0.35378306E+001  0.27723072E+001
  0.38087657E-278  0.14339367E+004  0.31569362E+001  0.43246369E+001
  0.57739695E-278  0.14331026E+004  0.30965753E+001  0.44802199E+001
  0.14528062E-277  0.14312552E+004  0.39551101E+001 -0.23281270E+001
  0.40275494E-277  0.14292139E+004  0.36367763E+001 -0.12445927E+001
  0.49517937E-277  0.14287988E+004  0.37687705E+001  0.14708604E+001
  0.49561049E-277  0.14287951E+004  0.41223685E+001 -0.22333716E+001
  0.10032111E-276  0.14273828E+004  0.38024791E+001 -0.18947516E+001
  0.14186735E-276  0.14266878E+004  0.36400984E+001  0.22257952E+001
  0.15320611E-276  0.14265321E+004  0.41311720E+001 -0.20649086E+001
  0.47224385E-276  0.14242787E+004  0.38586579E+001  0.87878854E+000
  0.52487635E-276  0.14240654E+004  0.31382781E+001  0.15684895E+001
  0.76488957E-276  0.14233103E+004  0.41212261E+001 -0.22243801E+001
  0.29966801E-275  0.14205773E+004  0.40923027E+001 -0.11340770E+001
  0.49637710E-275  0.14195661E+004  0.37290594E+001 -0.16193598E+001
  0.19349686E-274  0.14168431E+004  0.29049074E+001  0.42477249E+001
  0.20188055E-274  0.14167563E+004  0.31292741E+001  0.43852798E+001
  0.21305636E-274  0.14166466E+004  0.36838668E+001 -0.14359195E+001
  0.24531845E-274  0.14163626E+004  0.35670253E+001  0.26102865E+001
  0.36908549E-274  0.14155437E+004  0.29640178E+001  0.45962425E+001
  0.61486121E-274  0.14145210E+004  0.33305670E+001  0.37017570E+001
  0.12182284E-273  0.14131516E+004  0.38041550E+001 -0.18891528E+001
  0.27768359E-273  0.14115018E+004  0.30751838E+001  0.45040130E+001
  0.31146407E-273  0.14112702E+004  0.35852306E+001  0.25114382E+001
  0.71290264E-273  0.14096122E+004  0.40131067E+001 -0.23938383E+001
  0.89358081E-273  0.14091584E+004  0.29062689E+001  0.40162025E+001
  0.10545756E-272  0.14088252E+004  0.29185299E+001  0.36916494E+001
  0.29866281E-272  0.14067412E+004  0.41276828E+001 -0.19416444E+001
  0.40771215E-272  0.14061168E+004  0.39277685E+001  0.36444223E+000
  0.53491555E-272  0.14055717E+004  0.38955534E+001  0.60230444E+000
  0.88344849E-272  0.14045663E+004  0.32784046E+001  0.38966366E+001
  0.11820422E-271  0.14039820E+004  0.32005548E+001  0.11534505E+001
  0.13999777E-271  0.14036416E+004  0.31947915E+001  0.41845689E+001
  0.18250954E-271  0.14031093E+004  0.33498322E+001  0.36147296E+001
  0.84345056E-271  0.14000460E+004  0.38643610E+001 -0.20702989E+001
  0.11351285E-270  0.13994500E+004  0.30084991E+001  0.26417185E+001
  0.52427368E-270  0.13963879E+004  0.29475071E+001  0.45319090E+001
  0.94589254E-270  0.13952057E+004  0.30413322E+001  0.45423929E+001
  0.15263455E-269  0.13942468E+004  0.29097969E+001  0.40064349E+001
  0.16241113E-269  0.13941206E+004  0.39688795E+001 -0.23158989E+001
  0.19856654E-269  0.13937167E+004  0.31328582E+001  0.43548893E+001
  0.29491728E-269  0.13929236E+004  0.36033187E+001  0.24020746E+001
  0.50603570E-269  0.13918418E+004  0.39338600E+001 -0.22438839E+001
  0.56925721E-269  0.13916044E+004  0.32989518E+001  0.38089556E+001
  0.12560389E-268  0.13900197E+004  0.29528855E+001  0.45328197E+001
  0.12255254E-267  0.13854618E+004  0.31327745E+001  0.43474960E+001
  0.12619117E-267  0.13854013E+004  0.40188230E+001 -0.41252039E+000
  0.30174582E-267  0.13836558E+004  0.29138249E+001  0.42301194E+001
  0.37397208E-267  0.13832246E+004  0.34368918E+001 -0.24130498E+000
  0.81020668E-267  0.13816765E+004  0.36245040E+001 -0.11562508E+001
  0.30127768E-266  0.13790478E+004  0.41009731E+001 -0.22408086E+001
  0.47369371E-266  0.13781408E+004  0.35890708E+001  0.24673797E+001
  0.11081309E-265  0.13764391E+004  0.33514658E+001  0.23776959E+000
  0.12734860E-265  0.13761590E+004  0.30958537E+001  0.19304664E+001
  0.15429153E-265  0.13757732E+004  0.29136922E+001  0.40386676E+001
  0.19218188E-265  0.13753321E+004  0.33128721E+001  0.46547524E+000
  0.32363664E-265  0.13742878E+004  0.29314784E+001  0.44091917E+001
  0.86943915E-265  0.13723094E+004  0.31402326E+001  0.43158874E+001
  0.10002662E-264  0.13720271E+004  0.29342980E+001  0.44205693E+001
  0.13389382E-264  0.13714419E+004  0.35579868E+001  0.26248959E+001
  0.26617510E-264  0.13700657E+004  0.36973203E+001  0.18582728E+001
  0.37015693E-264  0.13694042E+004  0.33723354E+001  0.34956834E+001
  0.16140507E-263  0.13664571E+004  0.39673952E+001 -0.22835582E+001
  0.44328475E-263  0.13644346E+004  0.38795314E+001  0.68022108E+000
  0.62668289E-263  0.13637402E+004  0.38486615E+001  0.89566075E+000
  0.16753252E-262  0.13617716E+004  0.36546481E+001  0.20971695E+001
  0.17764383E-262  0.13616524E+004  0.29772051E+001  0.30098417E+001
  0.23854414E-262  0.13610609E+004  0.31425431E+001  0.42994064E+001
  0.31221726E-262  0.13605207E+004  0.38812095E+001 -0.20831717E+001
  0.96833910E-262  0.13582550E+004  0.38591985E+001 -0.20186170E+001
  0.14674129E-261  0.13574217E+004  0.38912795E+001 -0.21073963E+001
  0.27979786E-261  0.13561289E+004  0.36000584E+001  0.23928593E+001
  0.99441341E-261  0.13535908E+004  0.36759615E+001  0.19698030E+001
  0.66319016E-260  0.13497939E+004  0.37928452E+001 -0.17990766E+001
  0.10290906E-259  0.13489132E+004  0.40603415E+001 -0.23054402E+001
  0.12626213E-259  0.13485022E+004  0.39637713E+001 -0.22578462E+001
  0.44132751E-259  0.13459974E+004  0.37948352E+001  0.12394058E+001
  0.14137452E-257  0.13390618E+004  0.30322217E+001  0.44852809E+001
  0.18610245E-257  0.13385101E+004  0.39264126E+001 -0.21744092E+001
  0.19660567E-257  0.13383984E+004  0.29266022E+001  0.42074500E+001
  0.31751418E-257  0.13374378E+004  0.36298547E+001  0.22172259E+001
  0.44726049E-257  0.13367506E+004  0.29233323E+001  0.40484278E+001
  0.61775511E-257  0.13361027E+004  0.38497877E+001  0.86375812E+000
  0.15088559E-256  0.13343147E+004  0.31465378E+001  0.42639815E+001
  0.16687113E-256  0.13341114E+004  0.29404954E+001  0.35460990E+001
  0.24761554E-256  0.13333201E+004  0.41016487E+001 -0.20760967E+001
  0.25423621E-256  0.13332654E+004  0.39185643E+001 -0.21515482E+001
  0.29980842E-256  0.13329337E+004  0.30514896E+001  0.44567897E+001
  0.42326006E-256  0.13322421E+004  0.40347517E+001 -0.63980143E+000
  0.47398305E-256  0.13320137E+004  0.39075235E+001  0.44533713E+000
  0.56253402E-256  0.13316692E+004  0.32566334E+001  0.84675584E+000
  0.10762308E-255  0.13303697E+004  0.40526436E+001 -0.22832795E+001
  0.16740764E-255  0.13294842E+004  0.38732968E+001 -0.20330214E+001
  0.14108466E-254  0.13252192E+004  0.30853141E+001  0.43943845E+001
  0.22922169E-254  0.13242466E+004  0.29575847E+001  0.33168186E+001
  0.52195220E-254  0.13225989E+004  0.37755682E+001  0.13438521E+001
  0.71400267E-254  0.13219703E+004  0.29305679E+001  0.41819914E+001
  0.89654820E-254  0.13215130E+004  0.30025374E+001  0.44727776E+001
  0.97654643E-254  0.13213401E+004  0.35930892E+001  0.24044885E+001
  0.20810466E-253  0.13198250E+004  0.39047083E+001 -0.21056508E+001
  0.45643614E-253  0.13182522E+004  0.40839536E+001 -0.12565575E+001
  0.11432893E-252  0.13164138E+004  0.34958921E+001  0.28952349E+001
  0.13664307E-252  0.13160553E+004  0.36470719E+001  0.21055276E+001
  0.18891490E-252  0.13154055E+004  0.30550666E+001  0.23289046E+001
  0.20087222E-252  0.13152808E+004  0.38997597E+001  0.48696290E+000
  0.46773163E-252  0.13135884E+004  0.32679513E+001  0.38629359E+001
  0.61671342E-252  0.13130334E+004  0.37411273E+001 -0.15830617E+001
  0.13901864E-251  0.13114059E+004  0.35775810E+001  0.24791434E+001
  0.21218740E-251  0.13105582E+004  0.38945821E+001 -0.20716123E+001
  0.21583394E-251  0.13105222E+004  0.29836145E+001  0.30263185E+001
  0.23296719E-251  0.13103674E+004  0.29305364E+001  0.39250278E+001
  0.23330680E-251  0.13103626E+004  0.41021104E+001 -0.16839655E+001
  0.24262155E-251  0.13102823E+004  0.30203820E+001  0.26488404E+001
  0.37991614E-251  0.13093835E+004  0.40020660E+001 -0.35663065E+000
  0.69775137E-251  0.13081657E+004  0.31199895E+001  0.18132120E+001
  0.15215824E-250  0.13066045E+004  0.32367542E+001  0.99551973E+000
  0.17615138E-250  0.13063097E+004  0.30128900E+001  0.27269322E+001
  0.23470515E-250  0.13057337E+004  0.29924494E+001  0.44427574E+001
  0.71062126E-250  0.13035162E+004  0.30759904E+001  0.21662875E+001
  0.96863361E-250  0.13028947E+004  0.29327347E+001  0.38969624E+001
  0.21497057E-249  0.13012984E+004  0.38628494E+001  0.74115514E+000
  0.35904847E-249  0.13002705E+004  0.40294816E+001 -0.22515102E+001
  0.19142478E-247  0.12923161E+004  0.32052117E+001  0.40563973E+001
  0.25085882E-247  0.12917734E+004  0.34145511E+001  0.32545873E+001
  0.50837661E-247  0.12903588E+004  0.32183015E+001  0.11311361E+001
  0.53994151E-247  0.12902363E+004  0.32175865E+001  0.40153507E+001
  0.60570832E-247  0.12900045E+004  0.30607342E+001  0.23104825E+001
  0.10359633E-246  0.12889292E+004  0.33658984E+001  0.22117376E+000
  0.17363610E-246  0.12878943E+004  0.30490114E+001  0.44048461E+001
  0.23161225E-246  0.12873162E+004  0.31117108E+001  0.18980933E+001
  0.32664794E-246  0.12866266E+004  0.39203701E+001  0.30202839E+000
  0.69803826E-246  0.12851058E+004  0.40074544E+001 -0.43994779E+000
  0.96357535E-246  0.12844591E+004  0.36004798E+001  0.23373917E+001
  0.12280528E-245  0.12839721E+004  0.37971356E+001  0.11725175E+001
  0.21417339E-245  0.12828578E+004  0.37666235E+001  0.13679176E+001
  0.42945890E-245  0.12814644E+004  0.37819208E+001  0.12691298E+001
  0.49422955E-245  0.12811815E+004  0.33815179E+001  0.13835171E+000
  0.70018313E-245  0.12804828E+004  0.31843602E+001  0.41088712E+001
  0.48366727E-244  0.12766156E+004  0.39244374E+001  0.25990383E+000
  0.10754594E-243  0.12750154E+004  0.32659905E+001  0.38382205E+001
  0.45757985E-243  0.12721174E+004  0.34404359E+001  0.31232433E+001
  0.47181155E-243  0.12720542E+004  0.40659453E+001 -0.21337914E+001
  0.52694196E-243  0.12718312E+004  0.39606756E+001 -0.21659554E+001
  0.71125944E-243  0.12712294E+004  0.36849151E+001  0.18547315E+001
  0.20587245E-242  0.12691018E+004  0.36884210E+001  0.18325834E+001
  0.40076776E-242  0.12677676E+004  0.40859679E+001 -0.19736075E+001
  0.51825251E-242  0.12672515E+004  0.29418690E+001  0.38569589E+001
  0.68061824E-242  0.12667045E+004  0.40512848E+001 -0.93532502E+000
  0.23162365E-241  0.12642531E+004  0.35148627E+001 -0.55522098E+000
  0.34693825E-241  0.12634431E+004  0.39583046E+001 -0.29158264E-001
  0.44961974E-241  0.12629226E+004  0.32457229E+001  0.97420161E+000
  0.59869447E-241  0.12623480E+004  0.36145294E+001  0.22445935E+001
  0.91785676E-241  0.12614915E+004  0.32645280E+001  0.85454163E+000
  0.11571339E-240  0.12610262E+004  0.34303227E+001 -0.11542007E+000
  0.11986946E-240  0.12609537E+004  0.40616503E+001 -0.21235876E+001
  0.12162911E-240  0.12609226E+004  0.31517001E+001  0.41803622E+001
  0.14525524E-240  0.12605656E+004  0.29955956E+001  0.43680538E+001
  0.32030331E-240  0.12589821E+004  0.40801632E+001 -0.13846881E+001
  0.43644524E-240  0.12583613E+004  0.31896234E+001  0.13550549E+001
  0.61093887E-240  0.12576867E+004  0.32026510E+001  0.12658026E+001
  0.73225025E-240  0.12573225E+004  0.32395719E+001  0.39145957E+001
  0.32943339E-239  0.12543129E+004  0.29445303E+001  0.39190053E+001
  0.47098204E-239  0.12535960E+004  0.40379029E+001 -0.21661611E+001
  0.94985085E-239  0.12521911E+004  0.32941959E+001  0.37165358E+001
  0.12088730E-238  0.12517069E+004  0.29577625E+001  0.42057396E+001
  0.33707212E-238  0.12496541E+004  0.37839478E+001  0.12290266E+001
  0.15456512E-237  0.12466063E+004  0.39304460E+001 -0.20859556E+001
  0.46193638E-237  0.12444147E+004  0.32165971E+001  0.11830323E+001
  0.81173781E-237  0.12432853E+004  0.36910867E+001 -0.13327587E+001
  0.89239273E-236  0.12384887E+004  0.40527483E+001 -0.21020692E+001
  0.10400464E-235  0.12381805E+004  0.39898644E+001 -0.21545943E+001
  0.18503088E-235  0.12370264E+004  0.39685971E+001 -0.21340765E+001
  0.91625271E-235  0.12338249E+004  0.37469166E+001 -0.15399030E+001
  0.94193495E-235  0.12337676E+004  0.31398169E+001  0.41826515E+001
  0.11617680E-234  0.12333462E+004  0.31130405E+001  0.42412553E+001
  0.11682568E-234  0.12333331E+004  0.31917623E+001  0.13633417E+001
  0.14316197E-234  0.12329245E+004  0.38478280E+001 -0.18714588E+001
  0.15878145E-234  0.12327155E+004  0.38326033E+001 -0.18264619E+001
  0.20585344E-234  0.12321943E+004  0.30157897E+001  0.28116668E+001
  0.70033973E-234  0.12297435E+004  0.39931071E+001 -0.21445146E+001
  0.79095604E-234  0.12294982E+004  0.34886902E+001  0.28647133E+001
  0.81204302E-234  0.12294436E+004  0.39633366E+001 -0.11328337E+000
  0.82921833E-234  0.12293998E+004  0.40760595E+001 -0.19190134E+001
  0.18495829E-233  0.12277934E+004  0.35206894E+001  0.27069874E+001
  0.45727980E-233  0.12259811E+004  0.30311781E+001  0.26659351E+001
  0.94239688E-233  0.12245329E+004  0.38776522E+001  0.56103246E+000
  0.15470415E-232  0.12235396E+004  0.39238133E+001 -0.20476782E+001
  0.25819289E-232  0.12225133E+004  0.32464088E+001  0.10046858E+001
  0.35893924E-232  0.12218524E+004  0.38138039E+001 -0.17585227E+001
  0.36387634E-232  0.12218231E+004  0.39109322E+001 -0.20195822E+001
  0.75462243E-232  0.12203624E+004  0.39991593E+001 -0.45344835E+000
  0.76424356E-232  0.12203351E+004  0.34011045E+001  0.32585906E+001
  0.16269848E-231  0.12188219E+004  0.39760420E+001 -0.23923051E+000
  0.33999903E-231  0.12173459E+004  0.34094808E+001  0.31946993E-001
  0.17212073E-230  0.12141003E+004  0.29754021E+001  0.42057842E+001
  0.25515360E-230  0.12133110E+004  0.35585851E+001  0.25038120E+001
  0.70262883E-230  0.12112831E+004  0.34411223E+001 -0.13502302E+000
  0.21522651E-229  0.12090423E+004  0.37960813E+001  0.11141261E+001
  0.32348428E-229  0.12082254E+004  0.30599853E+001  0.42911329E+001
  0.37819671E-229  0.12079109E+004  0.30975867E+001  0.20980006E+001
  0.44579271E-229  0.12075801E+004  0.37257393E+001  0.15596945E+001
  0.93864487E-229  0.12060890E+004  0.36609941E+001  0.19412334E+001
  0.15510107E-228  0.12050826E+004  0.39826408E+001 -0.31840030E+000
  0.16581837E-228  0.12049470E+004  0.31548309E+001  0.41166468E+001
  0.18094017E-228  0.12047705E+004  0.35138730E+001  0.27230122E+001
  0.50504225E-228  0.12027156E+004  0.37450316E+001  0.14364483E+001
  0.81921093E-228  0.12017462E+004  0.39143695E+001  0.25805815E+000
  0.10778229E-227  0.12011956E+004  0.34006645E+001  0.93503187E-001
  0.13861430E-227  0.12006904E+004  0.31518535E+001  0.16824498E+001
  0.60547484E-227  0.11977399E+004  0.40330068E+001 -0.20663038E+001
  0.10774150E-226  0.11965853E+004  0.36551345E+001 -0.11473997E+001
  0.37595170E-226  0.11940839E+004  0.37469298E+001 -0.15063543E+001
  0.40266571E-226  0.11939446E+004  0.40726569E+001 -0.16009738E+001
  0.71371556E-226  0.11927979E+004  0.39070681E+001  0.30544009E+000
  0.11259004E-225  0.11918843E+004  0.29684757E+001  0.35488252E+001
  0.92707539E-224  0.11830606E+004  0.34684117E+001 -0.25685007E+000
  0.21484938E-223  0.11813777E+004  0.40693109E+001 -0.16914875E+001
  0.22097352E-223  0.11813195E+004  0.40233508E+001 -0.77405156E+000
  0.26942882E-223  0.11809210E+004  0.36163197E+001 -0.96734911E+000
  0.29698436E-223  0.11807243E+004  0.34044751E+001  0.88638935E-001
  0.81427763E-223  0.11787051E+004  0.30604969E+001  0.24561041E+001
  0.23084379E-222  0.11766191E+004  0.29806955E+001  0.33743559E+001
  0.46321636E-222  0.11752243E+004  0.33490285E+001  0.34404785E+001
  0.53215068E-222  0.11749448E+004  0.30746726E+001  0.42326540E+001
  0.11012254E-221  0.11734884E+004  0.40673092E+001 -0.16663481E+001
  0.13625923E-221  0.11730605E+004  0.36891995E+001 -0.12680769E+001
  0.24295326E-221  0.11719019E+004  0.32397201E+001  0.10938689E+001
  0.31153195E-221  0.11714027E+004  0.38314368E+001  0.83962339E+000
  0.34213832E-221  0.11712133E+004  0.40431536E+001 -0.19716932E+001
  0.25605028E-220  0.11671859E+004  0.35464796E+001 -0.63460793E+000
  0.87743759E-220  0.11647207E+004  0.39297061E+001 -0.19904790E+001
  0.18135988E-219  0.11632666E+004  0.40495784E+001 -0.11741833E+001
  0.18209738E-219  0.11632565E+004  0.40418026E+001 -0.10521900E+001
  0.20250639E-219  0.11630421E+004  0.39823616E+001 -0.20432578E+001
  0.52908191E-219  0.11611194E+004  0.30045467E+001  0.41864912E+001
  0.56952476E-219  0.11609702E+004  0.29887633E+001  0.32933390E+001
  0.57013400E-219  0.11609661E+004  0.31126903E+001  0.20296724E+001
  0.14314474E-218  0.11591230E+004  0.38946353E+001 -0.19163779E+001
  0.18123308E-218  0.11586492E+004  0.39123271E+001  0.22572373E+000
  0.20603189E-218  0.11583907E+004  0.38260798E+001  0.86434366E+000
  0.25815575E-218  0.11579377E+004  0.36189393E+001  0.21384570E+001
  0.26094514E-218  0.11579143E+004  0.29784359E+001  0.34895944E+001
  0.63836122E-218  0.11561231E+004  0.39019231E+001 -0.19286061E+001
  0.17813739E-217  0.11540687E+004  0.35657978E+001  0.24198777E+001
  0.41754683E-217  0.11523631E+004  0.39320086E+001 -0.19791624E+001
  0.46780282E-217  0.11521338E+004  0.37819465E+001 -0.15917365E+001
  0.47397378E-217  0.11521056E+004  0.36203342E+001  0.21260663E+001
  0.55780619E-217  0.11517780E+004  0.40034058E+001 -0.20207106E+001
  0.82751828E-217  0.11509872E+004  0.40518784E+001 -0.12631607E+001
  0.84642086E-217  0.11509401E+004  0.39089306E+001  0.24392210E+000
  0.10951081E-216  0.11504229E+004  0.32147085E+001  0.12827633E+001
  0.11660490E-216  0.11502954E+004  0.33575374E+001  0.38046360E+000
  0.21583199E-216  0.11490621E+004  0.30642090E+001  0.42060658E+001
  0.22913345E-216  0.11489405E+004  0.32217042E+001  0.38743125E+001
  0.26681381E-216  0.11486341E+004  0.38022109E+001  0.10181002E+001
  0.47331312E-216  0.11474857E+004  0.29922672E+001  0.32796014E+001
  0.47807267E-216  0.11474637E+004  0.39264224E+001 -0.19642671E+001
  0.55858552E-216  0.11471505E+004  0.38856856E+001 -0.18833117E+001
  0.79051438E-216  0.11464540E+004  0.35222557E+001 -0.50050111E+000
  0.84243856E-216  0.11463248E+004  0.38527910E+001  0.66350705E+000
  0.10659214E-214  0.11412471E+004  0.31957809E+001  0.39435738E+001
  0.12833139E-214  0.11408739E+004  0.31590415E+001  0.40396884E+001
  0.39897474E-214  0.11386034E+004  0.35737999E+001  0.23656139E+001
  0.48623106E-214  0.11382059E+004  0.33960602E+001  0.32144225E+001
  0.70085838E-214  0.11374727E+004  0.36332415E+001  0.20425409E+001
  0.18393930E-213  0.11355410E+004  0.33845326E+001  0.32612798E+001
  0.19819118E-213  0.11353898E+004  0.34595484E+001 -0.17255738E+000
  0.25399475E-213  0.11348916E+004  0.30091455E+001  0.30755495E+001
  0.42253806E-213  0.11338718E+004  0.30257662E+001  0.28781293E+001
  0.43211189E-213  0.11338250E+004  0.36394382E+001 -0.10297736E+001
  0.11261590E-212  0.11319073E+004  0.39723303E+001 -0.19930962E+001
  0.35866925E-212  0.11295885E+004  0.29931199E+001  0.33235234E+001
  0.39912018E-212  0.11293728E+004  0.39436969E+001 -0.19660650E+001
  0.94440513E-212  0.11276483E+004  0.37167226E+001 -0.13369101E+001
  0.10522691E-211  0.11274300E+004  0.35840170E+001  0.23025923E+001
  0.11430219E-211  0.11272626E+004  0.30876473E+001  0.22826010E+001
  0.14866759E-211  0.11267349E+004  0.30772558E+001  0.41647986E+001
  0.15074483E-211  0.11267052E+004  0.39352072E+001 -0.19516750E+001
  0.19609361E-211  0.11261773E+004  0.29833678E+001  0.39288199E+001
  0.22993273E-211  0.11258569E+004  0.31091065E+001  0.41239661E+001
  0.36080803E-211  0.11249539E+004  0.29988371E+001  0.32461838E+001
  0.10337022E-210  0.11228468E+004  0.36673501E+001  0.18363595E+001
  0.10943322E-210  0.11227308E+004  0.30036559E+001  0.31809414E+001
  0.40434025E-210  0.11201150E+004  0.40056055E+001 -0.19592276E+001
  0.49514790E-209  0.11151027E+004  0.38738356E+001 -0.18209852E+001
  0.71197886E-209  0.11143744E+004  0.34942827E+001  0.27470390E+001
  0.94893883E-209  0.11137978E+004  0.30544456E+001  0.41554575E+001
  0.14142848E-208  0.11129978E+004  0.37548112E+001 -0.14632036E+001
  0.17326455E-208  0.11125898E+004  0.35989316E+001 -0.83454127E+000
  0.46701496E-208  0.11106047E+004  0.33244450E+001  0.61103880E+000
  0.10182868E-207  0.11090438E+004  0.33679661E+001  0.33081388E+001
  0.15782194E-207  0.11081655E+004  0.39191524E+001  0.11008047E+000
  0.68295042E-207  0.11052336E+004  0.33121669E+001  0.69075995E+000
  0.95209778E-207  0.11045672E+004  0.38777970E+001  0.43387801E+000
  0.17351851E-206  0.11033648E+004  0.39528768E+001 -0.19396332E+001
  0.25140623E-206  0.11026213E+004  0.32448706E+001  0.11240263E+001
  0.49186896E-206  0.11012770E+004  0.40438779E+001 -0.13379457E+001
  0.54963411E-206  0.11010530E+004  0.35194529E+001  0.26129608E+001
  0.81834993E-206  0.11002550E+004  0.30776683E+001  0.24098450E+001
  0.18867908E-205  0.10985823E+004  0.31595378E+001  0.39926218E+001
  0.28657909E-205  0.10977445E+004  0.37995539E+001  0.98764445E+000
  0.40752692E-205  0.10970383E+004  0.35718238E+001 -0.69776393E+000
  0.13755668E-204  0.10946033E+004  0.38757829E+001  0.43813888E+000
  0.41922440E-204  0.10923726E+004  0.30843788E+001  0.41102396E+001
  0.24380040E-203  0.10888496E+004  0.38671124E+001 -0.17763254E+001
  0.32913121E-203  0.10882475E+004  0.30453681E+001  0.41077456E+001
  0.47924010E-203  0.10874940E+004  0.32096290E+001  0.13799306E+001
  0.53817799E-203  0.10872601E+004  0.32985795E+001  0.79115750E+000
  0.75054064E-203  0.10865929E+004  0.30992031E+001  0.22362206E+001
  0.16703123E-202  0.10849910E+004  0.30129745E+001  0.40249262E+001
  0.30512499E-202  0.10837840E+004  0.39677839E+001 -0.19172722E+001
  0.59032527E-202  0.10824622E+004  0.30366170E+001  0.28566839E+001
  0.61137044E-202  0.10823901E+004  0.35856964E+001  0.22566605E+001
  0.69050641E-202  0.10821447E+004  0.36260697E+001  0.20365307E+001
  0.81337742E-202  0.10818153E+004  0.40353836E+001 -0.17101407E+001
  0.13396110E-201  0.10808154E+004  0.35083993E+001  0.26508947E+001
  0.15329890E-201  0.10805438E+004  0.40192936E+001 -0.95660446E+000
  0.19994101E-201  0.10800106E+004  0.35019953E+001 -0.34580081E+000
  0.24655540E-201  0.10795895E+004  0.39051951E+001  0.18930807E+000
  0.27376779E-201  0.10793782E+004  0.36428964E+001  0.19397159E+001
  0.32923592E-201  0.10790072E+004  0.35771526E+001 -0.70753680E+000
  0.19832295E-200  0.10754138E+004  0.29940470E+001  0.37501221E+001
  0.80187287E-200  0.10726178E+004  0.30663730E+001  0.40884530E+001
  0.86595062E-200  0.10724621E+004  0.32449823E+001  0.11522285E+001
  0.87063096E-200  0.10724493E+004  0.34770767E+001  0.27948540E+001
  0.14513151E-199  0.10714254E+004  0.35453605E+001 -0.55169736E+000
  0.19941919E-199  0.10707879E+004  0.37630373E+001 -0.14526975E+001
  0.32872773E-199  0.10697863E+004  0.37299008E+001  0.14141305E+001
  0.53231580E-199  0.10688203E+004  0.37323899E+001 -0.13428749E+001
  0.71506164E-199  0.10682281E+004  0.33380980E+001  0.56582615E+000
  0.12477560E-198  0.10671127E+004  0.34781597E+001  0.27852858E+001
  0.41187709E-198  0.10647223E+004  0.36712414E+001 -0.11037773E+001
  0.54341867E-198  0.10641661E+004  0.33250932E+001  0.64810450E+000
  0.69999910E-198  0.10636577E+004  0.32408873E+001  0.37322925E+001
  0.73622582E-198  0.10635548E+004  0.33710467E+001  0.32564995E+001
  0.88010709E-198  0.10631959E+004  0.40360874E+001 -0.14136000E+001
  0.19424618E-197  0.10616106E+004  0.37239641E+001  0.14436446E+001
  0.23198267E-197  0.10612536E+004  0.39335867E+001 -0.18621277E+001
  0.24779952E-197  0.10611197E+004  0.40327127E+001 -0.12924560E+001
  0.39845172E-197  0.10601678E+004  0.30036191E+001  0.34131919E+001
  0.44881679E-197  0.10599278E+004  0.33284768E+001  0.34222411E+001
  0.48597257E-197  0.10597668E+004  0.37813247E+001  0.10733030E+001
  0.11936777E-196  0.10579675E+004  0.36640836E+001 -0.10687337E+001
  0.12202870E-196  0.10579215E+004  0.30224865E+001  0.30921074E+001
  0.16731483E-196  0.10572883E+004  0.34658209E+001  0.28350587E+001
  0.25951406E-196  0.10564085E+004  0.30510553E+001  0.27468352E+001
  0.31428466E-196  0.10560236E+004  0.30096197E+001  0.39047471E+001
  0.41897836E-196  0.10554466E+004  0.31440436E+001  0.39760150E+001
  0.51680002E-196  0.10550249E+004  0.38034541E+001 -0.15676486E+001
  0.53726010E-196  0.10549453E+004  0.33784413E+001  0.34040578E+000
  0.96790085E-196  0.10537661E+004  0.30344377E+001  0.40196343E+001
  0.10747739E-195  0.10535547E+004  0.39022634E+001 -0.18077953E+001
  0.11310963E-195  0.10534506E+004  0.37995563E+001 -0.15541958E+001
  0.11375749E-195  0.10534372E+004  0.31033571E+001  0.22453782E+001
  0.13306152E-195  0.10531217E+004  0.40320349E+001 -0.13390898E+001
  0.21929446E-195  0.10521206E+004  0.32152566E+001  0.37978731E+001
  0.31126548E-195  0.10514182E+004  0.31064591E+001  0.40305290E+001
  0.75893046E-195  0.10496337E+004  0.34974440E+001 -0.29753984E+000
  0.12336379E-194  0.10486601E+004  0.34321397E+001  0.45682386E-001
  0.13341790E-194  0.10485015E+004  0.39641205E+001 -0.38019697E+000
  0.14141367E-194  0.10483831E+004  0.30635072E+001  0.40468471E+001
  0.16950676E-194  0.10480187E+004  0.34997686E+001 -0.30792596E+000
  0.24969219E-194  0.10472421E+004  0.40276603E+001 -0.12435669E+001
  0.28893501E-194  0.10469482E+004  0.30017882E+001  0.36242459E+001
  0.10573489E-193  0.10443516E+004  0.30509305E+001  0.40295439E+001
  0.13300342E-193  0.10438908E+004  0.30128025E+001  0.38830668E+001
  0.51847580E-193  0.10411678E+004  0.36610028E+001  0.18029469E+001
  0.17709161E-192  0.10387091E+004  0.36985166E+001 -0.11885900E+001
  0.20574473E-192  0.10384073E+004  0.34525424E+001  0.28805070E+001
  0.40445585E-192  0.10370535E+004  0.33266877E+001  0.34084011E+001
  0.41966728E-192  0.10369777E+004  0.36253572E+001 -0.88749014E+000
  0.43188323E-192  0.10369184E+004  0.39634361E+001 -0.18394200E+001
  0.97051310E-192  0.10352971E+004  0.40275939E+001 -0.15177353E+001
  0.25335171E-190  0.10287709E+004  0.31928726E+001  0.15619460E+001
  0.25993911E-190  0.10287176E+004  0.38775603E+001 -0.17305156E+001
  0.28607149E-190  0.10285240E+004  0.40158163E+001 -0.10768778E+001
  0.11586205E-189  0.10257246E+004  0.30507831E+001  0.39911227E+001
  0.14727190E-189  0.10252429E+004  0.31289097E+001  0.39646231E+001
  0.16741615E-189  0.10249845E+004  0.37819575E+001  0.10348492E+001
  0.23442444E-189  0.10243093E+004  0.37487764E+001  0.12521581E+001
  0.24206512E-189  0.10242432E+004  0.38485024E+001 -0.16594152E+001
  0.31286892E-189  0.10237281E+004  0.39985394E+001 -0.17573770E+001
  0.12091862E-188  0.10210223E+004  0.35895056E+001 -0.71495525E+000
  0.12251808E-188  0.10209940E+004  0.31347695E+001  0.39497070E+001
  0.12758751E-188  0.10209110E+004  0.39083711E+001 -0.17751148E+001
  0.14197241E-188  0.10206954E+004  0.32665451E+001  0.36072811E+001
  0.16620970E-188  0.10203782E+004  0.32600488E+001  0.36283071E+001
  0.24958098E-188  0.10195632E+004  0.34512455E+001  0.28703076E+001
  0.26238907E-188  0.10194611E+004  0.31394482E+001  0.39398219E+001
  0.51532143E-188  0.10181093E+004  0.36660454E+001 -0.10415420E+001
  0.84623449E-188  0.10171153E+004  0.39169572E+001  0.90082628E-002
  0.22338632E-187  0.10151720E+004  0.31842086E+001  0.38405723E+001
  0.30200029E-187  0.10145670E+004  0.31329602E+001  0.39442339E+001
  0.31246021E-187  0.10144969E+004  0.34348327E+001  0.29401931E+001
  0.34731725E-187  0.10142834E+004  0.33883006E+001  0.31957801E+000
  0.34765659E-187  0.10142795E+004  0.34776392E+001 -0.16618874E+000
  0.74612823E-187  0.10127502E+004  0.38780523E+001 -0.17121141E+001
  0.10785276E-186  0.10120114E+004  0.30566817E+001  0.27729519E+001
  0.13900207E-186  0.10115020E+004  0.31079737E+001  0.22643673E+001
  0.46761879E-186  0.10090737E+004  0.37055845E+001  0.15086612E+001
  0.13103883E-185  0.10070109E+004  0.39828115E+001 -0.66370252E+000
  0.13849727E-185  0.10068982E+004  0.31555043E+001  0.18717400E+001
  0.23480639E-185  0.10058404E+004  0.32064592E+001  0.14883390E+001
  0.35463233E-185  0.10050138E+004  0.30255385E+001  0.32186131E+001
  0.13632614E-184  0.10023188E+004  0.39320666E+001 -0.17744682E+001
  0.17943055E-184  0.10017674E+004  0.39937665E+001 -0.81736524E+000
  0.18322798E-184  0.10017235E+004  0.33448965E+001  0.33060470E+001
  0.22253168E-184  0.10013329E+004  0.39496701E+001 -0.31678306E+000
  0.23341171E-184  0.10012355E+004  0.30357102E+001  0.30665227E+001
  0.24623054E-184  0.10011266E+004  0.34631056E+001 -0.79001067E-001
  0.26951221E-184  0.10009439E+004  0.34959017E+001  0.26442926E+001
  0.32119845E-184  0.10005911E+004  0.35740801E+001  0.22487786E+001
  0.34332883E-184  0.10004559E+004  0.32315176E+001  0.13167536E+001
  0.36180628E-184  0.10003491E+004  0.30274386E+001  0.38308403E+001
  0.10549859E-183  0.99820680E+003  0.30255835E+001  0.32467504E+001
  0.10717508E-183  0.99817332E+003  0.38023452E+001 -0.15058525E+001
  0.17215005E-183  0.99722356E+003  0.39064313E+001  0.71961573E-001
  0.17932048E-183  0.99713999E+003  0.38812491E+001  0.27998342E+000
  0.24210171E-183  0.99653767E+003  0.37629011E+001 -0.13804366E+001
  0.40853593E-183  0.99548928E+003  0.34775325E+001 -0.14939858E+000
  0.47497617E-183  0.99518595E+003  0.34582877E+001  0.28168401E+001
  0.56000355E-183  0.99485464E+003  0.34868705E+001 -0.19694061E+000
  0.57738083E-183  0.99479157E+003  0.34849171E+001  0.26916626E+001
  0.62393101E-183  0.99463455E+003  0.39557567E+001 -0.38985133E+000
  0.79424213E-183  0.99414990E+003  0.36918235E+001 -0.11219901E+001
  0.88065437E-183  0.99394139E+003  0.33466261E+001  0.58173982E+000
  0.10603541E-182  0.99356805E+003  0.38771117E+001  0.30854549E+000
  0.10655016E-182  0.99355642E+003  0.39911438E+001 -0.17027585E+001
  0.11383522E-182  0.99342219E+003  0.37162625E+001  0.14282063E+001
  0.12962656E-182  0.99316043E+003  0.39393210E+001 -0.22995701E+000
  0.13918985E-182  0.99301611E+003  0.30309996E+001  0.38296674E+001
  0.18454251E-182  0.99245008E+003  0.30190283E+001  0.36566578E+001
  0.59199067E-182  0.99011691E+003  0.36027811E+001 -0.74758684E+000
  0.11174981E-181  0.98884424E+003  0.30285047E+001  0.32315140E+001
  0.13392516E-181  0.98848025E+003  0.31072299E+001  0.23055429E+001
  0.15875177E-181  0.98813818E+003  0.30397206E+001  0.38646821E+001
  0.33901167E-181  0.98661884E+003  0.35287518E+001  0.24701009E+001
  0.78084201E-181  0.98494821E+003  0.31607869E+001  0.38565055E+001
  0.80119020E-181  0.98489481E+003  0.35567170E+001  0.23259444E+001
  0.19244834E-180  0.98314023E+003  0.36062077E+001  0.20606204E+001
  0.25215782E-180  0.98259782E+003  0.30586848E+001  0.39107415E+001
  0.30507718E-180  0.98221485E+003  0.32919125E+001  0.93217161E+000
  0.38199906E-180  0.98176319E+003  0.32266030E+001  0.36911114E+001
  0.45448406E-180  0.98141375E+003  0.35369353E+001 -0.43446864E+000
  0.50512297E-180  0.98120052E+003  0.39526178E+001 -0.17433085E+001
  0.62794434E-180  0.98076327E+003  0.34569369E+001 -0.28617730E-001
  0.69686164E-180  0.98055304E+003  0.38830858E+001  0.24391697E+000
  0.19907345E-179  0.97845175E+003  0.35889521E+001  0.21501164E+001
  0.23867714E-179  0.97808692E+003  0.39617039E+001 -0.48421174E+000
  0.37467677E-179  0.97718306E+003  0.37264296E+001  0.13490798E+001
  0.45706185E-179  0.97678360E+003  0.34545131E+001  0.28180354E+001
  0.80931558E-179  0.97563891E+003  0.39345443E+001 -0.17334179E+001
  0.11232747E-178  0.97498133E+003  0.34652657E+001  0.27668187E+001
  0.12315292E-178  0.97479536E+003  0.38109640E+001  0.78251280E+000
  0.14802008E-178  0.97442556E+003  0.30618878E+001  0.38984633E+001
  0.18276754E-178  0.97400188E+003  0.35678446E+001 -0.57451353E+000
  0.32142270E-178  0.97287084E+003  0.38215313E+001  0.70477088E+000
  0.43791869E-178  0.97225034E+003  0.37984322E+001  0.86780697E+000
  0.68358225E-178  0.97135776E+003  0.32322082E+001  0.36637234E+001
  0.30659675E-177  0.96835426E+003  0.32118558E+001  0.37171937E+001
  0.76575633E-177  0.96652165E+003  0.37980588E+001 -0.14595659E+001
  0.14160103E-176  0.96529023E+003  0.30275382E+001  0.34081959E+001
  0.15804860E-176  0.96506850E+003  0.33708429E+001  0.31691617E+001
  0.25291811E-176  0.96412622E+003  0.40071048E+001 -0.13376911E+001
  0.48062572E-176  0.96284022E+003  0.37273346E+001 -0.12245472E+001
  0.61856459E-176  0.96233364E+003  0.30279729E+001  0.34255894E+001
  0.64806416E-176  0.96223851E+003  0.39355517E+001 -0.17112659E+001
  0.17497333E-175  0.96025010E+003  0.30311289E+001  0.33304804E+001
  0.20903787E-175  0.95989239E+003  0.30350445E+001  0.37220628E+001
  0.25559797E-175  0.95948825E+003  0.30884011E+001  0.25350242E+001
  0.76373257E-175  0.95729708E+003  0.39720867E+001 -0.16678912E+001
  0.81973708E-175  0.95715359E+003  0.36206005E+001  0.19577341E+001
  0.83243189E-175  0.95712091E+003  0.31779941E+001  0.37862484E+001
  0.88859524E-175  0.95698837E+003  0.38396949E+001  0.55293808E+000
  0.11144540E-174  0.95653346E+003  0.33669702E+001  0.49560648E+000
  0.65340492E-174  0.95299419E+003  0.36038346E+001 -0.71910673E+000
  0.77353359E-174  0.95265469E+003  0.30308325E+001  0.34170903E+001
  0.16831707E-173  0.95109781E+003  0.32531084E+001  0.35794250E+001
  0.17089255E-173  0.95106549E+003  0.40021140E+001 -0.13968875E+001
  0.18036376E-173  0.95095565E+003  0.39971296E+001 -0.15016445E+001
  0.30242025E-173  0.94992002E+003  0.30692650E+001  0.27630764E+001
  0.44784897E-173  0.94913279E+003  0.36238375E+001  0.19323324E+001
  0.78081856E-173  0.94801906E+003  0.31420002E+001  0.38401213E+001
  0.97457023E-173  0.94757380E+003  0.39560366E+001 -0.48449345E+000
  0.15239646E-172  0.94667770E+003  0.34999126E+001  0.25772016E+001
  0.16056711E-172  0.94657130E+003  0.34277490E+001  0.15939243E+000
  0.18732563E-172  0.94626107E+003  0.36201768E+001  0.19501748E+001
  0.47827069E-172  0.94438446E+003  0.30353114E+001  0.36273525E+001
  0.56118257E-172  0.94406277E+003  0.34182955E+001  0.21385540E+000
  0.64228262E-172  0.94379085E+003  0.39525529E+001 -0.45400203E+000
  0.65548990E-172  0.94374819E+003  0.33700464E+001  0.48949647E+000
  0.75580358E-172  0.94346144E+003  0.34389749E+001  0.10098117E+000
  0.14631601E-171  0.94213835E+003  0.36640786E+001  0.16950344E+001
  0.19108624E-171  0.94160248E+003  0.37743650E+001 -0.13611011E+001
  0.20857275E-171  0.94142540E+003  0.32320482E+001  0.36314751E+001
  0.26547681E-171  0.94094097E+003  0.35599071E+001  0.22703785E+001
  0.33598352E-171  0.94046795E+003  0.39739309E+001 -0.71790616E+000
  0.44813736E-171  0.93988992E+003  0.39458964E+001 -0.39041440E+000
  0.73448214E-171  0.93889984E+003  0.36772813E+001 -0.10134166E+001
  0.31158411E-170  0.93600771E+003  0.39331506E+001 -0.26746318E+000
  0.33568817E-170  0.93585673E+003  0.37559880E+001 -0.12959827E+001
  0.79446570E-170  0.93413181E+003  0.31499097E+001  0.20124813E+001
  0.81856440E-170  0.93407009E+003  0.31660714E+001  0.18802895E+001
  0.12055406E-169  0.93329387E+003  0.39599962E+001 -0.56129525E+000
  0.26145280E-169  0.93174361E+003  0.31493816E+001  0.38063646E+001
  0.26533564E-169  0.93171217E+003  0.37425097E+001 -0.12464865E+001
  0.36544262E-169  0.93107000E+003  0.34940869E+001  0.25913297E+001
  0.52604330E-169  0.93033949E+003  0.31920983E+001  0.37218492E+001
  0.55347558E-169  0.93023587E+003  0.30438711E+001  0.36701414E+001
  0.58014730E-169  0.93013979E+003  0.37515398E+001  0.11405512E+001
  0.64961851E-169  0.92991163E+003  0.39932642E+001 -0.11027093E+001
  0.97615210E-169  0.92909522E+003  0.34318880E+001  0.15266967E+000
  0.12567278E-168  0.92858797E+003  0.30430615E+001  0.36505691E+001
  0.15467166E-168  0.92817077E+003  0.31093569E+001  0.23832556E+001
  0.31388774E-168  0.92675336E+003  0.30391167E+001  0.33660690E+001
  0.33759545E-168  0.92660578E+003  0.39488647E+001 -0.16390000E+001
  0.33863428E-168  0.92659768E+003  0.39954237E+001 -0.12973779E+001
  0.46493612E-168  0.92596177E+003  0.31891074E+001  0.17100806E+001
  0.48683859E-168  0.92586775E+003  0.32252754E+001  0.36328698E+001
  0.58667009E-168  0.92549274E+003  0.39047340E+001 -0.17850826E-001
  0.14830157E-167  0.92363605E+003  0.39483433E+001 -0.44979947E+000
  0.15759322E-167  0.92351256E+003  0.39426210E+001 -0.38813220E+000
  0.28720369E-167  0.92231026E+003  0.36630289E+001 -0.94094546E+000
  0.34574365E-167  0.92193729E+003  0.39046435E+001 -0.16279369E+001
  0.44433977E-167  0.92143356E+003  0.30415525E+001  0.35682847E+001
  0.44538352E-167  0.92142691E+003  0.38543513E+001  0.39685349E+000
  0.54188901E-167  0.92103271E+003  0.30669573E+001  0.28635690E+001
  0.18257695E-166  0.91860136E+003  0.39929364E+001 -0.12445286E+001
  0.32602233E-166  0.91743982E+003  0.30423867E+001  0.33365580E+001
  0.63425886E-166  0.91610689E+003  0.39219665E+001 -0.16288149E+001
  0.12123924E-165  0.91480915E+003  0.30777733E+001  0.27442493E+001
  0.18431190E-165  0.91396947E+003  0.36285978E+001  0.18729869E+001
  0.21795051E-165  0.91363224E+003  0.38111072E+001  0.71257477E+000
  0.27550614E-165  0.91316160E+003  0.31319040E+001  0.38007843E+001
  0.29132829E-165  0.91304797E+003  0.34011836E+001  0.29951237E+001
  0.44232826E-165  0.91221082E+003  0.30586625E+001  0.37154977E+001
  0.79692819E-165  0.91103144E+003  0.30608115E+001  0.29800648E+001
  0.79707632E-165  0.91102911E+003  0.38927524E+001 -0.15986858E+001
  0.11658144E-164  0.91026671E+003  0.33655174E+001  0.54806054E+000
  0.18236629E-164  0.90936991E+003  0.36068960E+001 -0.69256502E+000
  0.27059814E-164  0.90857872E+003  0.38758164E+001 -0.15715521E+001
  0.29786548E-164  0.90838475E+003  0.32577641E+001  0.12344870E+001
  0.38455689E-164  0.90787190E+003  0.35397929E+001  0.23439334E+001
  0.57800110E-164  0.90705498E+003  0.39071332E+001 -0.68832994E-001
  0.67045957E-164  0.90675625E+003  0.34575020E+001  0.35115633E-001
  0.75382221E-164  0.90651992E+003  0.35025664E+001  0.25279652E+001
  0.89215386E-164  0.90618100E+003  0.39888556E+001 -0.12032700E+001
  0.20160747E-163  0.90454851E+003  0.37449844E+001  0.11568780E+001
  0.21913534E-163  0.90437982E+003  0.31042006E+001  0.37968807E+001
  0.27714018E-163  0.90390820E+003  0.39719615E+001 -0.15139360E+001
  0.48199886E-163  0.90279941E+003  0.39539870E+001 -0.15766832E+001
  0.54381984E-163  0.90255611E+003  0.31277121E+001  0.22537458E+001
  0.70428633E-163  0.90203702E+003  0.36596768E+001  0.16826839E+001
  0.83650856E-163  0.90169097E+003  0.39258433E+001 -0.25719332E+000
  0.11447427E-162  0.90106162E+003  0.31217209E+001  0.37885461E+001
  0.20940015E-162  0.89985187E+003  0.39410930E+001 -0.15908465E+001
  0.32316184E-162  0.89898211E+003  0.34554353E+001  0.27433461E+001
  0.77203331E-162  0.89723841E+003  0.36335956E+001  0.18288285E+001
  0.10617223E-161  0.89659921E+003  0.34599925E+001  0.31307988E-001
  0.17310919E-161  0.89561954E+003  0.30511473E+001  0.35588800E+001
  0.17351924E-161  0.89561286E+003  0.39855851E+001 -0.11989456E+001
  0.19188457E-161  0.89540969E+003  0.30667637E+001  0.29427748E+001
  0.63112787E-161  0.89302651E+003  0.39475107E+001 -0.15662516E+001
  0.11394033E-160  0.89184306E+003  0.38260247E+001 -0.14488723E+001
  0.13610261E-160  0.89148564E+003  0.39320895E+001 -0.34102304E+000
  0.19374547E-160  0.89077741E+003  0.30795947E+001  0.37354848E+001
  0.21991777E-160  0.89052204E+003  0.34901324E+001  0.25731899E+001
  0.24302136E-160  0.89032030E+003  0.36430896E+001  0.17678419E+001
  0.26667963E-160  0.89013255E+003  0.33660876E+001  0.56425276E+000
  0.28303581E-160  0.89001155E+003  0.37890072E+001  0.84283040E+000
  0.93417522E-160  0.88762142E+003  0.39433646E+001 -0.47309194E+000
  0.10471744E-159  0.88739109E+003  0.37540024E+001  0.10791114E+001
  0.10492839E-159  0.88738511E+003  0.32704418E+001  0.34567561E+001
  0.11766776E-159  0.88715399E+003  0.35802987E+001 -0.55287182E+000
  0.13238592E-159  0.88691632E+003  0.30784365E+001  0.28071148E+001
  0.20958530E-159  0.88599555E+003  0.34835200E+001  0.26004828E+001
  0.26226666E-159  0.88554514E+003  0.31026729E+001  0.37592469E+001
  0.95379906E-159  0.88296100E+003  0.39806200E+001 -0.11136835E+001
  0.14754911E-158  0.88208646E+003  0.31728890E+001  0.18954106E+001
  0.19711037E-158  0.88150531E+003  0.30662584E+001  0.36494961E+001
  0.26185763E-158  0.88093528E+003  0.39808217E+001 -0.12348712E+001
  0.33343618E-158  0.88045003E+003  0.39788753E+001 -0.13146201E+001
  0.41254378E-158  0.88002229E+003  0.36783046E+001 -0.96011390E+000
  0.59686464E-158  0.87928164E+003  0.30846753E+001  0.37187169E+001
  0.66315372E-158  0.87906906E+003  0.39803505E+001 -0.12059425E+001
  0.84327467E-158  0.87858653E+003  0.30648147E+001  0.30364369E+001
  0.11984600E-157  0.87788158E+003  0.30538713E+001  0.33400872E+001
  0.12230154E-157  0.87783907E+003  0.32243423E+001  0.15054450E+001
  0.16627903E-157  0.87722276E+003  0.37271613E+001 -0.11371891E+001
  0.34793801E-157  0.87574409E+003  0.39659717E+001 -0.14467553E+001
  0.80745009E-157  0.87405843E+003  0.33526969E+001  0.31533882E+001
  0.14612400E-156  0.87287016E+003  0.30553770E+001  0.33442360E+001
  0.20962015E-156  0.87214652E+003  0.39491469E+001 -0.15099471E+001
  0.29399140E-156  0.87146806E+003  0.32213906E+001  0.15348140E+001
  0.30936682E-156  0.87136415E+003  0.30564040E+001  0.33006993E+001
  0.31931962E-156  0.87129887E+003  0.39772072E+001 -0.11150806E+001
  0.65168769E-156  0.86987018E+003  0.39603969E+001 -0.14588149E+001
  0.83475991E-156  0.86937307E+003  0.38893004E+001  0.31796444E-001
  0.10124289E-155  0.86898519E+003  0.32748488E+001  0.34225926E+001
  0.15728876E-155  0.86810211E+003  0.35834126E+001  0.20787061E+001
  0.22197980E-155  0.86741115E+003  0.31960717E+001  0.17311605E+001
  0.51484052E-155  0.86572666E+003  0.31387454E+001  0.22133128E+001
  0.75719296E-155  0.86495319E+003  0.30593803E+001  0.32490798E+001
  0.10786674E-154  0.86424351E+003  0.32106094E+001  0.35963562E+001
  0.13348437E-154  0.86381538E+003  0.30584749E+001  0.33154726E+001
  0.15009746E-154  0.86357883E+003  0.39609264E+001 -0.77487452E+000
  0.16175610E-154  0.86342726E+003  0.39079249E+001 -0.15103103E+000
  0.21046889E-154  0.86289882E+003  0.32933273E+001  0.33558204E+001
  0.24407624E-154  0.86260058E+003  0.31084339E+001  0.37160108E+001
  0.28565707E-154  0.86228400E+003  0.39723452E+001 -0.12995916E+001
  0.69804020E-154  0.86049508E+003  0.35621278E+001  0.21843859E+001
  0.75724301E-154  0.86033031E+003  0.32716860E+001  0.34228957E+001
  0.19598213E-153  0.85842651E+003  0.32177710E+001  0.15777583E+001
  0.20594330E-153  0.85832541E+003  0.39296710E+001 -0.15133069E+001
  0.25417268E-153  0.85790263E+003  0.38867531E+001 -0.15094736E+001
  0.31425967E-153  0.85747626E+003  0.38566010E+001  0.29259415E+000
  0.57312262E-153  0.85627255E+003  0.36548854E+001  0.16659371E+001
  0.74338582E-153  0.85575037E+003  0.37273758E+001  0.12196197E+001
  0.75536436E-153  0.85571645E+003  0.38319029E+001 -0.14164131E+001
  0.77123067E-153  0.85567292E+003  0.39517992E+001 -0.66456031E+000
  0.93432484E-153  0.85528729E+003  0.30711396E+001  0.30242649E+001
  0.11574445E-152  0.85485705E+003  0.38003775E+001 -0.13386772E+001
  0.31880441E-152  0.85282871E+003  0.39458640E+001 -0.59231795E+000
  0.38767003E-152  0.85243561E+003  0.30821657E+001  0.36334502E+001
  0.50603249E-152  0.85190076E+003  0.34376702E+001  0.19376635E+000
  0.59969003E-152  0.85155919E+003  0.38354475E+001  0.45307613E+000
  0.12271615E-151  0.85012514E+003  0.35694079E+001  0.21361683E+001
  0.13230400E-151  0.84997273E+003  0.39274065E+001 -0.37850662E+000
  0.14573697E-151  0.84977738E+003  0.38999404E+001 -0.15049078E+001
  0.28834767E-151  0.84841070E+003  0.38006390E+001  0.71065865E+000
  0.65989636E-151  0.84675292E+003  0.31921677E+001  0.36135410E+001
  0.10087830E-150  0.84590213E+003  0.32671589E+001  0.34204849E+001
  0.12238694E-150  0.84551363E+003  0.36506823E+001 -0.81608176E+000
  0.15757268E-150  0.84500628E+003  0.39504115E+001 -0.67937682E+000
  0.16734949E-150  0.84488393E+003  0.33801229E+001  0.30159407E+001
  0.19015377E-150  0.84462648E+003  0.36451489E+001 -0.79264167E+000
  0.35942667E-150  0.84335118E+003  0.35529254E+001 -0.38442055E+000
  0.54714315E-150  0.84250882E+003  0.33754349E+001  0.30323812E+001
  0.11138854E-149  0.84108507E+003  0.37378552E+001 -0.11347444E+001
  0.14757093E-149  0.84052055E+003  0.30781876E+001  0.29634309E+001
  0.15616415E-149  0.84040540E+003  0.35117526E+001  0.24210108E+001
  0.22092919E-149  0.83970958E+003  0.32168313E+001  0.35502737E+001
  0.33947622E-149  0.83884851E+003  0.37691821E+001 -0.12314067E+001
  0.35081459E-149  0.83878085E+003  0.37204075E+001  0.12462169E+001
  0.55737428E-149  0.83785294E+003  0.31441067E+001  0.36676342E+001
  0.78013998E-149  0.83717851E+003  0.39614437E+001 -0.13023471E+001
  0.11261563E-148  0.83644237E+003  0.36355859E+001 -0.74499896E+000
  0.28564630E-148  0.83457887E+003  0.39086102E+001 -0.21231431E+000
  0.53988219E-148  0.83330373E+003  0.34012745E+001  0.41540937E+000
  0.69216059E-148  0.83280484E+003  0.30735933E+001  0.30926803E+001
  0.15471561E-147  0.83119418E+003  0.35734044E+001  0.20966642E+001
  0.49616291E-147  0.82886160E+003  0.39595210E+001 -0.12752626E+001
  0.15319668E-146  0.82660484E+003  0.39588165E+001 -0.12705150E+001
  0.27233281E-146  0.82545228E+003  0.32126268E+001  0.35413746E+001
  0.28085644E-146  0.82538869E+003  0.38027075E+001  0.66687623E+000
  0.34847200E-146  0.82495531E+003  0.32438129E+001  0.34629543E+001
  0.44968759E-146  0.82444337E+003  0.39114302E+001 -0.14557709E+001
  0.72881220E-146  0.82347569E+003  0.30839011E+001  0.29370131E+001
  0.10342459E-145  0.82277371E+003  0.37287821E+001 -0.10840750E+001
  0.13240318E-145  0.82227774E+003  0.39376219E+001 -0.14043478E+001
  0.18189650E-145  0.82164062E+003  0.39010659E+001 -0.16210372E+000
  0.31299165E-145  0.82055319E+003  0.30782259E+001  0.34698065E+001
  0.48242806E-145  0.81968593E+003  0.34431008E+001  0.19568680E+000
  0.56151412E-145  0.81938036E+003  0.39462289E+001 -0.13546897E+001
  0.61125080E-145  0.81920867E+003  0.30804158E+001  0.30215754E+001
  0.84045148E-145  0.81856986E+003  0.34789198E+001  0.63710284E-002
  0.87417650E-145  0.81848922E+003  0.33736601E+001  0.59130202E+000
  0.90556047E-145  0.81841672E+003  0.35956646E+001  0.19640240E+001
  0.11389711E-144  0.81795612E+003  0.38265520E+001 -0.13542829E+001
  0.14667195E-144  0.81744836E+003  0.32377105E+001  0.34698691E+001
  0.21604339E-144  0.81667184E+003  0.38265441E+001 -0.13525112E+001
  0.26492592E-144  0.81626195E+003  0.30884644E+001  0.35388143E+001
  0.29189580E-144  0.81606610E+003  0.33435807E+001  0.31280921E+001
  0.29618808E-144  0.81603496E+003  0.30873573E+001  0.35309314E+001
  0.32416163E-144  0.81585251E+003  0.30803066E+001  0.30427295E+001
  0.34230613E-144  0.81574163E+003  0.36251358E+001 -0.68043242E+000
  0.56456842E-144  0.81473897E+003  0.30839029E+001  0.34989899E+001
  0.62624962E-144  0.81452964E+003  0.35947214E+001  0.19653205E+001
  0.97734223E-144  0.81363751E+003  0.31568154E+001  0.36163368E+001
  0.10066813E-143  0.81357640E+003  0.39346875E+001 -0.55960948E+000
  0.10347576E-143  0.81351944E+003  0.30835643E+001  0.29882411E+001
  0.11941719E-143  0.81323091E+003  0.33566399E+001  0.69894800E+000
  0.14684188E-143  0.81281549E+003  0.36047491E+001 -0.58998224E+000
  0.15039366E-143  0.81276574E+003  0.33009402E+001  0.32751453E+001
  0.24193112E-143  0.81181300E+003  0.32632353E+001  0.33922331E+001
  0.24284283E-143  0.81180352E+003  0.37836019E+001 -0.12406212E+001
  0.50318415E-143  0.81034449E+003  0.31046249E+001  0.26839079E+001
  0.61392739E-143  0.80994469E+003  0.37027278E+001 -0.97890483E+000
  0.62388919E-143  0.80991055E+003  0.38108093E+001  0.58653846E+000
  0.80980003E-143  0.80938697E+003  0.34819960E+001  0.25342757E+001
  0.20536065E-142  0.80752388E+003  0.33718472E+001  0.61345382E+000
  0.31259538E-142  0.80668165E+003  0.32027877E+001  0.17611662E+001
  0.41857024E-142  0.80609583E+003  0.34040194E+001  0.42717792E+000
  0.99648385E-142  0.80435910E+003  0.35829748E+001 -0.48492946E+000
  0.10807091E-141  0.80419487E+003  0.38363085E+001 -0.13545950E+001
  0.12764010E-141  0.80386006E+003  0.31142056E+001  0.35895887E+001
  0.14641024E-141  0.80358371E+003  0.32022155E+001  0.35334720E+001
  0.19752688E-141  0.80298283E+003  0.30851665E+001  0.34505523E+001
  0.32529717E-141  0.80198315E+003  0.30834091E+001  0.30582975E+001
  0.33788097E-141  0.80190529E+003  0.31437099E+001  0.22795753E+001
  0.51982644E-141  0.80104174E+003  0.37091080E+001  0.12772732E+001
  0.11350577E-140  0.79947790E+003  0.36867092E+001  0.14158797E+001
  0.14723660E-140  0.79895557E+003  0.30890703E+001  0.29549037E+001
  0.21808653E-140  0.79816792E+003  0.39140301E+001 -0.13946648E+001
  0.37159997E-140  0.79710011E+003  0.36601534E+001 -0.80432586E+000
  0.42116079E-140  0.79684777E+003  0.31053301E+001  0.35490152E+001
  0.65080023E-140  0.79597544E+003  0.32892451E+001  0.32940532E+001
  0.97005737E-140  0.79517518E+003  0.33522662E+001  0.74481361E+000
  0.99395286E-140  0.79512456E+003  0.38974258E+001 -0.14006641E+001
  0.11142802E-139  0.79489406E+003  0.30816143E+001  0.32962269E+001
  0.20641980E-139  0.79365904E+003  0.39511397E+001 -0.11265643E+001
  0.47524059E-139  0.79198927E+003  0.34541963E+001  0.16337782E+000
  0.63212312E-139  0.79141679E+003  0.31374244E+001  0.23622833E+001
  0.65579941E-139  0.79134130E+003  0.31977799E+001  0.18232125E+001
  0.71955879E-139  0.79115378E+003  0.38633240E+001 -0.13758329E+001
  0.80734767E-139  0.79092160E+003  0.34352150E+001  0.26763880E+000
  0.91978930E-139  0.79065886E+003  0.30945714E+001  0.28943787E+001
  0.11146197E-138  0.79027266E+003  0.34920425E+001  0.24675462E+001
  0.19493910E-138  0.78915270E+003  0.35847166E+001 -0.47748781E+000
  0.27603472E-138  0.78845507E+003  0.35503766E+001  0.21752500E+001
  0.44478976E-138  0.78749897E+003  0.32022471E+001  0.17929227E+001
  0.75037071E-138  0.78645109E+003  0.34587219E+001  0.26194011E+001
  0.20703043E-137  0.78441937E+003  0.33343842E+001  0.31274893E+001
  0.25274565E-137  0.78401838E+003  0.37246069E+001 -0.10263708E+001
  0.29802977E-137  0.78368681E+003  0.34094759E+001  0.41908652E+000
  0.42223497E-137  0.78298812E+003  0.36485833E+001 -0.74336867E+000
  0.44711920E-137  0.78287164E+003  0.37692402E+001  0.85449351E+000
  0.49877845E-137  0.78265101E+003  0.32924704E+001  0.11418390E+001
  0.53252587E-137  0.78251812E+003  0.36466186E+001  0.16389043E+001
  0.57189240E-137  0.78237353E+003  0.34399564E+001  0.25032359E+000
  0.64690182E-137  0.78212509E+003  0.34899031E+001 -0.14159955E-001
  0.80183111E-137  0.78169373E+003  0.30954407E+001  0.34409412E+001
  0.14788816E-136  0.78046749E+003  0.32295658E+001  0.34419955E+001
  0.24928044E-136  0.77942130E+003  0.31065169E+001  0.27526509E+001
  0.30658159E-136  0.77900553E+003  0.31919150E+001  0.35158200E+001
  0.46033984E-136  0.77819062E+003  0.31749945E+001  0.20348231E+001
  0.56542477E-136  0.77777744E+003  0.31803801E+001  0.35308561E+001
  0.44926884E-135  0.77363023E+003  0.30893794E+001  0.32803475E+001
  0.48661596E-135  0.77346857E+003  0.32252533E+001  0.16330470E+001
  0.57099549E-135  0.77314681E+003  0.39359477E+001 -0.12288552E+001
  0.11777082E-134  0.77169697E+003  0.30898471E+001  0.31496700E+001
  0.11793510E-134  0.77169223E+003  0.31014075E+001  0.28600339E+001
  0.13803174E-134  0.77137558E+003  0.34916233E+001  0.24505147E+001
  0.14903191E-134  0.77122027E+003  0.38810514E+001 -0.13529600E+001
  0.16065058E-134  0.77106818E+003  0.39293326E+001 -0.12675766E+001
  0.22854628E-134  0.77036121E+003  0.32574325E+001  0.33574250E+001
  0.28069955E-134  0.76994817E+003  0.36576457E+001 -0.76558036E+000
  0.32656644E-134  0.76964352E+003  0.35062740E+001  0.23780035E+001
  0.34821581E-134  0.76951319E+003  0.37334426E+001 -0.10387528E+001
  0.85703307E-134  0.76770993E+003  0.39418594E+001 -0.10910075E+001
  0.87833268E-134  0.76765888E+003  0.39187482E+001 -0.48789544E+000
  0.89752529E-134  0.76761369E+003  0.30921500E+001  0.30989530E+001
  0.11934455E-133  0.76704182E+003  0.39281997E+001 -0.12583756E+001
  0.25589787E-133  0.76551434E+003  0.33767091E+001  0.29470184E+001
  0.30683013E-133  0.76514936E+003  0.31747014E+001  0.20594278E+001
  0.31788035E-133  0.76507665E+003  0.37437262E+001  0.10088433E+001
  0.96543014E-133  0.76285290E+003  0.32687376E+001  0.13287941E+001
  0.13100274E-132  0.76224049E+003  0.39155150E+001 -0.12959707E+001
  0.14300163E-132  0.76206326E+003  0.36389519E+001  0.16620014E+001
  0.15398899E-132  0.76191326E+003  0.31098247E+001  0.34522602E+001
  0.20358293E-132  0.76135292E+003  0.34573873E+001  0.25998480E+001
  0.22998426E-132  0.76110709E+003  0.33830582E+001  0.59611359E+000
  0.27523805E-132  0.76074589E+003  0.33002094E+001  0.11159874E+001
  0.31467855E-132  0.76047611E+003  0.33916154E+001  0.28819783E+001
  0.48873046E-132  0.75959363E+003  0.35257094E+001 -0.17070655E+000
  0.91908621E-132  0.75832854E+003  0.38242004E+001  0.41039737E+000
  0.10796736E-131  0.75800452E+003  0.33060148E+001  0.31952332E+001
  0.11457773E-131  0.75788372E+003  0.36025944E+001 -0.52439136E+000
  0.15063724E-131  0.75733453E+003  0.34697688E+001  0.25389448E+001
  0.17777524E-131  0.75700129E+003  0.34289118E+001  0.33751263E+000
  0.30811600E-131  0.75589942E+003  0.35656332E+001 -0.35662268E+000
  0.71683245E-131  0.75420874E+003  0.38335377E+001  0.32826453E+000
  0.75009316E-131  0.75411607E+003  0.34316094E+001  0.32555405E+000
  0.84007758E-131  0.75388753E+003  0.35589205E+001  0.20955810E+001
  0.11872914E-130  0.75319370E+003  0.31829928E+001  0.20069414E+001
  0.15319641E-130  0.75268200E+003  0.33435456E+001  0.30588033E+001
  0.15881296E-130  0.75260804E+003  0.37870253E+001  0.68753262E+000
  0.19316963E-130  0.75221440E+003  0.31010065E+001  0.33345672E+001
  0.21438547E-130  0.75200403E+003  0.32794011E+001  0.32714179E+001
  0.25029999E-130  0.75169231E+003  0.37432382E+001  0.99590877E+000
  0.26258909E-130  0.75159450E+003  0.36024893E+001  0.18581640E+001
  0.30206321E-130  0.75131246E+003  0.37018829E+001  0.12673446E+001
  0.43095822E-130  0.75059975E+003  0.38627905E+001  0.68870317E-001
  0.73738163E-130  0.74952361E+003  0.32027636E+001  0.18458650E+001
  0.88282441E-130  0.74916162E+003  0.37974640E+001 -0.11943901E+001
  0.12398410E-129  0.74848044E+003  0.36512029E+001  0.15754125E+001
  0.20176719E-129  0.74750457E+003  0.32958858E+001  0.32153006E+001
  0.21551905E-129  0.74737075E+003  0.33681012E+001  0.70050828E+000
  0.24598000E-129  0.74710439E+003  0.39294537E+001 -0.74377014E+000
  0.26706047E-129  0.74693799E+003  0.32384656E+001  0.33750324E+001
  0.27899436E-129  0.74684861E+003  0.39251818E+001 -0.11920920E+001
  0.31348086E-129  0.74661356E+003  0.31239142E+001  0.34557836E+001
  0.83871956E-129  0.74464333E+003  0.31245546E+001  0.34517287E+001
  0.10081994E-128  0.74427329E+003  0.39010354E+001 -0.12800006E+001
  0.11455212E-128  0.74401595E+003  0.34021162E+001  0.50319135E+000
  0.12255548E-128  0.74387893E+003  0.32549711E+001  0.33295150E+001
  0.14743904E-128  0.74350728E+003  0.38139132E+001  0.47009025E+000
  0.25820278E-128  0.74238466E+003  0.37261619E+001  0.10992160E+001
  0.27274778E-128  0.74227311E+003  0.39276446E+001 -0.11442115E+001
  0.38173354E-128  0.74159880E+003  0.39270658E+001 -0.11468180E+001
  0.49376748E-128  0.74108217E+003  0.33818371E+001  0.29001548E+001
  0.10183145E-127  0.73963254E+003  0.33742483E+001  0.67204104E+000
  0.13061354E-127  0.73913274E+003  0.33825303E+001  0.62316106E+000
  0.13245120E-127  0.73910284E+003  0.38613759E+001 -0.12828562E+001
  0.13353950E-127  0.73908452E+003  0.34872011E+001  0.43851451E-001
  0.13633771E-127  0.73904110E+003  0.37675410E+001  0.81081705E+000
  0.13850039E-127  0.73900767E+003  0.39284819E+001 -0.77541905E+000
  0.13906040E-127  0.73899765E+003  0.32917122E+001  0.11996246E+001
  0.18471766E-127  0.73842785E+003  0.31060486E+001  0.29452765E+001
  0.18932337E-127  0.73837664E+003  0.33429910E+001  0.30445344E+001
  0.20461613E-127  0.73821933E+003  0.32198664E+001  0.17253986E+001
  0.21757948E-127  0.73809453E+003  0.38244122E+001 -0.12341151E+001
  0.37150709E-127  0.73702257E+003  0.39173436E+001 -0.12021034E+001
  0.54882628E-127  0.73624019E+003  0.31600671E+001  0.22494371E+001
  0.62752819E-127  0.73597022E+003  0.36504324E+001  0.15662597E+001
  0.84287323E-127  0.73537821E+003  0.31495592E+001  0.34671632E+001
  0.14185813E-126  0.73433507E+003  0.37753533E+001  0.74839215E+000
  0.15431630E-126  0.73416476E+003  0.39011715E+001 -0.12521558E+001
  0.18860953E-126  0.73376146E+003  0.32985905E+001  0.11594936E+001
  0.24832239E-126  0.73320941E+003  0.31104150E+001  0.33297821E+001
  0.25359502E-126  0.73316544E+003  0.31083711E+001  0.33060642E+001
  0.62333240E-126  0.73136480E+003  0.35253263E+001  0.22443331E+001
  0.11960742E-125  0.73005941E+003  0.31343478E+001  0.34342861E+001
  0.13366731E-125  0.72983518E+003  0.36539121E+001 -0.70701176E+000
  0.15577976E-125  0.72952705E+003  0.39273576E+001 -0.82737003E+000
  0.20049496E-125  0.72902040E+003  0.39080855E+001 -0.46856028E+000
  0.22701372E-125  0.72877001E+003  0.34515824E+001  0.25919119E+001
  0.23243872E-125  0.72872083E+003  0.36692371E+001 -0.76502215E+000
  0.26897969E-125  0.72842685E+003  0.33882071E+001  0.28608382E+001
  0.27326833E-125  0.72839327E+003  0.38865851E+001 -0.21197299E+000
  0.35224389E-125  0.72788357E+003  0.36907338E+001  0.13108917E+001
  0.37814508E-125  0.72773971E+003  0.38975821E+001 -0.12420050E+001
  0.40395503E-125  0.72760571E+003  0.39186695E+001 -0.63741790E+000
  0.49377934E-125  0.72720219E+003  0.37663401E+001 -0.10851238E+001
  0.54472364E-125  0.72700386E+003  0.36576841E+001 -0.71861798E+000
  0.60876915E-125  0.72677958E+003  0.38857088E+001 -0.20633943E+000
  0.16401900E-124  0.72479537E+003  0.33025764E+001  0.11437379E+001
  0.17645278E-124  0.72464728E+003  0.38565481E+001  0.78168807E-001
  0.19138641E-124  0.72448285E+003  0.38629825E+001 -0.12558106E+001
  0.23648828E-124  0.72405768E+003  0.31419278E+001  0.34321195E+001
  0.24071863E-124  0.72402027E+003  0.37269457E+001 -0.96298729E+000
  0.29699674E-124  0.72359814E+003  0.31504906E+001  0.23749080E+001
  0.45638826E-124  0.72273694E+003  0.31480718E+001  0.34365184E+001
  0.74102026E-124  0.72176562E+003  0.37519525E+001 -0.10371867E+001
  0.93077313E-124  0.72130769E+003  0.36490200E+001  0.15583596E+001
  0.10848904E-123  0.72099930E+003  0.36867812E+001  0.13277227E+001
  0.13154881E-123  0.72061189E+003  0.36029808E+001  0.18223596E+001
  0.15450215E-123  0.72028828E+003  0.34198865E+001  0.42736746E+000
  0.16273631E-123  0.72018248E+003  0.34466667E+001  0.26046889E+001
  0.24291249E-123  0.71937939E+003  0.31187711E+001  0.33320807E+001
  0.36266776E-123  0.71857586E+003  0.31093875E+001  0.30309865E+001
  0.36304956E-123  0.71857181E+003  0.38382766E+001  0.23002106E+000
  0.38269255E-123  0.71846447E+003  0.38591081E+001  0.42551532E-001
  0.52302469E-123  0.71783772E+003  0.31088804E+001  0.30797918E+001
  0.68579435E-123  0.71729387E+003  0.33896589E+001  0.60520307E+000
  0.70272186E-123  0.71724315E+003  0.35405573E+001 -0.19833585E+000
  0.12331302E-122  0.71611650E+003  0.33760736E+001  0.68741604E+000
  0.23042812E-122  0.71486412E+003  0.38586306E+001 -0.12349776E+001
  0.25609603E-122  0.71465095E+003  0.31200237E+001  0.33192010E+001
  0.25928833E-122  0.71462422E+003  0.36471669E+001 -0.66333777E+000
  0.28726391E-122  0.71441734E+003  0.31100700E+001  0.30818328E+001
  0.29285559E-122  0.71437683E+003  0.38806990E+001 -0.18193640E+000
  0.31068029E-122  0.71425671E+003  0.36731808E+001 -0.76338716E+000
  0.48772068E-122  0.71335280E+003  0.34827201E+001  0.94222031E-001
  0.53289888E-122  0.71317367E+003  0.37362872E+001  0.99524632E+000
  0.62116867E-122  0.71286518E+003  0.35107147E+001 -0.47828403E-001
  0.12189169E-121  0.71151500E+003  0.35765978E+001 -0.35984410E+000
  0.12279051E-121  0.71149835E+003  0.38078021E+001 -0.11619834E+001
  0.13160107E-121  0.71135781E+003  0.39202264E+001 -0.77944036E+000
  0.23811545E-121  0.71016990E+003  0.38724569E+001 -0.12265514E+001
  0.24983765E-121  0.71007183E+003  0.37308591E+001  0.10281023E+001
  0.85987447E-121  0.70759793E+003  0.34245059E+001  0.41520788E+000
  0.88373851E-121  0.70754123E+003  0.36383064E+001  0.16061199E+001
  0.93093693E-121  0.70743521E+003  0.38253422E+001 -0.11865182E+001
  0.11970105E-120  0.70693048E+003  0.31130832E+001  0.30449230E+001
  0.17760334E-120  0.70613942E+003  0.31316135E+001  0.33507303E+001
  0.18163552E-120  0.70609257E+003  0.35803950E+001  0.19306434E+001
  0.24769482E-120  0.70547022E+003  0.38363417E+001  0.22400748E+000
  0.26555546E-120  0.70532902E+003  0.35823474E+001 -0.37899990E+000
  0.28248427E-120  0.70520347E+003  0.31758928E+001  0.34047092E+001
  0.43960988E-120  0.70431699E+003  0.31680420E+001  0.34043267E+001
  0.58203546E-120  0.70375375E+003  0.38706248E+001 -0.10089363E+000
  0.66043231E-120  0.70349907E+003  0.38582637E+001  0.20834069E-001
  0.70842538E-120  0.70335682E+003  0.38949490E+001 -0.37758844E+000
  0.12692461E-119  0.70218860E+003  0.31651965E+001  0.33993075E+001
  0.13427317E-119  0.70207408E+003  0.31363456E+001  0.33548692E+001
  0.15201500E-119  0.70182392E+003  0.36893350E+001 -0.80801048E+000
  0.25431574E-119  0.70079277E+003  0.34527453E+001  0.26675641E+000
  0.30743471E-119  0.70041145E+003  0.31249734E+001  0.32887305E+001
  0.32683998E-119  0.70028708E+003  0.33965019E+001  0.58410040E+000
  0.52008152E-119  0.69935610E+003  0.36520346E+001 -0.66521550E+000
  0.11007111E-118  0.69785469E+003  0.38957994E+001 -0.40648094E+000
  0.14237293E-118  0.69733810E+003  0.35087827E+001  0.22900218E+001
  0.15762411E-118  0.69713262E+003  0.31644887E+001  0.22893057E+001
  0.21934597E-118  0.69646979E+003  0.32139344E+001  0.18388434E+001
  0.26486866E-118  0.69609067E+003  0.34421560E+001  0.32969932E+000
  0.27540656E-118  0.69601069E+003  0.32885768E+001  0.31724642E+001
  0.36210947E-118  0.69546134E+003  0.38838773E+001 -0.11793497E+001
  0.36530698E-118  0.69544181E+003  0.32257813E+001  0.17439478E+001
  0.38170066E-118  0.69535206E+003  0.33214604E+001  0.10548052E+001
  0.45803199E-118  0.69498550E+003  0.31635197E+001  0.33823608E+001
  0.51298329E-118  0.69475694E+003  0.31750623E+001  0.21888169E+001
  0.51731447E-118  0.69473817E+003  0.31839258E+001  0.33799694E+001
  0.70929670E-118  0.69410497E+003  0.33089172E+001  0.11396294E+001
  0.72126860E-118  0.69406955E+003  0.31307750E+001  0.32996350E+001
  0.12698137E-117  0.69293637E+003  0.38946595E+001 -0.40771027E+000
  0.13011295E-117  0.69288569E+003  0.39105962E+001 -0.10361223E+001
  0.14675946E-117  0.69264295E+003  0.36042262E+001 -0.46106356E+000
  0.17987251E-117  0.69223409E+003  0.35157855E+001 -0.50854408E-001
  0.24103488E-117  0.69164676E+003  0.36346477E+001  0.16095615E+001
  0.27389692E-117  0.69138918E+003  0.31462379E+001  0.25077295E+001
  0.35528613E-117  0.69086689E+003  0.35787574E+001  0.19228468E+001
  0.35843018E-117  0.69084731E+003  0.38676806E+001 -0.99955681E-001
  0.38623768E-117  0.69069592E+003  0.37401706E+001  0.93962983E+000
  0.43370009E-117  0.69046217E+003  0.31433351E+001  0.25469496E+001
  0.51027661E-117  0.69013502E+003  0.31244073E+001  0.28486750E+001
  0.57692934E-117  0.68988753E+003  0.38153394E+001 -0.11414569E+001
  0.79451126E-117  0.68924557E+003  0.33919732E+001  0.62330604E+000
  0.88373955E-117  0.68903074E+003  0.31381492E+001  0.33166923E+001
  0.92685334E-117  0.68893353E+003  0.32986822E+001  0.12156485E+001
  0.11051616E-116  0.68857967E+003  0.35191186E+001  0.22295604E+001
  0.14112442E-116  0.68808876E+003  0.31532984E+001  0.33546530E+001
  0.15012075E-116  0.68796321E+003  0.37903063E+001 -0.10896298E+001
  0.16618671E-116  0.68775791E+003  0.38852141E+001 -0.11548671E+001
  0.17176490E-116  0.68768993E+003  0.34170326E+001  0.47969690E+000
  0.17238879E-116  0.68768073E+003  0.34335172E+001  0.26268257E+001
  0.18985324E-116  0.68748578E+003  0.33330285E+001  0.30192957E+001
  0.32893195E-116  0.68638463E+003  0.35677954E+001  0.19767185E+001
  0.40965814E-116  0.68594373E+003  0.38159009E+001  0.36390051E+000
  0.61449434E-116  0.68513083E+003  0.34679586E+001  0.20235420E+000
  0.83833435E-116  0.68450764E+003  0.32467753E+001  0.32659196E+001
  0.97869648E-116  0.68419608E+003  0.37022620E+001  0.11849062E+001
  0.12744709E-115  0.68366600E+003  0.34832603E+001  0.23975981E+001
  0.16820140E-115  0.68310912E+003  0.36884740E+001  0.12719804E+001
  0.34949379E-115  0.68164452E+003  0.31393433E+001  0.32946773E+001
  0.36516374E-115  0.68155485E+003  0.36011818E+001 -0.43554288E+000
  0.39591468E-115  0.68139119E+003  0.36892001E+001  0.12652779E+001
  0.55980201E-115  0.68069647E+003  0.37067718E+001  0.11511838E+001
  0.58253856E-115  0.68061489E+003  0.39102415E+001 -0.92047967E+000
  0.30367617E-114  0.67731064E+003  0.33945034E+001  0.27777447E+001
  0.31868657E-114  0.67721219E+003  0.36489260E+001 -0.62738770E+000
  0.35749081E-114  0.67698044E+003  0.39093691E+001 -0.81419424E+000
  0.46621903E-114  0.67644740E+003  0.35740888E+001 -0.31003826E+000
  0.51299741E-114  0.67625421E+003  0.38977510E+001 -0.10636315E+001
  0.62754742E-114  0.67584916E+003  0.37359554E+001 -0.92956522E+000
  0.90600318E-114  0.67511276E+003  0.34242919E+001  0.45273550E+000
  0.10614627E-113  0.67479409E+003  0.31325834E+001  0.27728634E+001
  0.10895516E-113  0.67473990E+003  0.31530185E+001  0.33162656E+001
  0.17109262E-113  0.67383541E+003  0.36829088E+001 -0.75118405E+000
  0.17679964E-113  0.67376784E+003  0.39017152E+001 -0.10174946E+001
  0.25106292E-113  0.67306451E+003  0.32344856E+001  0.32740765E+001
  0.27054093E-113  0.67291312E+003  0.33721101E+001  0.28600044E+001
  0.32677090E-113  0.67253350E+003  0.32034469E+001  0.19702385E+001
  0.37698235E-113  0.67224567E+003  0.32815290E+001  0.31605119E+001
  0.48169653E-113  0.67175348E+003  0.31749282E+001  0.22404276E+001
  0.53132164E-113  0.67155542E+003  0.31419989E+001  0.26313462E+001
  0.64111919E-113  0.67117778E+003  0.35552150E+001  0.20262986E+001
  0.81812294E-113  0.67068823E+003  0.31873495E+001  0.21208860E+001
  0.82193562E-113  0.67067698E+003  0.34560204E+001  0.28238074E+000
  0.96829005E-113  0.67034729E+003  0.31351842E+001  0.32190950E+001
  0.98172320E-113  0.67031778E+003  0.36540366E+001  0.14696711E+001
  0.10902351E-112  0.67010615E+003  0.38409077E+001 -0.11365339E+001
  0.21774327E-112  0.66872069E+003  0.37817089E+001  0.60786905E+000
  0.24037511E-112  0.66852097E+003  0.31659330E+001  0.23429353E+001
  0.26043403E-112  0.66835872E+003  0.36670601E+001 -0.68636544E+000
  0.31463050E-112  0.66797867E+003  0.31946697E+001  0.33202744E+001
  0.45443182E-112  0.66724142E+003  0.35270451E+001  0.21664472E+001
  0.50249267E-112  0.66703840E+003  0.36953762E+001  0.12080200E+001
  0.79019512E-112  0.66613105E+003  0.31736637E+001  0.33196913E+001
  0.84121280E-112  0.66600397E+003  0.33194221E+001  0.30377303E+001
  0.98994461E-112  0.66567641E+003  0.39041917E+001 -0.74191616E+000
  0.12573902E-111  0.66519617E+003  0.33198691E+001  0.11035388E+001
  0.18874465E-111  0.66438184E+003  0.32656438E+001  0.14843494E+001
  0.20818316E-111  0.66418384E+003  0.39001752E+001 -0.63389242E+000
  0.40157433E-111  0.66286794E+003  0.37659865E+001 -0.99485844E+000
  0.41188821E-111  0.66281527E+003  0.34736951E+001  0.24190425E+001
  0.43526264E-111  0.66270292E+003  0.36765110E+001  0.13224083E+001
  0.10586019E-110  0.66092346E+003  0.31782428E+001  0.22316533E+001
  0.13090929E-110  0.66049674E+003  0.31998533E+001  0.33016249E+001
  0.14622469E-110  0.66027351E+003  0.39000274E+001 -0.66165025E+000
  0.19103469E-110  0.65973693E+003  0.31527639E+001  0.25248517E+001
  0.21659212E-110  0.65948386E+003  0.32212764E+001  0.18404514E+001
  0.24548487E-110  0.65923147E+003  0.36857206E+001 -0.74319766E+000
  0.24974540E-110  0.65919510E+003  0.31380611E+001  0.31833801E+001
  0.30667795E-110  0.65878244E+003  0.32689785E+001  0.31746659E+001
  0.34371990E-110  0.65855243E+003  0.36384084E+001  0.15490670E+001
  0.39675814E-110  0.65826348E+003  0.34925003E+001  0.23255866E+001
  0.45870729E-110  0.65797135E+003  0.32279589E+001  0.32610893E+001
  0.50862359E-110  0.65776281E+003  0.35268835E+001  0.21566548E+001
  0.55731888E-110  0.65757800E+003  0.32965871E+001  0.30972627E+001
  0.58557361E-110  0.65747714E+003  0.35106944E+001  0.22367130E+001
  0.75438028E-110  0.65696858E+003  0.38907284E+001 -0.10213536E+001
  0.76149305E-110  0.65694786E+003  0.38007813E+001  0.43939119E+000
  0.77245720E-110  0.65691731E+003  0.35128605E+001  0.27134659E-002
  0.81208149E-110  0.65681531E+003  0.38289628E+001  0.19972203E+000
  0.10634860E-109  0.65627395E+003  0.38861493E+001 -0.10448962E+001
  0.22430489E-109  0.65477943E+003  0.34248454E+001  0.26265456E+001
  0.28606211E-109  0.65429107E+003  0.38312773E+001 -0.10981350E+001
  0.30843499E-109  0.65413851E+003  0.34352836E+001  0.25811188E+001
  0.32228056E-109  0.65404874E+003  0.34803641E+001  0.23781287E+001
  0.37272131E-109  0.65375597E+003  0.37939029E+001 -0.10435431E+001
  0.54209181E-109  0.65300481E+003  0.38987193E+001 -0.69603341E+000
  0.63630240E-109  0.65268238E+003  0.34618604E+001  0.27129483E+000
  0.66917612E-109  0.65257968E+003  0.35541378E+001 -0.19151161E+000
  0.81161241E-109  0.65219178E+003  0.32852180E+001  0.31221765E+001
  0.11956430E-108  0.65141499E+003  0.32798592E+001  0.31356352E+001
  0.25514259E-108  0.64989710E+003  0.37171538E+001 -0.83694805E+000
  0.34972510E-108  0.64926450E+003  0.32706595E+001  0.31563991E+001
  0.50012229E-108  0.64854714E+003  0.31358108E+001  0.30508334E+001
  0.65206797E-108  0.64801459E+003  0.37595376E+001  0.74271716E+000
  0.76263798E-108  0.64769937E+003  0.31789092E+001  0.22562725E+001
  0.79630795E-108  0.64761101E+003  0.32990796E+001  0.30762144E+001
  0.81027282E-108  0.64757429E+003  0.32953882E+001  0.12941979E+001
  0.11013378E-107  0.64695852E+003  0.37490275E+001  0.81736550E+000
  0.15289486E-107  0.64630046E+003  0.37432369E+001 -0.91026440E+000
  0.17989990E-107  0.64597321E+003  0.36485101E+001 -0.58855943E+000
  0.24058330E-107  0.64538992E+003  0.37504448E+001  0.80493159E+000
  0.38532868E-107  0.64444591E+003  0.38865615E+001 -0.99016924E+000
  0.47929933E-107  0.64400750E+003  0.31370095E+001  0.30091831E+001
  0.50623646E-107  0.64389619E+003  0.35666414E+001  0.19350583E+001
  0.58599131E-107  0.64360164E+003  0.37748656E+001 -0.98719473E+000
  0.98441362E-107  0.64256220E+003  0.38604919E+001 -0.14300463E+000
  0.12847976E-106  0.64202763E+003  0.31444627E+001  0.31449106E+001
  0.13514481E-106  0.64192453E+003  0.32222989E+001  0.32416845E+001
  0.16070311E-106  0.64157615E+003  0.36075070E+001 -0.41664849E+000
  0.16095752E-106  0.64157103E+003  0.33757105E+001  0.77755792E+000
  0.18148428E-106  0.64132902E+003  0.37807070E+001  0.57302169E+000
  0.23262307E-106  0.64083057E+003  0.32369919E+001  0.17429157E+001
  0.34661748E-106  0.64003101E+003  0.31527549E+001  0.25985330E+001
  0.41079785E-106  0.63968930E+003  0.33925992E+001  0.67801966E+000
  0.55130482E-106  0.63909898E+003  0.37497428E+001 -0.91785579E+000
  0.57369130E-106  0.63901742E+003  0.31389106E+001  0.29381729E+001
  0.76091078E-106  0.63845062E+003  0.35848038E+001  0.18305912E+001
  0.83530481E-106  0.63826210E+003  0.38532369E+001 -0.10661414E+001
  0.87478680E-106  0.63816778E+003  0.37124909E+001 -0.80642354E+000
  0.94816858E-106  0.63800473E+003  0.37364565E+001 -0.87922382E+000
  0.13482696E-105  0.63729869E+003  0.36021676E+001 -0.38887218E+000
  0.15753700E-105  0.63698540E+003  0.35749503E+001  0.18824838E+001
  0.16198651E-105  0.63692774E+003  0.36607929E+001 -0.62440878E+000
  0.22154667E-105  0.63629955E+003  0.32215587E+001  0.32323883E+001
  0.28398128E-105  0.63580105E+003  0.38030537E+001  0.38445788E+000
  0.29744494E-105  0.63570645E+003  0.34691302E+001  0.25197433E+000
  0.33038949E-105  0.63549441E+003  0.37342911E+001  0.90540703E+000
  0.51100237E-105  0.63462026E+003  0.36903340E+001 -0.72802640E+000
  0.52896133E-105  0.63454922E+003  0.31439145E+001  0.27959363E+001
  0.60150167E-105  0.63429024E+003  0.37622745E+001 -0.94303495E+000
  0.88475711E-105  0.63351652E+003  0.35989223E+001 -0.37048378E+000
  0.11512987E-104  0.63298791E+003  0.36741134E+001 -0.66859597E+000
  0.12465661E-104  0.63282695E+003  0.37255077E+001 -0.83964917E+000
  0.22922810E-104  0.63160669E+003  0.31417817E+001  0.29363970E+001
  0.23284374E-104  0.63157343E+003  0.32202212E+001  0.19000254E+001
  0.24914120E-104  0.63143618E+003  0.33560957E+001  0.91210396E+000
  0.49379388E-104  0.63006603E+003  0.36693579E+001  0.13264118E+001
  0.55903222E-104  0.62981590E+003  0.31921232E+001  0.32395214E+001
  0.63079147E-104  0.62957241E+003  0.37652640E+001  0.67241152E+000
  0.84932095E-104  0.62897553E+003  0.33162567E+001  0.11760339E+001
  0.85106074E-104  0.62896949E+003  0.31670028E+001  0.32080877E+001
  0.12197706E-103  0.62824767E+003  0.36023697E+001  0.17210315E+001
  0.19819459E-103  0.62727488E+003  0.32264609E+001  0.32091245E+001
  0.21658940E-103  0.62709542E+003  0.33996899E+001  0.26972378E+001
  0.24717703E-103  0.62682927E+003  0.37008323E+001 -0.75328493E+000
  0.25660593E-103  0.62675244E+003  0.31544317E+001  0.31448105E+001
  0.27026323E-103  0.62664678E+003  0.31446301E+001  0.30112813E+001
  0.38005211E-103  0.62596300E+003  0.31446159E+001  0.28756781E+001
  0.10128824E-092  0.57723564E+003  0.37307055E+001  0.86048734E+000
  0.53752518E-089  0.56008212E+003  0.37270648E+001  0.86010624E+000
  0.80554442E-089  0.55927303E+003  0.37329693E+001  0.81648621E+000
  0.23813648E-083  0.53407936E+003  0.37248115E+001  0.83500546E+000
  0.16905114E-077  0.50713363E+003  0.37180122E+001  0.83942356E+000
  0.34897146E-075  0.49647371E+003  0.37118121E+001  0.86593236E+000
  0.98251023E-062  0.43453625E+003  0.37009942E+001  0.83244389E+000
  0.23983463E-047  0.36827902E+003  0.36789678E+001  0.85748636E+000
