  0.116821136534294E-003  0.227198523655584E+003  0.379914541589701E+001 -0.116317357430950E+001
  0.116821136534294E-003  0.227901061514690E+003  0.342830999122028E+001  0.227416781174981E+001
  0.116821136534294E-003  0.227903754616410E+003  0.326162578681435E+001  0.103396176214680E+001
  0.116821136534294E-003  0.227975822311685E+003  0.349689534393121E+001  0.194233342635925E+001
  0.116821136534294E-003  0.228037865625587E+003  0.307911310453708E+001  0.277537782291870E+001
  0.116821136534294E-003  0.228076353327197E+003  0.368202221850821E+001  0.852390488507456E+000
  0.116821136534294E-003  0.228175806243101E+003  0.313812852582545E+001  0.319613272931238E+001
  0.116821136534294E-003  0.228177008832811E+003  0.307613752698071E+001  0.293350061592981E+001
  0.116821136534294E-003  0.228516763218210E+003  0.307168182906456E+001  0.291233286224515E+001
  0.116821136534294E-003  0.228948126401318E+003  0.359214724898497E+001  0.145410017078638E+001
  0.116821136534294E-003  0.232567710833575E+003  0.390581221986570E+001 -0.122579948349905E+001
  0.116821136534294E-003  0.232499461321645E+003  0.333861846103222E+001  0.281908035159600E+001
  0.116821136534294E-003  0.229323665833100E+003  0.386292601396913E+001 -0.117075944351238E+001
  0.116821136534294E-003  0.230664456966166E+003  0.388139012544890E+001 -0.899541688607838E+000
  0.116821136534294E-003  0.231155292303225E+003  0.367460945109633E+001  0.102507894692941E+001
  0.116821136534294E-003  0.231749556482097E+003  0.365411746074632E+001  0.117822928797444E+001
  0.116821136534294E-003  0.228810794349114E+003  0.372016353051136E+001 -0.881391146535812E+000
  0.116821136534294E-003  0.228630301902377E+003  0.372058051833887E+001 -0.870125447651004E+000
  0.116821136534294E-003  0.228396957726561E+003  0.372631938908832E+001 -0.861141575423058E+000
