3.532376364899529442e+00 1.026102774084491687e+00
3.520315842389537764e+00 1.089426311253554713e+00
3.507266910729162745e+00 1.210443806927734789e+00
3.487308343754821127e+00 1.253296591962955064e+00
3.487308343754821127e+00 1.253296591962955064e+00
3.519251542627868989e+00 1.096129030880168775e+00
3.517435452427629450e+00 1.124362286009743528e+00
3.540787217331648584e+00 1.032698099757716870e+00
3.518319957308806867e+00 1.105558248195743776e+00
3.496871571491604325e+00 1.240038034653176524e+00
3.518348889857289663e+00 1.122813165009087122e+00
3.520585323986258786e+00 1.030241464040878130e+00
3.510003105383518118e+00 1.181763359516140088e+00
3.495651834916583933e+00 1.210120716280771225e+00
3.525829226752928758e+00 1.039473451339697707e+00
3.510967402442091601e+00 1.102095241090006894e+00
3.499739010924915572e+00 1.115880748392049648e+00
3.507236565545376994e+00 1.143251982733907157e+00
3.522876162871728667e+00 1.038759164339855046e+00
3.491010133114649250e+00 1.280446252861679568e+00
3.527678704262649401e+00 1.043086545242818186e+00
3.485313066643202173e+00 1.226880516999886206e+00
3.515222804917700561e+00 1.095798389582554044e+00
3.498086869450538483e+00 1.262396395139313121e+00
3.525829226752928758e+00 1.039473451339697707e+00
3.494315683148852880e+00 1.156690736260416408e+00
3.495651834916583933e+00 1.210120716280771225e+00
3.524432927641618640e+00 1.084719851083953079e+00
3.529944681896383774e+00 1.024462771276952733e+00
3.521118522784255411e+00 1.081554414456010305e+00
3.531941680238601222e+00 9.850086442401212450e-01
3.523141679428315687e+00 1.075287893828674068e+00
3.523965656967924520e+00 1.069507928171624656e+00
3.520029602820392345e+00 1.078933807047328219e+00
3.511045388318710714e+00 1.108674810178869041e+00
3.520585323986258786e+00 1.030241464040878130e+00
3.519702529193383000e+00 1.134985472333148948e+00
3.521930630338258261e+00 9.690659960051541955e-01
3.502011097524420524e+00 1.194163191483461617e+00
3.512869536740903964e+00 1.144123303949480253e+00
3.489231503134964552e+00 1.247268867122990788e+00
3.509466514489917532e+00 1.120836914591819333e+00
3.495651834916583933e+00 1.210120716280771225e+00
3.507813684990222391e+00 1.095096989937354381e+00
3.500556426329017867e+00 1.182003442677473926e+00
3.525921803495374096e+00 1.077963277032384148e+00
3.513165912420803672e+00 1.153830034396845283e+00
3.547381387455964319e+00 9.166018200962210427e-01
3.519881612429989204e+00 1.108047507786732666e+00
3.521904317782795335e+00 1.074004080750003975e+00
3.502011097524420524e+00 1.194163191483461617e+00
3.492046558774216880e+00 1.230252977564649353e+00
3.553503712488942146e+00 8.666837609059344638e-01
3.483048893408707603e+00 1.202211348077124375e+00
3.533175519609437654e+00 9.711893572570405864e-01
3.515229643127021575e+00 1.081153080425300894e+00
3.523201257119254137e+00 1.100558251697380863e+00
3.482188638522893509e+00 1.175273046928232201e+00
3.513471501852963197e+00 1.153741838709497536e+00
3.547381387455964319e+00 9.166018200962210427e-01
3.522876162871728667e+00 1.038759164339855046e+00
3.536646412545816354e+00 9.971556578166149709e-01
3.531563906764354943e+00 1.027275694441639464e+00
3.514617482555560724e+00 1.079644139196096697e+00
3.515000258940303102e+00 1.097257358413230133e+00
3.515229643127021575e+00 1.081153080425300894e+00
3.513510700050230362e+00 1.084321650155508632e+00
3.487308343754821127e+00 1.253296591962955064e+00
3.519857351327717598e+00 1.038339095653080246e+00
3.529649104839120533e+00 9.877248530422556572e-01
3.486438006094539688e+00 1.197559261267088893e+00
3.502011097524420524e+00 1.194163191483461617e+00
3.507266910729162745e+00 1.210443806927734789e+00
3.514696422163373857e+00 1.194959053871517130e+00
3.496871571491604325e+00 1.240038034653176524e+00
3.514704158294498004e+00 1.096080870691470865e+00
3.491351701049643541e+00 1.211614167970928690e+00
3.510003105383518118e+00 1.181763359516140088e+00
3.516928450770895331e+00 1.182779944414514173e+00
3.489894701928766718e+00 1.240035078720985950e+00
3.502895714423035933e+00 1.172501209278270506e+00
3.500447322183641408e+00 1.157341319252037870e+00
3.515256470424500623e+00 1.162263297748133528e+00
3.521930630338258261e+00 9.690659960051541955e-01
3.523378130649671203e+00 1.158837261335313507e+00
3.512608073802534925e+00 1.112299614655276825e+00
3.519857351327717598e+00 1.038339095653080246e+00
3.520185934532799266e+00 1.123514270625653122e+00
3.510625809845222545e+00 1.222975228692317229e+00
3.530412441919567712e+00 9.605164649598212367e-01
3.504880833496290649e+00 1.070895095896648330e+00
3.483795327324239466e+00 1.312868039613539928e+00
3.513165912420803672e+00 1.153830034396845283e+00
3.489894701928766718e+00 1.240035078720985950e+00
3.514149041914482297e+00 1.158920648235930884e+00
3.501725170422647082e+00 1.191030283168449166e+00
3.530412441919567712e+00 9.605164649598212367e-01
3.510625809845222545e+00 1.222975228692317229e+00
3.496851505650331315e+00 1.186072997031649034e+00
3.502895714423035933e+00 1.172501209278270506e+00
3.517435452427629450e+00 1.124362286009743528e+00
3.536646412545816354e+00 9.971556578166149709e-01
3.533175519609437654e+00 9.711893572570405864e-01
3.513471501852963197e+00 1.153741838709497536e+00
3.519857351327717598e+00 1.038339095653080246e+00
3.510670831953017768e+00 1.107992883029031317e+00
3.520585323986258786e+00 1.030241464040878130e+00
3.505436703178165470e+00 1.196967964839282805e+00
3.525933907056787664e+00 1.051559256664927000e+00
3.485313066643202173e+00 1.226880516999886206e+00
3.491351701049643541e+00 1.211614167970928690e+00
3.487160453316105357e+00 1.353463398178474053e+00
3.499739010924915572e+00 1.115880748392049648e+00
3.484484714948584028e+00 1.249651914409457332e+00
3.506510506640098335e+00 1.169401248228845835e+00
3.518977319077858379e+00 1.194523347781382805e+00
3.493631271258816007e+00 1.313890049722776343e+00
3.523906685620084911e+00 1.039742588536638923e+00
3.491351701049643541e+00 1.211614167970928690e+00
3.493631271258816007e+00 1.313890049722776343e+00
3.515374708999535081e+00 1.119951025117166932e+00
3.491351701049643541e+00 1.211614167970928690e+00
3.514696422163373857e+00 1.194959053871517130e+00
3.522612423168789419e+00 1.045955829375909252e+00
3.518977319077858379e+00 1.194523347781382805e+00
3.482411213746306355e+00 1.182865732486088506e+00
3.505436703178165470e+00 1.196967964839282805e+00
3.500447322183641408e+00 1.157341319252037870e+00
3.496851505650331315e+00 1.186072997031649034e+00
3.524432927641618640e+00 1.084719851083953079e+00
3.489127070422247012e+00 1.280714944029014202e+00
3.547381387455964319e+00 9.166018200962210427e-01
3.519583580947692969e+00 1.168185012280783308e+00
3.507813684990222391e+00 1.095096989937354381e+00
3.507813684990222391e+00 1.095096989937354381e+00
3.528227651090824590e+00 1.045436640073424961e+00
3.519702529193383000e+00 1.134985472333148948e+00
3.527678704262649401e+00 1.043086545242818186e+00
3.522399100380648296e+00 1.009780155714881777e+00
3.493631271258816007e+00 1.313890049722776343e+00
3.510625809845222545e+00 1.222975228692317229e+00
3.483795327324239466e+00 1.312868039613539928e+00
3.510928122389863404e+00 1.203617261395430349e+00
3.518977319077858379e+00 1.194523347781382805e+00
3.512330156864831743e+00 1.100404988087323899e+00
3.512412283447806427e+00 1.134521996885901496e+00
3.535877754948451468e+00 9.986198978636834367e-01
3.492046558774216880e+00 1.230252977564649353e+00
3.507142645190388208e+00 1.155559561868461316e+00
3.494315683148852880e+00 1.156690736260416408e+00
3.523965656967924520e+00 1.069507928171624656e+00
3.493631271258816007e+00 1.313890049722776343e+00
3.518360286861041075e+00 1.066175464576335941e+00
3.545934164694554802e+00 1.027886256847316826e+00
3.557436332470987672e+00 8.935129263639809416e-01
3.519583580947692969e+00 1.168185012280783308e+00
3.501659524374399091e+00 1.178322880946328421e+00
3.532376364899529442e+00 1.026102774084491687e+00
3.505837656587535545e+00 1.114484400426940303e+00
3.513510700050230362e+00 1.084321650155508632e+00
3.522662757236671993e+00 9.800376796644525434e-01
3.521930630338258261e+00 9.690659960051541955e-01
3.546717455307922595e+00 9.417569597748899346e-01
3.532376364899529442e+00 1.026102774084491687e+00
3.506659965070200169e+00 1.170454550147981720e+00
3.514749218179718859e+00 1.103925551884350043e+00
3.537495938760793379e+00 1.070297930940516284e+00
3.531980042301159362e+00 9.534995703516234711e-01
