# level_assignment log_likelihood tiebreaker ID
0 -4.387130297543240711e+06 5.705923639736631969e-01 1
1 -1.029658740645273429e+04 7.503957073897433716e-01 1
1 -1.142854044332618651e+05 3.705074453991867856e-01 3
2 -2.189541705568992620e+04 9.470648863965891451e-02 1
1 -3.293427484272356196e+03 2.249365286253367513e-01 2
2 -4.898818646374668788e+03 2.398557792253161736e-01 3
1 -9.882303318954656424e+04 7.287295581466822492e-02 0
5 -8.114315392748870863e+02 5.486303595529131967e-04 0
6 -1.537651349883149408e+02 2.307331219052457527e-01 0
2 -7.023263874898631911e+03 3.308357566345409562e-01 4
1 -4.817782985910679417e+04 2.361376133197135574e-01 2
4 -9.265771484778696276e+02 8.357707567655418002e-01 1
0 -2.298545981958420947e+06 7.224502047185145381e-02 1
8 -9.329776851373024726e+01 3.248912939879469164e-01 4
7 -8.119486508281828208e+01 1.772802410621254765e-02 1
7 -1.153011049600758042e+02 5.184771728364179211e-01 4
5 -2.193242366657331672e+02 4.522549501853629916e-01 3
7 -9.091544866027504668e+01 8.854535423117807502e-01 1
6 -3.342779954520345882e+02 5.177790447836517762e-01 4
0 -3.944186907746109064e+05 3.120844551958577018e-01 1
3 -5.215245889510584675e+03 1.989472587380663737e-01 1
9 -7.742422579768954449e+01 3.998331550190148964e-01 2
2 -1.545205012273990724e+04 5.067136712221470551e-01 4
6 -2.618385303700302984e+02 4.403242434554393570e-01 3
8 -8.391252136751847956e+01 4.931883386614912546e-01 4
1 -1.031856018953398452e+05 8.189134064430484417e-01 1
4 -5.707604742292405717e+02 9.268212182274986333e-01 2
10 -7.732552859987706029e+01 8.548009288170902442e-01 3
11 -7.754587195849575210e+01 5.705202383197836014e-01 2
0 -1.694900993145596702e+06 6.298412465570186747e-01 2
10 -7.929956780454256204e+01 2.900336307170370276e-01 4
8 -8.208703676876187671e+01 3.094273941683746074e-02 2
1 -3.896209695985347935e+04 8.143536558423000171e-01 3
7 -1.431489572993669412e+02 5.994192598395593485e-01 2
14 -7.636132262870690113e+01 2.594491428733127769e-01 2
13 -7.649148463846006507e+01 2.651646579600972498e-01 4
14 -7.633213903997611283e+01 3.553544695299253320e-01 3
14 -7.633284792108145211e+01 9.222285295960424012e-01 1
8 -1.019804740972277415e+02 5.997882349613027353e-01 0
1 -3.642647891995312239e+04 9.059144159026053522e-01 1
11 -7.634644699709383531e+01 6.108190140592923978e-01 2
2 -1.992594167107978865e+04 2.792808820835084305e-01 2
0 -1.053117879730015527e+06 5.273911796377814820e-01 3
11 -7.762370081051062698e+01 7.828697285267969264e-01 0
11 -7.643987817270057405e+01 6.402549198868564551e-01 2
1 -1.947590919176416646e+05 1.304349917833227956e-01 2
15 -7.631728715549267861e+01 5.973896341025763945e-01 0
14 -7.631557777814516896e+01 3.646867308584678113e-01 1
0 -5.424309936006307835e+05 1.397906921565885696e-01 0
8 -9.981313776253537640e+01 6.116929630725957967e-01 2
18 -7.631570744126452155e+01 3.564875699606256942e-02 4
5 -4.455828584732454374e+02 7.380119851673017095e-01 3
11 -7.733916330343552659e+01 6.642271837262126999e-01 2
6 -2.902185058233706059e+02 3.930365265460460389e-01 2
16 -7.632070681677308244e+01 4.176802796955916275e-01 4
3 -3.851801009730558690e+03 1.209954951013256230e-01 1
11 -7.704583311489211894e+01 9.441919585448605989e-01 4
11 -7.742850318669377430e+01 7.970175446217502291e-01 0
11 -7.661535222463012929e+01 7.821551070508604431e-01 1
15 -7.633040378704784246e+01 4.184060490215131267e-01 3
20 -7.631492300416547891e+01 4.244974540516759931e-01 0
19 -7.631529690587342429e+01 7.080626569744521426e-01 1
7 -1.332061338756976170e+02 1.489342544716271977e-01 2
21 -7.631491034341868840e+01 3.875706979606672320e-01 1
14 -7.635033916480622906e+01 3.779633324044340270e-02 3
12 -7.674274090043516594e+01 1.987398312975963144e-01 2
15 -7.632403968514668691e+01 2.138471128950261146e-01 4
8 -9.142006077581648071e+01 1.397448765454298580e-01 2
15 -7.632185592978726163e+01 7.744030600782292328e-01 2
21 -7.631494008337512014e+01 8.742032884209732790e-01 1
22 -7.631491416334388589e+01 3.152293743872343623e-01 4
18 -7.631510255986464131e+01 7.408157113992351883e-01 3
19 -7.631523980449705391e+01 8.812519114244921070e-01 4
12 -7.645283606056361236e+01 2.914558526290349505e-01 1
5 -1.606920131253818909e+02 4.499597742497641883e-01 2
18 -7.631511979843065774e+01 8.153298917036947424e-01 1
16 -7.631514973399180235e+01 8.675674634169250332e-01 0
18 -7.631551956762369571e+01 1.337734549238289716e-01 4
24 -7.631489975720734265e+01 4.874134124112131650e-01 3
18 -7.631567865055689026e+01 3.171455571421966657e-01 4
16 -7.631914240354964818e+01 8.030915701514206306e-01 1
20 -7.631500266816246381e+01 6.521297198411453166e-01 0
16 -7.632000306883601581e+01 5.521106617212959700e-01 2
11 -7.753129819984329174e+01 4.183426458106070389e-01 3
9 -8.025202295624181659e+01 2.484139194247360349e-01 2
19 -7.631514350826003579e+01 6.310358074250288496e-01 1
18 -7.631585501162004448e+01 5.792485194527985382e-02 1
26 -7.631489959108623111e+01 7.740066591701981746e-01 4
7 -9.692291415739363458e+01 3.389608234431686351e-01 0
18 -7.631590007666659403e+01 6.659991866161197871e-01 4
26 -7.631489931400219007e+01 9.412456390654113658e-01 1
10 -7.757560261900269438e+01 4.079114507595082983e-01 0
18 -7.631584403641042513e+01 2.251250676582510490e-01 4
5 -3.462957425976024979e+02 4.217331883875186094e-01 3
6 -1.860409827175186024e+02 5.787227280584184008e-01 1
16 -7.632204748170559583e+01 7.600096794439071823e-01 0
17 -7.631770137087991657e+01 1.169447451775076363e-01 2
27 -7.631489938779861859e+01 2.618615541729713003e-01 3
28 -7.631489926376832500e+01 4.048849034850670048e-01 1
18 -7.631505289066930686e+01 4.369780610345284089e-01 0
28 -7.631489928839951631e+01 4.409032003671666811e-01 3
29 -7.631489927447373134e+01 3.695356963643566806e-01 3
8 -8.186464492493661282e+01 3.491401271812718532e-01 2
28 -7.631489930477418682e+01 2.621720284781883237e-01 1
28 -7.631489926845613070e+01 7.762015660623255986e-01 3
1 -6.856311580794266774e+04 4.625494407599390900e-01 2
27 -7.631489933511176105e+01 3.733490541155776166e-01 0
28 -7.631489929083156198e+01 9.963995937628471466e-01 2
29 -7.631489927229273462e+01 9.308483116075161323e-02 3
29 -7.631489926833361892e+01 5.418370886125902786e-01 0
27 -7.631489929396141747e+01 4.688074805610618068e-01 2
25 -7.631489970309809223e+01 5.515859366455126978e-01 2
26 -7.631489960230103975e+01 7.548680250744439491e-01 2
27 -7.631489938366280512e+01 5.382476084788253567e-01 4
23 -7.631490201122269923e+01 1.574294185111992928e-01 1
23 -7.631490334069258097e+01 7.878559065310626330e-01 4
27 -7.631489925866142698e+01 3.571063487366877842e-01 3
20 -7.631495933501543050e+01 4.969671543367857325e-01 1
27 -7.631489932133777643e+01 9.900027364526026163e-01 0
14 -7.632960229446601375e+01 4.264849367933129520e-01 4
27 -7.631489926250259259e+01 4.631199951645392776e-01 0
22 -7.631491097413460523e+01 7.872421766892473416e-01 2
12 -7.677156141593604843e+01 8.886036228081702903e-01 4
21 -7.631492084948757793e+01 3.772584232776878821e-01 0
10 -7.678406391226806704e+01 9.022435025645410001e-01 0
19 -7.631526570420393796e+01 4.832087226029307958e-01 4
16 -7.632213927312741930e+01 5.546554398278749076e-01 3
23 -7.631490680772880353e+01 9.446163201105255425e-01 0
2 -5.994795007639926553e+03 4.453377176344931465e-01 1
12 -7.660716761427900678e+01 2.890498936329928270e-01 0
25 -7.631490031070899249e+01 2.199314702348971196e-01 2
9 -8.598306323886075120e+01 2.171905389188808627e-02 3
18 -7.631564688837451627e+01 2.300817752315895692e-01 2
1 -1.326253045921325102e+05 6.693296296479936958e-01 3
13 -7.648344616070406232e+01 8.295789800236228473e-01 1
24 -7.631490176511437085e+01 8.976003364589731914e-01 0
24 -7.631490160820874280e+01 6.188012735945136455e-01 0
26 -7.631489926571902060e+01 6.179406769460833448e-01 0
5 -3.018349889109231299e+02 9.330750075873093241e-01 1
5 -7.526799667958546252e+02 3.499127841719181231e-01 1
16 -7.631534758312993461e+01 1.639308153932077516e-01 0
19 -7.631525397917522469e+01 1.480652459301663448e-01 2
25 -7.631489998543091247e+01 8.026389609344680709e-01 2
12 -7.672159335190099227e+01 4.283405596042222374e-01 3
22 -7.631490682766778377e+01 9.252536672591933353e-01 2
13 -7.637731612292051864e+01 7.859818430839006220e-01 3
20 -7.631495208633491245e+01 2.572623722372887611e-01 1
27 -7.631489930777982522e+01 8.953185486804624560e-01 4
8 -8.455257471515307088e+01 6.015407107737786863e-01 1
24 -7.631490221931400697e+01 2.132835110891011243e-01 2
17 -7.631540768918176809e+01 9.052792706799823730e-01 1
21 -7.631494967211938274e+01 3.523984035308131979e-01 2
2 -2.443754721976413202e+04 6.045773620588503761e-01 0
1 -4.569685219112476261e+03 9.922204704175641155e-02 0
5 -1.271041763893721708e+02 5.706004933403177048e-01 2
8 -7.803394862494302231e+01 9.050005308000810267e-01 4
3 -2.625893400756580832e+03 4.116597088029578799e-01 1
29 -7.631489926985489092e+01 8.032203966690532049e-01 4
18 -7.631519203389868267e+01 7.753172793241458471e-01 0
16 -7.631804819594864853e+01 3.768174615933910232e-01 1
21 -7.631492165696944596e+01 9.588256253626917247e-02 0
17 -7.631565058290291859e+01 6.102618779500518925e-02 1
15 -7.632498694690738716e+01 9.924876725906692787e-01 0
28 -7.631489927844530996e+01 7.373907306186651134e-01 4
13 -7.633683295630940790e+01 9.810572907605292770e-01 3
1 -5.632281183493148092e+03 5.027127896174461430e-01 2
0 -1.307358276196115650e+06 6.481332710592142554e-01 0
9 -7.702283402753678843e+01 8.025517702114530749e-01 3
7 -1.103056546369870006e+02 5.711727409878211148e-01 2
7 -8.075709906518831360e+01 3.372844906127837605e-01 3
21 -7.631494734864875795e+01 2.625580129286841369e-01 0
14 -7.633205705023037524e+01 9.065211358849771806e-01 4
21 -7.631492278053843847e+01 3.842111417922827177e-01 1
27 -7.631489927217907621e+01 3.890290909334583325e-01 2
16 -7.632091999216130773e+01 5.210484809786696259e-01 3
18 -7.631512687231318637e+01 7.619570604672670777e-01 1
6 -2.255922786511162883e+02 5.843119266596672468e-01 3
23 -7.631490516040977923e+01 3.531939481642654144e-03 2
27 -7.631489930827584089e+01 7.586826771821186810e-02 0
28 -7.631489925670697971e+01 2.100513981450415901e-01 2
8 -9.734055670482979394e+01 6.736734924269915936e-02 3
23 -7.631490021910104815e+01 2.312706053085467062e-02 0
6 -2.086351564845280961e+02 2.210730464322416822e-01 4
20 -7.631493997253731720e+01 1.197234301634395592e-01 4
12 -7.660397264347182045e+01 6.646754085424313452e-01 1
0 -1.325397983129982837e+06 4.500450480708284018e-01 2
17 -7.631641439827848217e+01 4.816992860927010733e-01 0
15 -7.632852166267915095e+01 5.756782128840971513e-01 0
11 -7.688992391031474938e+01 6.458286360943927829e-01 4
21 -7.631492013483253345e+01 9.397632142186708171e-01 3
29 -7.631489926070422314e+01 1.587824571265940010e-01 3
25 -7.631490004363084267e+01 1.939877490028459328e-01 2
15 -7.632982523058205970e+01 5.501664586614951613e-01 3
7 -1.564816284797352353e+02 1.261546518306957410e-01 4
28 -7.631489928284628377e+01 9.286854812772774581e-01 0
23 -7.631490491721686453e+01 4.460001394855842571e-01 3
11 -7.745492488955628119e+01 1.586041768074085423e-01 1
4 -1.363919205018278831e+02 5.385959530370678650e-01 1
15 -7.632926780519710519e+01 6.814771938977686183e-01 3
9 -8.266621822781607420e+01 6.983023849057024002e-02 2
2 -1.813263249467916103e+04 8.033788350439283188e-02 0
6 -2.244964381125551256e+02 6.707439640624760502e-01 1
10 -7.651081152330993973e+01 1.241987072691844718e-01 0
15 -7.632971412112715370e+01 7.650608430188992060e-01 2
21 -7.631490157085639225e+01 9.702403027354762344e-01 3
2 -2.182774717186885027e+02 6.708081578989849580e-01 0
12 -7.652744267849021753e+01 7.413705649012397592e-01 0
9 -7.993374294839405536e+01 6.656667751764971941e-01 1
12 -7.649911774333556025e+01 7.668968482803399933e-01 2
26 -7.631489956197967217e+01 1.692416715385117731e-01 4
27 -7.631489929659797156e+01 7.552314383568087264e-01 0
13 -7.640765111784236296e+01 6.581485717382196121e-01 3
8 -9.867422639329141987e+01 5.135506920783579066e-01 3
2 -1.632629391251315974e+04 9.830667407260059720e-01 1
2 -2.423478470301842390e+04 8.274971039575098608e-01 2
1 -1.580278783339943329e+05 9.190576521186576420e-01 4
26 -7.631489926559402193e+01 3.066817893203164225e-01 1
24 -7.631490072519741830e+01 8.588994447364508567e-01 3
26 -7.631489974714024527e+01 1.277805896558914913e-03 3
19 -7.631527361628548078e+01 7.989847153942468694e-01 3
22 -7.631491588470586862e+01 9.637393288853814965e-01 1
11 -7.663565567110400423e+01 2.239246990626876654e-01 3
19 -7.631509438481745633e+01 8.583569698995070496e-01 2
14 -7.631867882687633653e+01 3.526888557382945599e-01 4
9 -8.129072449021437308e+01 7.313503579793104725e-01 3
16 -7.631783049585627055e+01 4.873144738143537769e-01 0
9 -7.802108149896204736e+01 8.290693339373490511e-01 2
17 -7.631533942333049936e+01 9.147363199741729289e-01 4
5 -7.380471773110308504e+02 8.153219361467525239e-01 3
18 -7.631569298250170164e+01 2.345245222512617467e-01 2
24 -7.631490218019135341e+01 7.601495989797584230e-01 4
1 -2.176485421238960407e+04 2.077533062325374047e-01 3
11 -7.738882241144560226e+01 2.317328877954478727e-01 2
16 -7.632130986914023651e+01 9.486531830695590362e-01 2
4 -1.578325186490061014e+03 3.147237505997835250e-01 1
27 -7.631489926518960942e+01 8.285809615508884507e-01 3
2 -1.790444034518510307e+04 7.819419841293120399e-01 4
18 -7.631597613230221100e+01 7.886557462116344785e-01 0
10 -7.869981446169487072e+01 5.640562334377250409e-01 2
24 -7.631490009743515657e+01 4.500226291892805430e-01 2
7 -1.018110437033503217e+02 8.008424491820701485e-01 4
5 -4.788193835432259675e+02 6.517400811110043435e-01 3
8 -7.822214826637107876e+01 6.920341613392945457e-02 0
20 -7.631501407181595198e+01 5.211715698811417719e-01 4
9 -8.291009946985755619e+01 8.809639043950285853e-01 2
3 -1.096167744002045310e+03 6.994031204081255781e-01 3
3 -4.069292176982249202e+03 8.213288792165818197e-01 0
11 -7.751640194086493807e+01 5.146592131818515936e-01 4
22 -7.631491508087506759e+01 3.649429730406001937e-01 2
26 -7.631489963202179183e+01 9.536712494599727252e-01 2
16 -7.631813804381775412e+01 4.043469414676689189e-01 4
24 -7.631490156547560844e+01 8.742186159937346268e-01 2
27 -7.631489931445787533e+01 8.384211716992373553e-02 3
22 -7.631490700108959402e+01 7.333869987575539762e-01 0
12 -7.678551564184573408e+01 7.059464279696545663e-01 2
21 -7.631489971408117867e+01 7.156323880005439619e-01 1
28 -7.631489929826000207e+01 7.584818534000081769e-02 0
22 -7.631490631157585369e+01 5.331811974372770990e-01 4
6 -2.588088719574594734e+02 3.149181162576963899e-01 4
20 -7.631493951733249048e+01 5.430501181952120948e-01 1
3 -2.429354497786867796e+03 1.208294837224168639e-01 3
29 -7.631489926514066724e+01 2.622294669916693799e-01 0
4 -5.657941551225648027e+02 5.765376738311008692e-02 2
19 -7.631503340950982306e+01 1.296353852081866265e-02 3
12 -7.669593089150474441e+01 4.622914376248132839e-02 2
8 -1.060033095566480341e+02 2.134022721141809187e-01 0
17 -7.631651833534158413e+01 7.892147798142534754e-01 3
14 -7.637614978925870446e+01 8.974834372469170374e-01 0
15 -7.632695339866788231e+01 1.260769561559342833e-01 0
20 -7.631502347470251379e+01 7.468514137597637159e-01 0
22 -7.631490782915835780e+01 9.466870087966747782e-01 3
6 -2.505570975575527370e+02 7.853918363222633925e-01 4
18 -7.631575168777064277e+01 4.067137269652257858e-01 1
6 -1.100434728580241170e+02 7.767425859102026209e-01 0
20 -7.631501443054068545e+01 7.024786900018877844e-01 3
26 -7.631489968330323848e+01 2.209963915681454338e-01 3
22 -7.631490311305314833e+01 2.382944040350182813e-01 4
21 -7.631492419670581739e+01 8.111153776944576288e-01 1
1 -7.239932219423084462e+04 2.018185742715772057e-01 4
15 -7.633037410292106983e+01 1.497313211940021205e-01 1
24 -7.631490167297265259e+01 4.892322214060814689e-01 2
29 -7.631489926563588710e+01 3.570210920336385207e-01 4
25 -7.631489938792070404e+01 9.964928021966296123e-01 0
2 -6.240609897968442056e+03 6.356420246100831228e-01 2
16 -7.631491066045607852e+01 5.791804637499402553e-01 0
13 -7.642851086639527125e+01 8.377073669814739665e-01 0
23 -7.631489930377964015e+01 6.745982831181770445e-01 1
27 -7.631489936680617348e+01 4.688519310955635011e-01 1
1 -7.996996833419842005e+03 4.840905463958095067e-01 4
11 -7.738942877604169723e+01 1.781534935562087973e-01 4
13 -7.637757004957498452e+01 9.296684817644951249e-02 4
10 -7.881698252434549090e+01 3.968223939871536321e-01 0
2 -2.075422346574436233e+03 9.314686405421890303e-01 1
22 -7.631490053898409087e+01 3.399159854833326833e-01 4
16 -7.631605205926851454e+01 2.725007711493747653e-01 2
3 -2.982926768709486169e+03 6.465619383905724105e-01 1
20 -7.631492493900209695e+01 2.526471987230033411e-01 1
11 -7.718765445550013737e+01 6.156590884939985853e-02 0
1 -4.277499126250044355e+04 7.254376790197709923e-02 2
23 -7.631490085711725158e+01 2.133515102211163139e-01 3
15 -7.632606632396428381e+01 1.296430839085962461e-01 2
25 -7.631490010648376199e+01 1.460801618638374599e-01 0
17 -7.631744687231761759e+01 4.197092277379894654e-01 1
6 -3.302871551407655488e+02 4.357177155321142470e-01 4
19 -7.631522681120668494e+01 5.590514535682492570e-01 2
10 -7.657507922808278522e+01 3.574091963428771557e-01 4
6 -2.772721498996582454e+02 6.799183297456382613e-01 2
6 -3.016883428987375737e+02 4.350389326420760483e-01 3
5 -1.663323380711212565e+02 5.024223675065846439e-01 0
5 -4.763721554963921108e+02 5.400243213157054911e-02 3
14 -7.636732264079773813e+01 1.489532601606703699e-01 0
17 -7.631745724410239973e+01 4.513334635245257465e-01 0
23 -7.631489976157786259e+01 4.108448033989171577e-01 3
14 -7.634759966698726430e+01 6.083848490891187177e-01 4
16 -7.632110377699926573e+01 9.365102548626476064e-01 1
12 -7.643999270654514078e+01 3.531170783292938986e-01 0
8 -7.665854845172236764e+01 6.011705493167696090e-01 0
29 -7.631489925846173605e+01 8.611750438371869043e-01 1
4 -2.898915106018999950e+02 1.716568106281794459e-01 3
3 -4.855908094987307777e+02 6.535339752144303516e-01 2
15 -7.631731801855025310e+01 6.331920620285422796e-01 0
21 -7.631493340253450697e+01 6.426379789452358882e-01 0
8 -8.166480448948337312e+01 2.591916144767338892e-01 4
27 -7.631489932958768918e+01 9.157360496309894238e-01 2
13 -7.634963632656680943e+01 2.141800460008015383e-01 3
10 -7.895076981829153340e+01 7.429477920837692650e-01 4
13 -7.633863293138095685e+01 3.820488062938726670e-01 1
11 -7.698817459969933452e+01 5.481601232434067938e-01 1
23 -7.631490558695251991e+01 2.566030545460609158e-01 4
9 -7.909626468214869988e+01 1.752236004908397926e-01 3
16 -7.631544208665181372e+01 2.007183901357038336e-01 0
26 -7.631489960921084048e+01 2.654909734715715786e-01 0
13 -7.645915353628120670e+01 2.757835969676183940e-01 3
26 -7.631489945974819022e+01 4.786142421853409878e-01 4
7 -1.067421559919982172e+02 6.158240933437590936e-01 2
21 -7.631490305275602282e+01 2.224216240663512423e-01 0
8 -9.331529707060279577e+01 4.128708965251169927e-01 3
28 -7.631489930291317592e+01 7.130071671437816505e-01 1
13 -7.634766125915194834e+01 1.861923182613667294e-01 3
2 -7.811501747407492985e+03 5.891640891470819111e-03 4
9 -8.553102766629392306e+01 6.643659540634254679e-01 2
13 -7.632991447901449078e+01 8.156807448354108647e-01 1
20 -7.631500158369971132e+01 7.773291264274608814e-01 0
20 -7.631500412718611415e+01 7.132658942852287964e-01 3
14 -7.635182624096653115e+01 2.565286194593241476e-02 1
21 -7.631491044186638817e+01 4.783577584054756748e-01 3
10 -7.949171189286272465e+01 1.042126966728327275e-01 1
10 -7.939954806609031834e+01 1.246805103224315758e-01 2
10 -7.664070482327907996e+01 7.074493458324543349e-02 1
20 -7.631492676162582711e+01 7.410300573580441696e-01 0
29 -7.631489925687716891e+01 7.277892273485694341e-01 4
6 -3.200400069639067624e+02 4.578421650375918972e-01 4
23 -7.631490028262297187e+01 2.695968833575771995e-01 3
22 -7.631491613301915322e+01 9.904019476949470491e-01 3
0 -8.979842289595690090e+03 5.571179493705282759e-01 4
20 -7.631502900978728121e+01 9.842751596771794897e-01 2
8 -9.959393445136872458e+01 5.268430715095636652e-01 4
29 -7.631489927457138833e+01 9.224938186322750866e-01 0
10 -7.665708591989860565e+01 4.817027049054563026e-01 1
15 -7.631547052034235890e+01 7.494795684932201718e-01 1
17 -7.631693959920883685e+01 5.981727942971889478e-01 4
16 -7.631833854694016850e+01 4.957670658776687223e-01 4
29 -7.631489926496712428e+01 6.570700697258997636e-01 3
24 -7.631489930609706107e+01 3.298317768659577709e-01 3
16 -7.631547990335737097e+01 7.205885461541725601e-01 0
29 -7.631489926977204163e+01 7.845728340981059645e-01 3
13 -7.637900553783870805e+01 1.064635935404745770e-01 2
25 -7.631489956655647688e+01 3.987438313117114830e-01 3
6 -1.141817436156332661e+02 6.360675333259826481e-01 1
19 -7.631496187409837262e+01 5.203713473217228547e-01 0
12 -7.652387836360875895e+01 7.456731993875984621e-01 4
9 -8.081055124195671624e+01 4.353123823818093596e-01 3
8 -8.826991784470484959e+01 4.538865205169820283e-01 1
19 -7.631499511709984063e+01 5.695240488543427126e-01 1
8 -1.069928146092633057e+02 4.738888251477888502e-01 4
18 -7.631598427520540895e+01 8.889082364363609656e-01 1
24 -7.631489991867354661e+01 1.191983622693421063e-01 2
23 -7.631490405356579743e+01 5.140901612782868835e-01 0
16 -7.631782130352327442e+01 4.154281686648175764e-02 0
16 -7.631988355089687559e+01 3.535204687650237987e-01 1
28 -7.631489925645064432e+01 7.305875151179296312e-01 2
9 -7.763638344164063199e+01 1.559611466596743656e-01 0
2 -5.370014118239044365e+03 9.999829472430394883e-01 0
14 -7.635057265848837460e+01 4.770038864186476602e-02 1
15 -7.632307964256902721e+01 2.887036191568754240e-01 4
6 -2.366063269318595985e+02 3.233392136894537305e-01 3
13 -7.631963830805483440e+01 5.501014886371112800e-01 4
27 -7.631489940317965193e+01 2.706541310476007212e-01 1
19 -7.631503576192547200e+01 7.600135263250462625e-01 0
2 -6.136811285968005905e+03 3.639601204935010159e-01 3
0 -5.589097393552074209e+05 9.027299431556912168e-02 2
1 -2.125853014194986827e+04 4.889233867538820277e-01 2
8 -1.071636430618129054e+02 3.307193774832704047e-01 1
5 -7.476782052806978527e+02 6.041626810165168227e-01 1
23 -7.631490544357245653e+01 1.042831957196870551e-01 4
25 -7.631489998854706869e+01 8.216671788992999659e-01 4
25 -7.631490022144527074e+01 7.868101163278427013e-01 4
16 -7.632206055681972146e+01 2.385108111252812468e-01 4
7 -1.214850453516151703e+02 2.971774765376356542e-01 4
1 -8.971846459891172344e+03 2.575307076448706267e-01 3
9 -7.923627812696608430e+01 8.649643691552567626e-01 3
8 -9.521178185811841388e+01 2.492387442679593890e-01 0
17 -7.631690016386559705e+01 2.779937779908507878e-01 1
6 -2.509383761616016102e+02 5.735282300752289064e-01 4
16 -7.632068489470945849e+01 3.438220718837334267e-01 4
8 -1.058375109630946724e+02 6.409248112527814456e-01 3
14 -7.637010014020140147e+01 9.742197630393302221e-01 4
18 -7.631604048269113605e+01 9.814428817047159415e-01 0
3 -1.259225892790493390e+03 4.581083926881923674e-01 0
17 -7.631592368424674078e+01 5.185703990253720530e-01 4
20 -7.631495497408775464e+01 9.029162842912699105e-01 3
17 -7.631583571320518899e+01 5.471821172502728814e-01 0
29 -7.631489925969754040e+01 5.038199481658802714e-01 1
24 -7.631490134973833506e+01 8.920599347850594052e-01 4
27 -7.631489925746646463e+01 7.452776026212034610e-01 1
21 -7.631495494913892230e+01 7.447675027837732387e-01 1
21 -7.631491815918830923e+01 7.051727256907247554e-01 1
9 -8.231519699896698228e+01 6.899465188214116695e-01 2
23 -7.631490220479886943e+01 2.055247978660438291e-01 4
13 -7.643122183284083349e+01 6.083871955154136479e-01 2
20 -7.631496495901178889e+01 5.147278502225474117e-01 1
13 -7.647112873493588836e+01 8.393115122687780927e-01 1
5 -1.259299952390731647e+02 1.594705412775340725e-01 3
29 -7.631489925811180797e+01 1.736159975595614746e-01 1
29 -7.631489926783575584e+01 2.486187618189207235e-02 4
21 -7.631493280139602575e+01 5.540575532331157849e-01 4
15 -7.632692618479259750e+01 9.736302661483243748e-01 2
7 -1.159424061276090328e+02 1.299139296172384661e-01 1
1 -1.085330109870030428e+05 3.386650352594915425e-01 2
3 -1.412698963625059605e+03 4.210276189583541107e-01 2
18 -7.631586312940189032e+01 3.477674873677045753e-01 2
28 -7.631489928767516062e+01 5.711954989319869558e-01 2
10 -7.820480067424594495e+01 4.448755082343345268e-01 2
2 -2.558093552850842389e+04 2.252109303810468921e-01 0
4 -5.719699101227771507e+02 5.991614836969427760e-01 1
19 -7.631497741620981401e+01 2.445871182129681631e-01 0
16 -7.632132286618329431e+01 8.299554388238549185e-01 3
22 -7.631491789149839633e+01 2.068112280975787365e-01 4
10 -7.761337499335860457e+01 5.170651568804380815e-01 2
20 -7.631498666802730213e+01 8.783731562046597219e-01 0
29 -7.631489926698247928e+01 6.535373767730467964e-01 2
24 -7.631489999845332761e+01 2.996732169243117028e-01 2
12 -7.635585468321269786e+01 2.169562986310396013e-01 0
26 -7.631489937842881943e+01 2.542568003389931164e-01 3
21 -7.631493378497961544e+01 8.645802566128955036e-01 2
17 -7.631564557172927721e+01 7.221102231003204697e-01 2
6 -3.033513969935356727e+02 6.916229280655805667e-01 2
15 -7.632390183112988780e+01 5.479319150927581816e-01 4
10 -7.729681380460033324e+01 6.381730998217347572e-01 2
28 -7.631489929826832963e+01 2.983382842914061306e-01 1
21 -7.631493146091858648e+01 7.507393623542810701e-01 1
9 -7.675250366009612435e+01 7.485668111032270922e-01 3
22 -7.631491781769345550e+01 6.617614512828605688e-01 4
24 -7.631490203434938735e+01 5.919955247979827861e-01 0
23 -7.631490089499231999e+01 9.475219713557971879e-01 1
16 -7.632063595856206462e+01 3.688245369162866938e-01 4
27 -7.631489933483123878e+01 4.570872044846670534e-01 2
5 -1.794651188965428332e+02 4.136915794001183588e-01 0
17 -7.631655719894149570e+01 6.837175678532572132e-01 1
6 -1.899447500501225079e+02 2.282309439113071603e-01 0
7 -1.433582447122287249e+02 4.139519748219164796e-01 0
20 -7.631493027393759121e+01 1.654676212142693892e-01 4
11 -7.632545072352817783e+01 7.334193171544124423e-01 1
1 -9.218857213250923087e+04 1.921439797294692831e-01 4
22 -7.631491707783632705e+01 1.801740686767988944e-02 2
19 -7.631494644020314411e+01 3.450490388116893570e-01 3
29 -7.631489925871078128e+01 7.005496150658646615e-01 0
13 -7.646861216928056137e+01 4.077903807303484562e-02 1
6 -2.149138890768182080e+02 7.196164327210530232e-01 2
12 -7.650775512879525309e+01 4.789485049230304270e-01 0
8 -8.438841903387324805e+01 2.163670158388889819e-01 1
0 -2.383092823498341750e+04 5.599246059234619377e-01 1
14 -7.635028011938985060e+01 8.372555996725805638e-01 1
6 -2.717149456743828750e+02 3.780430691074269656e-01 0
9 -7.975589582173404324e+01 2.938633811303613119e-01 3
12 -7.634564250957811282e+01 5.588435003882435970e-02 3
10 -7.664105471886790610e+01 8.744613426218696972e-01 2
12 -7.666241703091350246e+01 1.861950195895314408e-01 0
9 -8.358488299616331574e+01 6.731284616089183714e-02 2
15 -7.632700076155040847e+01 8.072176166725242297e-01 4
24 -7.631489998481031023e+01 8.322438308964574816e-01 3
11 -7.728308337659370864e+01 1.204853620741170583e-01 2
13 -7.645629480867991390e+01 8.674171804926708029e-01 3
4 -9.423260137045762121e+02 5.057453689561981491e-01 3
8 -1.034630148800943488e+02 4.855762859914420915e-01 4
20 -7.631501710673052230e+01 6.063310597489380838e-01 3
26 -7.631489973455580866e+01 1.719357893420747282e-02 2
14 -7.632778187918037816e+01 3.386146524163817784e-01 0
21 -7.631492670893356944e+01 3.449234485768418734e-01 0
20 -7.631501375453883895e+01 9.919718303518862967e-01 0
27 -7.631489933412929361e+01 2.498835386588389440e-01 4
16 -7.631874023824779840e+01 7.990104910493032175e-01 2
6 -1.425782557676101590e+02 5.912349803467804588e-01 4
10 -7.642685800545200436e+01 4.091447710155687312e-01 2
8 -8.290153304128142508e+01 1.162737147669492127e-01 0
7 -1.017831176253081082e+02 3.289929181489203991e-01 2
6 -1.442941744078873967e+02 6.213602795920913913e-01 1
13 -7.647002132083861170e+01 4.133403482296426068e-01 4
0 -4.150412494830579817e+04 1.882746708552649473e-01 0
16 -7.632017372459179683e+01 4.326064217005344270e-01 4
15 -7.632096185759354512e+01 6.438031340054858331e-01 3
28 -7.631489926474563390e+01 2.696231872291363629e-01 4
27 -7.631489935421953419e+01 3.613985930239720368e-01 0
24 -7.631490104107385264e+01 6.938364774790442002e-01 3
24 -7.631490161108530401e+01 7.371406043728598867e-01 3
5 -6.535337869397454824e+02 4.858280342948215202e-01 1
8 -9.276686651494421199e+01 5.940773999830104568e-01 2
5 -4.830987598248382255e+02 1.965734548609002763e-01 0
2 -1.787878672405717953e+04 3.153628322505253045e-02 1
5 -8.280388220456040926e+01 1.267843934732699462e-01 0
1 -8.736630644791373925e+04 4.735248959898512022e-01 3
11 -7.638558033376710910e+01 3.126880337316361169e-01 3
6 -1.131183093505765669e+02 2.470211744874211135e-01 1
25 -7.631489986990274588e+01 8.995353211081522637e-01 4
29 -7.631489926185662398e+01 6.149989933733909231e-01 1
12 -7.655719438720421977e+01 9.149573004007043320e-01 4
28 -7.631489929490930990e+01 8.231533967518377404e-01 1
1 -2.104208937446404889e+04 4.862487941692996696e-01 3
12 -7.674239555677925750e+01 4.029907430469657492e-01 0
29 -7.631489927350574476e+01 8.729660008678745697e-01 4
18 -7.631522139583394448e+01 2.237276318130190234e-01 4
7 -9.213919085936279885e+01 5.753263081616104557e-01 4
3 -1.981732444738845970e+03 3.628835002424941891e-02 2
3 -2.849169024904177604e+03 6.349193660748446710e-01 0
17 -7.631676067632079707e+01 7.300527108514316410e-01 2
13 -7.632881468389177826e+01 6.958330612969465534e-02 3
21 -7.631491474589830659e+01 9.441720424772400699e-01 3
12 -7.636026229737261417e+01 3.485839276721787727e-01 2
21 -7.631494206697732352e+01 6.219576334055376687e-02 0
29 -7.631489926400310253e+01 4.719626152416946385e-01 4
20 -7.631495017399714698e+01 1.668506371859397319e-01 1
12 -7.663696796537603007e+01 7.561010184558725200e-02 4
0 -1.061345949983754399e+05 4.925446903856489644e-03 4
24 -7.631490118236385456e+01 6.587172848054207996e-01 0
15 -7.632963094690069283e+01 1.851791415745321634e-01 2
28 -7.631489927858571320e+01 2.699765043155331057e-01 3
4 -1.043116107930699883e+02 9.078725279316698371e-01 2
14 -7.637782450933561051e+01 5.510050604971269417e-01 0
4 -1.126977565918635378e+02 9.106924438760570784e-01 4
5 -2.798483567593440284e+02 1.695347354869063683e-01 0
12 -7.655538114125216964e+01 3.005768410296236898e-02 1
16 -7.632071777981528271e+01 5.435467987913874394e-02 0
11 -7.655861783486223260e+01 8.094848241837391267e-01 3
26 -7.631489964304338969e+01 5.366324658893394384e-01 0
15 -7.632742132863351969e+01 6.233628068163770131e-01 3
13 -7.646878547694645079e+01 8.731471557205204848e-01 1
15 -7.632099069304700834e+01 7.184845689216028397e-01 0
7 -1.041322315363810276e+02 4.689702750552036670e-01 0
25 -7.631490022858631050e+01 7.404324509474380367e-01 1
17 -7.631549293059251227e+01 5.493905144648891792e-02 2
12 -7.676499627728665587e+01 3.626973840231004775e-01 0
5 -1.485866689276400052e+02 7.679029995687343124e-01 4
22 -7.631490460696129219e+01 3.868640583060696247e-01 1
6 -1.196187208681929093e+02 2.549821336604960464e-01 2
18 -7.631541614046346922e+01 3.961997988675051152e-01 2
17 -7.631773636429068119e+01 3.935272375841891157e-01 1
10 -7.641366729454291828e+01 6.963060482811513907e-01 3
29 -7.631489925648827466e+01 8.810213961948674122e-01 1
1 -3.788357443932874594e+04 1.436335417967311567e-01 0
26 -7.631489952379500608e+01 5.580760307926599939e-01 1
6 -2.170431830745975503e+02 3.444635148953050785e-01 3
24 -7.631490189098356325e+01 1.527650178608051523e-01 1
27 -7.631489939124378452e+01 3.363830771487907323e-01 3
13 -7.631801915376202317e+01 1.861680616697558577e-03 1
27 -7.631489935137400948e+01 7.268604130838535182e-01 2
21 -7.631494359088716806e+01 8.217099201421707022e-01 2
27 -7.631489926588086803e+01 6.639628509701192005e-01 2
7 -1.216928436427849363e+02 9.948272895005381145e-01 1
17 -7.631658814065161778e+01 4.788030336219951111e-01 3
26 -7.631489930090022256e+01 4.036665528701579575e-01 2
2 -2.021405373249583863e+04 8.259628559181581009e-01 4
1 -1.395929482611794811e+04 9.565616069016993350e-01 4
4 -1.922571922050005924e+03 5.955542365327484156e-01 2
5 -6.754712511537667297e+02 5.732730288071468117e-01 2
9 -8.295700454080539998e+01 7.426924027586527810e-01 4
5 -1.324995463766498460e+02 2.382606443975127108e-01 4
8 -8.121770294195150086e+01 3.854819376125906416e-01 0
7 -8.098631758233003097e+01 9.830385153342210414e-01 1
14 -7.632297315820630956e+01 1.928227438905558699e-01 0
16 -7.632253547185223397e+01 8.135748838991643250e-01 0
19 -7.631509136411426653e+01 8.935406571429589384e-01 2
7 -1.434085868973905917e+02 5.959356316543105159e-01 4
27 -7.631489933744296650e+01 3.459829237429719040e-01 0
0 -1.320338321071733022e+06 5.024331520164454501e-01 2
10 -7.887644450119380224e+01 4.011525037845109498e-01 2
13 -7.633055290271468607e+01 3.460614128049866595e-02 2
1 -1.971105610550740676e+04 5.802834911643728333e-01 2
2 -1.854304415668985166e+04 2.905236457519804194e-01 1
23 -7.631490552748908840e+01 6.089876177439426108e-01 0
9 -7.916062688848631979e+01 4.000407773484138119e-01 1
2 -4.657596215855779519e+03 5.019913218893048423e-01 3
25 -7.631489962002220295e+01 6.714083308985424603e-01 4
21 -7.631492081260904570e+01 2.281489307004371248e-01 0
22 -7.631491397428295897e+01 9.919068278726181909e-01 1
23 -7.631490410005440594e+01 5.448336823722552680e-01 4
28 -7.631489928430281111e+01 2.639963492993047112e-02 0
7 -1.022610923804470104e+02 5.072246690025521421e-01 3
28 -7.631489929707284148e+01 2.086359649154667650e-02 0
5 -4.796172334374092543e+02 8.230513289732763749e-01 3
12 -7.633303220976964099e+01 6.232509827720749129e-01 1
27 -7.631489940656743443e+01 4.881680755878995970e-01 2
19 -7.631511441607788981e+01 1.469656866797442729e-01 0
27 -7.631489934737004432e+01 6.349000271972532472e-02 1
5 -3.904607623103203196e+02 7.117335929953556573e-01 3
16 -7.632079016715265141e+01 2.585247971749290441e-01 0
19 -7.631517591323972738e+01 6.388997366964739300e-01 4
28 -7.631489927037037546e+01 2.326792201682046368e-01 4
7 -8.465116689849469367e+01 8.870233785045604780e-01 1
1 -1.689315155587781046e+05 2.324959147943345683e-01 2
2 -1.581970246709702769e+04 4.197721147883423098e-01 0
25 -7.631490013088887281e+01 3.861417630216609220e-01 1
18 -7.631523657336271071e+01 1.441622201261765213e-01 3
16 -7.631775916278454019e+01 5.450973987574031510e-01 1
2 -1.308664913118690311e+04 2.513906198072604070e-01 4
10 -7.671199215627760282e+01 4.600122497902653373e-01 3
15 -7.632321064910388486e+01 8.809604916522650875e-01 3
19 -7.631515210968167651e+01 3.706288872826926095e-01 0
25 -7.631490043011640978e+01 5.925053342526077627e-01 2
20 -7.631501052569242916e+01 3.551871768697174581e-01 1
17 -7.631523904959271931e+01 7.758695657485241703e-01 4
21 -7.631491788459298675e+01 1.813865069573150635e-01 3
5 -8.845678386085936040e+01 1.941558949411259505e-01 0
20 -7.631492082662030896e+01 5.225060784671656799e-01 1
18 -7.631571223014302063e+01 2.882441468208220003e-01 0
8 -1.039084864308946692e+02 4.924474440859158419e-02 0
28 -7.631489929650572890e+01 5.533081163310669126e-01 2
7 -7.777364972715952263e+01 1.401269216609275226e-01 4
6 -8.624347023361488596e+01 6.551877778295183141e-01 1
25 -7.631489931420767903e+01 7.335626059750133265e-02 3
12 -7.680111859502898142e+01 6.371269524911405968e-01 0
2 -9.819923554762952335e+03 7.114150919449229171e-01 2
21 -7.631495136966225346e+01 6.615984755685389018e-02 4
27 -7.631489932834054457e+01 3.523187390837625443e-01 2
13 -7.643064885023503052e+01 5.074658755042316116e-01 1
27 -7.631489937000941381e+01 7.890508288521926872e-01 2
6 -3.200721781536984736e+02 9.190520779491005710e-02 1
17 -7.631751220116933609e+01 9.640122272916038515e-01 1
0 -9.866203009031921101e+04 5.375415916799117788e-01 3
3 -1.553586091761042780e+03 9.013932589674467089e-01 0
10 -7.771481916516407296e+01 2.881656973728285998e-02 2
6 -2.152521674854258720e+02 1.922957394581761292e-01 2
7 -8.031944157616747759e+01 8.167940907281132645e-01 2
18 -7.631581594661108170e+01 7.464154620016636432e-01 4
15 -7.631991598793840126e+01 9.769500934614026022e-01 2
20 -7.631496492121563335e+01 5.654593353366835773e-01 3
7 -1.605835230070885586e+02 3.811901119186735798e-01 4
6 -7.914297306452161251e+01 5.319976264631617324e-01 0
3 -4.928975362257589040e+03 1.612609566984932741e-01 4
8 -9.801524901979817628e+01 8.986681450429518936e-01 4
5 -2.167724788272582828e+02 8.568355635148261484e-02 2
15 -7.632091193958899566e+01 5.501920627996723101e-02 2
4 -9.845298146164859645e+02 1.112108830115663416e-01 2
1 -7.192984055334884033e+04 5.960113296073243916e-02 2
8 -1.036732861891438091e+02 9.031901253661693829e-01 0
10 -7.835769404077285571e+01 6.322571306057376272e-01 0
28 -7.631489926018129211e+01 6.712648386177146875e-01 3
24 -7.631489973977666352e+01 1.434392649581042178e-01 2
27 -7.631489939444780646e+01 9.274639991418468510e-01 3
29 -7.631489926165011184e+01 3.608564766775996802e-01 4
3 -4.207125661031043819e+03 9.302535468762459514e-01 0
28 -7.631489929184483856e+01 4.527812947652362086e-01 4
27 -7.631489934339083447e+01 7.916410081496025875e-01 4
23 -7.631490436847769843e+01 8.131653581730305946e-01 3
1 -1.761521913436604373e+05 1.344898550363176071e-01 1
24 -7.631490016395633802e+01 9.384880104065329576e-02 2
23 -7.631490516586502793e+01 5.234098151427737378e-01 2
16 -7.631528119077972860e+01 6.838797595506153071e-01 0
29 -7.631489925751844794e+01 8.032064134582626025e-01 2
19 -7.631532044039229845e+01 4.995847154269239532e-02 0
16 -7.631943171273024973e+01 3.469325771480580300e-02 3
22 -7.631490200622778275e+01 1.740098001875285127e-01 2
24 -7.631490059371910206e+01 5.218406689456980274e-01 4
20 -7.631497710338194906e+01 1.035950763450770584e-01 4
21 -7.631493378289098928e+01 5.136453168018046966e-01 3
20 -7.631500513398984253e+01 3.735804346597477732e-01 3
10 -7.876442505254965454e+01 7.424175245035748993e-01 0
19 -7.631527049654113171e+01 3.677713996683484865e-03 1
21 -7.631493732162832089e+01 1.162171049024642855e-01 2
8 -9.053094919587216793e+01 1.888144731245036123e-01 1
15 -7.633221476249336490e+01 7.988319851586374309e-02 1
24 -7.631490119408712758e+01 3.911760973060913749e-01 1
17 -7.631572218342539315e+01 1.867698590694903960e-01 0
0 -1.997385192632226972e+04 4.780735824722643912e-01 0
1 -7.298007808767995812e+03 9.644421499341611081e-01 3
12 -7.646529944841660154e+01 1.035491367258778439e-03 0
9 -8.367666632215521361e+01 5.688719066539816849e-01 0
15 -7.631587996019594300e+01 1.063826245919741176e-02 1
1 -3.511227326549977988e+03 1.345109242209724942e-01 3
1 -1.831260938648692099e+05 2.294964977204007606e-01 0
24 -7.631490165233748257e+01 8.514436209687817336e-02 4
19 -7.631503938707851376e+01 8.187738809561739828e-02 2
14 -7.635455847390215922e+01 6.937054613473627729e-01 2
18 -7.631575416901011977e+01 5.165155211885448239e-01 4
5 -3.644194840822523247e+02 6.333845013299206350e-01 0
3 -4.823173066950368593e+03 9.547785945456572776e-01 0
21 -7.631494846865953718e+01 9.580623977799572477e-02 4
26 -7.631489941675562250e+01 5.409156818388429766e-01 2
21 -7.631493373762268106e+01 7.952710450070554771e-02 2
27 -7.631489927946157081e+01 4.578821872171452978e-01 2
6 -9.252837864185299566e+01 3.848618378726520461e-03 0
22 -7.631490600160850590e+01 4.899620056830434334e-01 3
9 -8.637764399446385255e+01 2.683158289733214019e-01 1
18 -7.631521920421505456e+01 3.770852835775375667e-01 3
7 -8.167148195114410214e+01 1.528712905391154120e-01 0
26 -7.631489955457725216e+01 1.152251772685891629e-01 1
29 -7.631489926193638951e+01 9.146203442827030017e-01 1
14 -7.634179150523198132e+01 6.722041958267457318e-01 2
1 -2.504956790631457352e+03 7.318854971013177835e-01 1
15 -7.632812073062225977e+01 1.407700858786972153e-01 0
27 -7.631489938071467805e+01 4.801675967441624282e-01 2
5 -7.121159027955324063e+02 6.200282698839018058e-01 3
5 -3.800038359075966810e+02 8.245502546292707291e-02 2
1 -1.099352935319675598e+05 5.160198011974026500e-01 1
26 -7.631489964261041337e+01 3.720996421608830929e-01 2
26 -7.631489958752149505e+01 5.589644039621102234e-01 4
22 -7.631490211267778534e+01 7.347707800237612830e-01 1
18 -7.631538634833340495e+01 3.628209972900161007e-01 1
14 -7.637763292149978156e+01 2.850234842489791642e-01 2
5 -1.742840257341150334e+02 6.941708153440846463e-01 4
11 -7.680984591217348623e+01 7.097770655243662574e-01 0
19 -7.631493444534025627e+01 4.577620095765724817e-01 2
24 -7.631490166844335477e+01 6.221405886005745289e-01 3
7 -1.425803994520914273e+02 1.781952402384512357e-02 1
13 -7.645842731788090418e+01 1.080289268432205740e-01 1
11 -7.680132419363908980e+01 8.237183662442069121e-01 0
15 -7.633082178185290445e+01 5.303267907652675639e-01 0
23 -7.631490085375813237e+01 1.569715864597198696e-01 3
10 -7.909763712150974868e+01 5.770292989779596260e-01 1
12 -7.650387212838089113e+01 1.437420733941238982e-01 4
11 -7.676860715366842669e+01 3.676195429320593400e-01 4
13 -7.639986916702456199e+01 2.339642134501485060e-02 2
10 -7.734161367936067677e+01 1.639164324800448380e-01 4
8 -9.742602667081420975e+01 1.840584113624072482e-01 0
15 -7.631792233311506379e+01 5.093741226008319245e-01 2
6 -1.329558670245518783e+02 6.509850646089834214e-01 2
23 -7.631490617859876124e+01 4.481583548498965786e-01 0
4 -9.404064488264544934e+02 1.428213335256910965e-01 4
14 -7.636299509017314335e+01 7.337584038200981595e-01 2
3 -2.569753615984451699e+03 5.824484821373907550e-01 2
14 -7.635951469519366697e+01 9.017686762343433138e-01 0
12 -7.668083708844321222e+01 8.880433929221021039e-01 4
22 -7.631491426017933577e+01 6.704146752344577465e-01 2
20 -7.631501609392600471e+01 2.758584566866765786e-01 4
22 -7.631491684948281318e+01 6.209165644228205050e-01 1
18 -7.631563888100657778e+01 2.168762456933061578e-01 2
25 -7.631489934762794292e+01 6.633593991589261663e-01 3
12 -7.634556522520765043e+01 4.890380077330777064e-01 1
15 -7.631827432780912090e+01 5.105101652638344145e-01 0
0 -2.264730600934108661e+05 1.937229996767586004e-01 1
2 -5.644530264394078586e+03 5.411299436373857574e-01 1
5 -2.920979679340407529e+02 2.863996275951986581e-01 0
23 -7.631490560931410982e+01 5.269648336381196341e-01 4
12 -7.660426551802947870e+01 1.089273855393366741e-01 0
21 -7.631494462077361618e+01 5.403543450201220982e-02 4
27 -7.631489928089729347e+01 6.266319647777808255e-01 4
29 -7.631489927445176136e+01 3.629329271499115439e-01 4
8 -9.530302198573353678e+01 2.305608109619229351e-01 0
8 -1.063075985025056127e+02 2.073033279581366906e-01 4
1 -4.093467673669219948e+04 2.388973516183976464e-01 0
13 -7.634939648648308719e+01 3.533091697717298807e-01 4
4 -5.245687109710520417e+02 2.404357832366537107e-01 0
2 -1.074809860620781819e+03 3.584451697540188553e-01 2
19 -7.631511997113406665e+01 7.905381265078990083e-01 1
10 -7.641584454015111305e+01 3.797953152447023917e-01 3
8 -7.940310492677828336e+01 8.718662633001103557e-02 0
3 -7.957215467084039346e+02 6.179590763799326369e-01 1
27 -7.631489932021054301e+01 1.376701259614214190e-01 2
26 -7.631489962100877733e+01 5.697335534147716096e-01 4
25 -7.631489972067151939e+01 3.946179378327485665e-02 0
2 -1.089161317253619018e+04 9.250790282104278672e-01 1
14 -7.637002490198671012e+01 6.148881283056488734e-01 3
18 -7.631509834054439523e+01 1.324318217139046627e-01 1
7 -1.014688661442812929e+02 6.854394758976982693e-01 3
23 -7.631490681336737225e+01 6.260228593637736649e-01 2
3 -2.827986528947736588e+03 7.076991827498237964e-01 3
16 -7.631558599554858802e+01 4.391003598638825167e-01 3
7 -1.335882491880391854e+02 2.979460414558923187e-01 0
28 -7.631489928535140166e+01 4.887178163222649085e-01 2
3 -2.573332639698570802e+03 2.256604481322501687e-01 1
4 -1.242788629289277509e+02 3.903752687293313706e-01 2
23 -7.631490628497169837e+01 8.877824417368593846e-01 1
13 -7.636303876049184680e+01 4.958859205289788408e-01 2
18 -7.631491017839647384e+01 6.184943614329263539e-01 4
17 -7.631778431313632893e+01 8.638602358648737045e-01 1
23 -7.631490268860511605e+01 2.378972263117976327e-01 2
29 -7.631489927296433962e+01 3.116069361206750266e-01 2
2 -1.147499061200141477e+04 4.071058994874168779e-02 4
26 -7.631489935062656116e+01 6.326216636490388234e-01 0
4 -1.848930173607408733e+03 2.925221727829198648e-01 1
21 -7.631493145664488509e+01 6.004101844820157741e-01 4
28 -7.631489928540420919e+01 3.359265238350741534e-01 0
2 -6.303015513334742536e+03 2.288412231795650120e-01 4
3 -2.942178140248334785e+03 1.356170731158691245e-01 0
28 -7.631489927512782856e+01 5.634841958651970462e-01 3
0 -1.174383040363207983e+05 1.390117685727467745e-01 1
7 -1.464010895633477105e+02 4.705428477943744969e-01 2
2 -3.130910904645258142e+03 3.451869974304589417e-01 0
4 -5.804586117158260095e+02 5.006846421726964813e-01 0
11 -7.766994159751321547e+01 3.256530201572971350e-01 3
17 -7.631589803198383493e+01 9.768932645400312254e-01 1
8 -8.284625692589867185e+01 7.782458271635547264e-01 2
19 -7.631514731579960653e+01 1.385893344283110062e-01 0
29 -7.631489926263692780e+01 7.815370139550712469e-01 4
2 -3.499969743002573978e+03 2.917915440358128110e-01 1
28 -7.631489927273460694e+01 2.905693368403861609e-01 3
5 -7.759864773401069442e+02 4.149759614520646123e-01 0
26 -7.631489953952934968e+01 4.433565553427659678e-01 1
4 -1.007555627267273280e+03 1.888826772838970713e-01 2
8 -1.028779880452539430e+02 9.352014545225352249e-01 4
20 -7.631500113892383297e+01 8.149342769677643261e-01 0
4 -5.441534821398774966e+02 6.304014856873531025e-01 1
12 -7.639392090594660090e+01 9.665691188574918602e-01 1
12 -7.638953257024076038e+01 5.494695290280195987e-01 2
19 -7.631520478800615592e+01 5.647415749489830272e-01 3
23 -7.631490461737918451e+01 3.499245110268778269e-03 1
24 -7.631490187080126475e+01 8.713313980311514495e-01 4
29 -7.631489927081022984e+01 5.678478322782624099e-01 2
4 -6.138956062452730293e+02 4.853493115998118723e-01 3
10 -7.835871984551295100e+01 6.345780440777466502e-01 3
13 -7.634873011924139519e+01 6.807208375325269900e-01 0
27 -7.631489939522342070e+01 2.492722977414788821e-01 3
8 -8.800211574941445747e+01 2.696943969145149111e-02 1
20 -7.631496967389028896e+01 9.689171109217955546e-01 2
4 -1.607627305926671397e+03 9.003608309611746963e-01 3
13 -7.638069350167907601e+01 4.503201209263775762e-01 2
26 -7.631489971360588243e+01 6.551526173812156628e-01 1
6 -2.621699421751094405e+02 8.760632841123605630e-01 3
17 -7.631793302279497482e+01 7.215568231959016421e-01 3
24 -7.631490233123037115e+01 8.529792940855793759e-01 3
11 -7.699603929399907543e+01 4.262296281918886987e-02 4
16 -7.631586705443886842e+01 1.802089016464776539e-01 0
18 -7.631593809930276961e+01 8.966220128753095153e-01 4
10 -7.870052590261886394e+01 3.136952115112951467e-01 0
25 -7.631489976241047657e+01 3.988708043989603880e-01 2
8 -8.160548437269309829e+01 2.540192976108421874e-01 3
10 -7.903458206679995612e+01 3.226377460856295620e-01 3
6 -9.337025007619274675e+01 1.433295881158285212e-01 3
25 -7.631489992101398911e+01 8.880941128524479922e-01 2
18 -7.631547126318588425e+01 4.760321866926132961e-02 2
22 -7.631491256315486282e+01 7.351532317246783910e-01 2
26 -7.631489943584747948e+01 6.546920154077007226e-02 0
0 -7.238663049839535728e+06 2.357948119981607693e-01 4
6 -8.572861918047294694e+01 7.728721248237994113e-01 2
19 -7.631492788273033057e+01 8.985695244768457934e-01 2
20 -7.631501145627642302e+01 1.545864666381973340e-01 2
23 -7.631490159312176047e+01 3.235235663177419840e-01 2
1 -9.424113223987554375e+04 2.079203287293651670e-02 0
9 -8.047799769386838875e+01 6.116262423768192846e-02 1
24 -7.631490077960609142e+01 8.252517678348630925e-01 4
7 -1.487275641862165116e+02 8.776886386703137699e-01 0
18 -7.631552333320708215e+01 5.378826998409722560e-01 0
10 -7.645308755770342657e+01 8.520629863978609331e-01 0
27 -7.631489938536876139e+01 6.394523654638115673e-01 2
5 -4.263938847258212945e+02 9.824991635255188316e-02 2
6 -2.711835325391092510e+02 6.403855046007471685e-01 2
15 -7.631746683932703945e+01 9.917289759648344472e-01 0
21 -7.631493654188304276e+01 3.567449864969312046e-01 0
10 -7.976591978507467218e+01 2.920211852781885997e-01 2
11 -7.694062767642077461e+01 5.234050719887834990e-01 4
18 -7.631584462882582898e+01 5.252096597340157880e-01 0
23 -7.631490574576272934e+01 8.000523411116958750e-01 3
13 -7.644827962951926281e+01 6.560788285747349846e-01 4
6 -3.194011572934033438e+02 1.467999425499650901e-01 1
11 -7.638725535733615857e+01 6.007342268637483329e-01 2
9 -8.039834630594306475e+01 5.461252877552223994e-01 1
11 -7.697352650696277010e+01 8.290609337564901482e-01 2
15 -7.632618424373451660e+01 8.212279022082924484e-02 0
20 -7.631493688488257021e+01 9.793511025411483217e-01 3
17 -7.631677221614089035e+01 7.547856193093549493e-02 2
20 -7.631491410415856080e+01 2.277646933746685920e-01 2
29 -7.631489927420872732e+01 5.828738802144218800e-01 4
2 -2.403769516908440346e+04 8.855407726840071048e-01 3
29 -7.631489927283767827e+01 8.786042103263749237e-01 4
15 -7.632089897866327988e+01 8.931570297403723657e-02 1
13 -7.632215934253096634e+01 8.248097851890785481e-01 4
24 -7.631490113659326369e+01 4.446445767607372090e-01 2
16 -7.631975270494820052e+01 7.448578900749889264e-01 4
6 -2.650885425002095417e+02 3.166827698671048630e-02 4
7 -1.417562887764974562e+02 4.921515120882320460e-01 3
9 -7.682159591581205405e+01 7.146351081456694398e-01 4
6 -1.288010389706842602e+02 7.700193308794114344e-01 3
4 -4.695637330080531910e+02 8.468028506301479297e-01 3
20 -7.631497157184145408e+01 7.296992916487249348e-01 2
18 -7.631602665190661128e+01 2.482210011481331691e-01 2
4 -1.564743915204765472e+03 6.804435478664434545e-01 0
7 -1.034933939881396014e+02 1.566645717346745181e-01 3
6 -1.178217908899877386e+02 4.403336480977220191e-01 4
8 -1.075188953225714670e+02 3.941206119369639604e-01 3
25 -7.631489993062137955e+01 7.112673941185281290e-01 2
11 -7.717093718454322016e+01 5.546381398300920251e-01 1
4 -5.952412627952180628e+02 1.587769735044362029e-01 1
0 -2.691619392480479746e+03 3.004917772732111914e-01 1
3 -2.173616451944911660e+03 5.991717701628010984e-01 2
11 -7.695908186832875231e+01 1.084174843292575741e-01 0
8 -1.016951984074932369e+02 9.221854105350942854e-01 4
2 -7.684047580233665940e+03 3.736727303051061710e-01 4
20 -7.631490232968386067e+01 2.834713554446892658e-01 1
14 -7.634999376545965788e+01 1.121375198038643273e-01 1
11 -7.666504967093808887e+01 4.395428612349525088e-01 3
29 -7.631489926217821562e+01 8.209083074598340080e-01 1
26 -7.631489963638529161e+01 7.337045381932603139e-01 1
19 -7.631515169967485690e+01 3.149482306867997794e-01 4
8 -8.841774259185042695e+01 8.756056427637973760e-01 3
23 -7.631490184162520052e+01 3.464136847709183287e-01 0
26 -7.631489965676007614e+01 4.344393787719043054e-01 1
21 -7.631491997911416547e+01 8.008335276149347592e-01 0
26 -7.631489932734724846e+01 3.054929704846729432e-01 2
27 -7.631489941634352192e+01 7.690734596098390830e-01 1
5 -2.872230895051725383e+02 3.157159706151707046e-01 2
10 -7.899321636085286968e+01 2.057832226003291076e-01 1
0 -2.468077679185120505e+05 7.534769080875527436e-01 1
1 -5.150574080757664342e+04 1.224958148817492515e-01 0
18 -7.631528419320457601e+01 5.013519105059422998e-01 2
15 -7.633163116850644769e+01 7.213765966197217550e-01 2
4 -5.319628988819688402e+02 5.638137221107681896e-01 4
4 -3.286086620432322434e+02 1.422439774318202954e-01 0
3 -4.460753073422388297e+03 3.893394537897644780e-01 4
24 -7.631489990205650997e+01 5.272592237446115382e-01 1
12 -7.662430928237621686e+01 6.850129123639397966e-01 2
7 -7.952720981595720673e+01 6.192584636445106483e-01 2
26 -7.631489953251205804e+01 5.535848219227501588e-01 1
27 -7.631489937344197472e+01 9.886473172667319467e-03 0
4 -1.328069442622267388e+03 7.062081847712340377e-01 3
2 -2.407169078673281183e+04 6.013546640362292806e-01 3
17 -7.631715210895404766e+01 5.596285926310286263e-02 0
12 -7.652231783182404001e+01 2.765755302763682755e-01 1
13 -7.641586207670221143e+01 8.436137859054592125e-01 1
9 -8.106952691032631719e+01 5.620465210643641463e-01 1
13 -7.634549378462634195e+01 8.637794433915169101e-02 4
28 -7.631489928293935066e+01 7.862445916386608946e-01 0
21 -7.631491105189344637e+01 9.605830412115468064e-01 2
27 -7.631489937827677750e+01 8.884789481017382196e-01 0
23 -7.631490228047155711e+01 1.516145807222395447e-01 1
12 -7.681715383826917787e+01 3.792958455791773931e-01 0
17 -7.631575396940453970e+01 8.008722266822768665e-01 0
5 -6.607328084330365527e+02 9.050562695911672506e-01 3
19 -7.631501152144763012e+01 9.843656090448583695e-01 1
14 -7.633136288967662608e+01 6.131951639097606988e-01 3
22 -7.631490615022573820e+01 5.805721703842570136e-01 1
7 -1.030818670648625925e+02 2.742880967032590434e-02 2
23 -7.631490641916855111e+01 1.594244524208843217e-01 2
13 -7.640000289200986572e+01 1.647999425785295902e-01 1
12 -7.680834886364510794e+01 4.124834335744894109e-01 3
25 -7.631490008954028781e+01 3.912935235214906049e-01 0
20 -7.631499729358093020e+01 4.194669499636252130e-01 4
11 -7.650054712697937020e+01 5.870011596957149802e-01 2
26 -7.631489969308429977e+01 6.537893984686453663e-01 4
2 -6.809347533482769904e+03 4.741561744811870760e-01 2
27 -7.631489926028876880e+01 6.897585026308340472e-01 1
18 -7.631594754701792738e+01 2.972272838231885261e-01 2
27 -7.631489928458529448e+01 9.243037451591348819e-02 2
21 -7.631493814310354651e+01 2.899317088614096205e-01 1
0 -1.810973562459378154e+05 1.593183678403934656e-01 1
25 -7.631489998143017317e+01 1.338097374129052497e-01 3
24 -7.631490155634085681e+01 1.115959240140727005e-01 4
1 -8.172225335893441297e+03 2.662087992629644795e-01 2
6 -1.136920888315808043e+02 8.145620487783560293e-01 3
4 -1.136558952180248298e+03 1.124653975612553980e-01 4
4 -1.190586362368870823e+03 9.564321843700401837e-01 1
3 -3.459902805699182409e+03 3.415066034720425359e-01 1
0 -3.989562154973783763e+05 6.639339688467136291e-01 1
9 -8.256828173334022836e+01 2.501198956546462626e-01 3
13 -7.643962611783214811e+01 4.072789322988419891e-01 0
18 -7.631592799051060183e+01 4.073027711703410825e-01 2
9 -8.454380697011467305e+01 4.063705059391554131e-01 4
9 -7.848309744339852045e+01 1.204120676197564382e-01 3
8 -8.960197011293506364e+01 1.231656266572219716e-01 3
0 -6.734977277782143792e+05 9.139847666392819647e-01 4
2 -7.086657719165833441e+03 8.019447071486690559e-01 2
11 -7.703606832421597517e+01 1.530801313626744577e-02 0
7 -1.315386145818250441e+02 5.690848809109292361e-01 2
21 -7.631492694377683961e+01 6.197631780334071916e-01 3
12 -7.650130286753862663e+01 3.441611148810386211e-01 1
25 -7.631490005993416048e+01 3.239324595126595596e-02 1
1 -2.606665087963669430e+04 5.316855954503385551e-01 2
22 -7.631491814806754803e+01 2.882507144934067789e-01 3
2 -1.161777680380333004e+04 1.053468563978647854e-01 0
17 -7.631681498674475961e+01 2.280824668213888295e-01 3
17 -7.631767376484273768e+01 3.644437466377239976e-01 2
7 -9.493910965879017283e+01 5.901583907299403631e-01 2
12 -7.651258008077286377e+01 1.363474256944962881e-01 2
21 -7.631495243762375935e+01 3.429523628417573966e-01 1
5 -3.822873850442240382e+02 9.255062278428495270e-01 2
3 -6.319875063160197897e+02 6.222441811341195006e-01 3
2 -1.772865290125440879e+03 3.888871644467895572e-01 0
28 -7.631489925872919855e+01 7.556266351590519292e-01 1
10 -7.729485427252224383e+01 9.297313323297182741e-01 2
18 -7.631567003583464270e+01 7.216944444769395339e-01 2
5 -4.482145437934086658e+02 3.067864594541651613e-01 4
25 -7.631489936367344740e+01 7.031436951427316728e-01 3
7 -1.283884746514909807e+02 8.458981424944402860e-01 4
28 -7.631489929852727983e+01 1.289223622470541952e-01 0
28 -7.631489926736858820e+01 5.080014000908228411e-01 1
13 -7.637066771206701787e+01 3.132815853475010570e-01 2
27 -7.631489938585055199e+01 6.354059180873159463e-01 3
8 -8.941320240338346537e+01 3.889991973216830878e-01 4
15 -7.632468647264207107e+01 9.202337677519037973e-01 0
4 -8.068426478603415717e+02 2.157525486240611245e-01 4
23 -7.631490519631020675e+01 4.218164926794066294e-01 3
24 -7.631489948450089855e+01 7.137659647657585982e-01 0
