1.379187879233241887e+01 2.433027077172454483e+03
-1.927606563057883449e+01 6.376639348588466419e+03
5.128427642441134582e-01 -1.738505252013573283e+02
6.531524390273400371e+00 -2.926610512972739343e+03
-3.387177516858171700e+00 1.384073496795493838e+02
-1.047757875028583996e+01 9.460693466416758568e+00
-1.302514854805196443e+01 4.132107930770793587e+02
-3.332828992170263849e+00 4.000501324542725001e+01
4.849585858850350206e+00 1.160856917084614111e+02
1.291658934929366076e+01 6.786128452840138436e+01
-1.055721257760600551e+00 -1.829810860541593684e+03
-1.456189804930970499e+00 1.665978341088512948e+01
-1.073317657648711787e+00 1.403515914759926808e+01
7.304817245817272209e+00 -5.521971388702032613e+01
-4.035045683449101084e-01 8.425057019002661463e+00
2.126401894898859890e+00 1.658131450414738195e+00
4.794088664674902134e+00 -1.299773761060296096e+01
1.468678357909260512e+01 -5.033476674228624859e+01
2.105477061686664708e+00 9.043469812243857930e+00
4.125794704091113374e+00 -6.145917901517613302e+00
1.822245574734478790e+00 5.472253759077316815e+00
2.626666595055068498e+00 2.176399835293285623e+00
-1.927144284964550369e+00 -1.328984571917480118e+01
5.522019886943149158e-01 -1.307338944614900242e+02
3.324539303602378482e+00 1.606917267505675095e+00
3.545700935394511699e+00 3.158254541740560528e-01
3.864940520846028349e+00 -2.512233853944952910e-01
5.209953080095948152e+00 -7.701055494340984353e+00
4.049899737776668118e+00 -2.386628267913804002e+00
3.309124910199193526e+00 2.146661993812949643e+00
-1.032223619269046289e+01 3.901886442093013443e+02
3.397515434750889796e+00 1.911044598222756186e+00
3.461602270573107543e+00 1.356391390506038741e+00
3.460677462438867646e+00 1.684056990759894123e+00
3.553138670712423508e+00 2.309235297579455004e-01
3.469067285607937645e+00 1.235172439846189629e+00
7.155502567683256210e+00 -1.797520847609665395e+01
3.337524000856701978e+00 2.000446336010033299e+00
3.168534520721741909e+00 2.190186849375577172e+00
3.604521065231562904e+00 2.318061709487991173e+00
3.546294078449994114e+00 8.622422678366479243e-01
3.535008987151554649e+00 1.075322539472782335e+00
4.962387301907038584e+00 -6.763899125512290667e+00
3.487678422889278540e+00 1.477963777459491812e+00
9.323250219743929312e-01 3.060505922399871181e+01
-6.042417916969616165e+00 9.925701310713135328e+00
3.785443549313071365e+00 -8.634555288924200545e-01
7.110207925427760145e+00 7.015766052516345042e+01
1.193179847396446336e+00 5.511127704816458106e+01
3.479905305495229140e+00 1.348079055891779898e+00
3.497333138874257674e+00 1.268765330972669858e+00
3.561876185702154363e+00 8.184320814069080408e-01
3.536650236509474521e+00 1.043930382743993635e+00
3.510477149455483392e+00 1.149621128368448097e+00
3.504605463210331173e+00 1.258851664939633963e+00
3.559443957612963949e+00 8.008385961039938827e-01
3.553457945957799513e+00 7.597342985120149050e-01
3.667681528670610369e+00 -5.709858108211094407e-01
3.518166898989631530e+00 1.094013916791583441e+00
3.377017357893235427e+00 1.711778009415977131e+00
3.510164823559310587e+00 1.129327633417993582e+00
8.780644356361944958e+00 1.588186379750854371e+02
8.661706620104656196e+00 -3.000161322125804730e+01
3.579051096844369617e+00 1.229649363300134413e+00
4.821796007266713424e+00 -3.224519995621194290e+00
4.104584671743467084e+00 -1.839517315370101880e+00
-3.528259368330862511e+00 -3.851943411803249973e+01
3.517295780432383445e+00 1.085862406500929911e+00
3.515857543186363454e+00 1.095896211061998970e+00
3.485691795228120338e+00 1.687581813690165244e+00
3.529218676287966705e+00 1.018336211556054360e+00
3.527444603033214054e+00 8.869210839950247838e-01
3.516733618336935763e+00 1.094079746573519918e+00
3.516871928527507407e+00 1.093393017744467288e+00
3.516650793196498093e+00 1.095440557882464416e+00
3.517233605260205120e+00 1.094096190212892505e+00
3.516841608671667174e+00 1.094866321522448116e+00
3.515321586635693940e+00 1.099869211108416067e+00
3.517163214414239736e+00 1.051679512306951114e+00
3.431224051239402772e+00 1.391822718261826131e+00
3.518971819981647986e+00 1.073688944906863840e+00
3.516725292405033176e+00 1.095626081083820536e+00
3.516763883399221413e+00 1.094531956484222190e+00
3.516918913582318673e+00 1.094542920191881930e+00
3.516760585348072343e+00 1.094528016214475263e+00
3.516788187155497347e+00 1.094738251217084901e+00
3.516766884468619292e+00 1.092897636322979871e+00
3.516714737996529561e+00 1.094933981318530369e+00
3.516890812279891865e+00 1.094424152438532527e+00
3.518149190298044626e+00 1.087667925079687681e+00
3.517550755095689929e+00 1.089591310077343334e+00
3.521532553034136814e+00 1.058504765629123989e+00
3.516832217016032214e+00 1.094273026955197015e+00
3.516677769134784803e+00 1.095415879259259206e+00
3.508846124830833357e+00 1.119046560734172857e+00
3.516285955739092639e+00 1.094113666577115618e+00
3.524776340315063816e+00 1.059668116553271755e+00
3.517448599380175622e+00 1.092443395358179581e+00
3.516899724400317062e+00 1.097065191890691294e+00
3.515072514076391652e+00 1.091417162582676736e+00
3.492956697608120109e+00 1.224824200027638144e+00
3.546924879571615286e+00 1.019917860775885643e+00
3.516769312498756239e+00 1.094303621193959186e+00
3.515796092572311515e+00 1.081703542215167735e+00
3.619963930931036522e+00 1.439987514489465825e-01
5.237373889240140024e+00 -7.848012033045690394e+00
3.518499458499313448e+00 1.083292705648315035e+00
4.430285580250833632e+00 1.195630429666562833e+02
3.515129431881257815e+00 1.089498899540520149e+00
3.769024573252295340e+00 1.798899986805235773e-02
3.565144984770390213e+00 8.269051861483152077e-01
3.552454486179914550e+00 2.331101475910561494e+00
3.516651998648685051e+00 1.095354860757246973e+00
3.516473414900116889e+00 1.095685170136245556e+00
4.471511569271811481e+00 -7.430570250827236123e+01
3.516547746507086458e+00 1.094444283804856699e+00
3.516820684648299444e+00 1.094570805954908854e+00
3.714486267575501266e+00 7.706119591732975005e-01
3.515002072524135546e+00 1.096953878910296609e+00
3.516638474012501625e+00 1.099664765702202951e+00
1.679702952943533845e+01 -3.462838533564973176e+01
3.478476062723523832e+00 1.190157449066278961e+00
-5.720752552869956986e+00 -6.266792302007380044e+01
1.758382022490234320e+01 -1.731304685528742766e+02
3.516684139640359419e+00 1.094691532996298955e+00
3.516818992561790758e+00 1.094298723140984642e+00
3.516692020499793792e+00 1.090866724445852087e+00
2.821754533315205205e+00 1.483411585183702863e+00
3.532490974727279909e+00 1.069024545654772451e+00
7.148234558378336878e+00 -4.225121686723804615e+00
6.003679330571186412e+00 -2.975553172279202840e+02
3.518399169070445254e+00 1.092739222672342247e+00
3.515802237993172596e+00 1.102056061138303455e+00
-2.215646078302007638e+01 1.014261825733757860e+03
3.517471918750627591e+00 1.087777559668772875e+00
3.494649469818557730e+00 1.378884266442096829e+00
3.518128371600522275e+00 1.089975864600398747e+00
3.516881840874021670e+00 1.093717696937528405e+00
1.344879138385301598e+00 7.690303125504827975e+00
3.518651322345416776e+00 1.076401774462339755e+00
4.764522931562150121e-01 1.744552892795013221e+01
-1.688604759899953223e+01 5.497613692455898672e+03
3.517813994243372822e+00 1.083156795450952892e+00
3.516789584768447163e+00 1.095369078538278140e+00
3.523834315178023147e+00 1.057619849316600913e+00
3.514619215417158493e+00 1.112038192017229976e+00
3.516727699164945431e+00 1.096170894460421374e+00
3.671924559413303424e+00 4.457850129023087082e-01
2.826249506412310541e+00 -1.517981216447125359e+00
3.521149707542424512e+00 1.099957530309989773e+00
3.515674712014233982e+00 1.111493876719244156e+00
3.495924528977883305e+00 9.983574405757901227e-01
-3.341437938233181804e+00 1.758561958943426973e+01
3.512737368951702077e+00 1.121487320922203379e+00
3.516723504484914553e+00 1.094808721834554355e+00
3.516891338084277674e+00 1.094378364908538570e+00
7.508328400932390290e-01 2.181249509571171075e+01
7.333114401375461000e+00 -2.738179226748554385e+01
3.122137252499270765e+00 2.877125377330285616e+00
3.536469897165195331e+00 1.035791705729496526e+00
3.505563301350311356e+00 1.179224366479834751e+00
3.528339824377854761e+00 1.049689255652590525e+00
2.489701841350934863e+00 1.479454707125381319e+01
3.519191388521822006e+00 1.062852119703384668e+00
-1.502012269629816155e+00 -3.876441488823211756e+01
3.512120240503181723e+00 1.129327798930157334e+00
3.516820674507162181e+00 1.094148869774951072e+00
3.086575716319926777e+00 3.541700752884945125e+00
3.506930360837427596e+00 1.396988671697155349e+00
1.219998317814369848e+01 2.168537630750380529e+01
3.513772738161981213e+00 1.115015819521782303e+00
3.491240164028488913e+00 1.174796582887523311e+00
3.516613036414459881e+00 1.095988338808215001e+00
3.513820160587997510e+00 1.139876779827865505e+00
3.516878400889278389e+00 1.094036678199436174e+00
3.894118821524204410e+00 -2.598248895725039809e+00
-8.482140726136954356e+00 -2.524355212562914517e+02
3.517339301404153407e+00 1.089538995381285291e+00
3.500336309294754589e+00 1.133078526199588598e+00
1.204094218497127722e+00 1.465204831434862420e+01
3.523917455561692780e+00 1.058101975872317579e+00
3.434598463367557475e+00 1.870425698825044503e+00
2.811382860870014433e+00 5.531661432354686436e-01
3.822895118478175203e+00 -2.307099209734623790e-01
3.445697690182688344e+00 1.529783922086913384e+00
3.440872832810257798e+00 1.409604756943849679e+00
-1.069958601572037260e+01 3.317300601189668185e+01
3.529534951611822624e+00 1.021538268247171866e+00
3.520330991697476986e+00 9.427491137347950856e-01
3.511810836794460933e+00 1.089918431947244803e+00
3.516881892362260231e+00 1.093884502620192656e+00
-8.587119038369879220e+00 3.504027420466825902e+02
3.510862337594577109e+00 1.124570602153748045e+00
3.516649315787632624e+00 1.095090690135145595e+00
1.733768621199599025e+01 1.481618848496336796e+03
-6.156949225764631883e+00 8.414889327925124007e+01
2.980349450566168290e+00 2.322264837846642394e+00
4.890070116114761056e+00 3.565100840012932508e+02
3.516413451303114890e+00 1.096444816831118274e+00
3.516278003464336610e+00 1.106152605666416600e+00
3.523326026795569721e+00 9.401407731020424707e-01
-5.421490683835877178e+00 -8.318549824869792531e+01
2.455951973563426982e+00 -8.538123897555122355e+00
3.512148941176368666e+00 1.095401485868241931e+00
3.505886464902092214e+00 1.088083661564471782e+00
3.523114007896446687e+00 9.223499321185802957e-01
3.508909845810923578e+00 -5.395796240924086078e+02
3.515695243473996978e+00 1.096179716450461417e+00
3.521745237338890888e+00 1.056296436242696757e+00
7.314756000158390670e+00 -1.206375800703917633e+01
-1.047292629634822170e+00 6.062018594549908812e+01
-8.186437317177199802e+00 -2.105237253621951368e+02
3.516992108128050187e+00 1.094301241118680545e+00
7.459501347448533437e+00 -1.587866622768999392e+01
2.204933426117547501e+00 1.334185054264487924e+01
1.024332802232924067e+01 -4.733651197077443129e+01
3.517838747299686819e+00 1.092382460686624146e+00
1.344308451240371838e+01 7.433328255452346411e+01
3.483447373468813613e+00 1.199345867741157479e+00
3.515855728877476771e+00 1.098746193326234133e+00
3.715926028488008459e+00 -2.004609005837708902e-01
3.513491004954267360e+00 1.111916905489120033e+00
2.421510352533176036e+00 1.682153051689914136e+01
3.512165486955876936e+00 1.093447052323981872e+00
5.858509591487830903e+00 4.789374847857637896e+00
3.575497332258055661e+00 7.062754775800602625e-01
3.770738298627446916e+00 1.048650580806776089e+00
3.516258109453789693e+00 1.098135819603321295e+00
-9.151320426235326266e+00 3.389660544632339878e+01
2.884793226271236577e+00 9.794124510600139999e+00
-9.141320513215308807e+00 -2.081424832687415346e+03
3.518362113664257329e+00 1.117214551267729172e+00
3.516799252858554325e+00 1.095203781778812946e+00
3.143118103128704544e+00 2.661071102705985236e+00
3.498544633290834760e+00 1.081733463338512502e+00
3.514446883955524736e+00 1.103258130714195984e+00
3.515883256085200248e+00 1.092199338232147765e+00
3.518021770334555764e+00 9.889979849698373737e-01
3.448001237098266891e+00 1.447445477361378297e+00
3.512782480607254065e+00 1.115342053530869126e+00
3.517186906019298398e+00 1.089945076305738336e+00
3.517335563043285429e+00 1.099192179157654881e+00
3.516953707046926780e+00 1.087864093392856724e+00
4.324048695748994753e+00 -1.338722158151837593e+00
3.516384981047325109e+00 1.092257775453966628e+00
9.920556600126309021e+00 2.683780983591373470e+01
3.546105826767580460e+00 1.513585211062578040e+00
3.518122951695930478e+00 1.090968393276606552e+00
3.505843751299543065e+00 1.182397240889709655e+00
3.512244585524345819e+00 1.125053218350684503e+00
3.516915481533401167e+00 1.093853507416503001e+00
3.516968200293086433e+00 1.094122410618281194e+00
3.557132561308886221e+00 9.036261638603514390e-01
3.517592207025834306e+00 1.092319856108832532e+00
3.516867043490528033e+00 1.094533192124369281e+00
3.499856862661162804e+00 1.159939098719118489e+00
3.515549129289134989e+00 1.111558516544740582e+00
4.355916383140542081e+00 -5.155185601288110320e+00
3.510871169599495634e+00 1.124287762170611549e+00
7.029385568959226838e+00 -2.100908199790019637e+01
3.520333123722154678e+00 8.740585867159976763e-01
3.527877932135431216e+00 8.590174063059341503e-01
3.516818159684153677e+00 1.094284884131279556e+00
3.833966868139496054e+00 -2.399348596840131242e-01
3.524147375600944265e+00 1.078482698313076416e+00
3.243030477717947946e+00 1.996267733060786975e+00
3.516516346338888876e+00 1.096951324385837312e+00
6.414443696667735395e+00 8.555539190469799493e+00
3.563399663740713486e+00 8.050214657217124037e-01
9.107542078210807190e+00 -1.997142994215028864e+02
3.511290420135734447e+00 1.122603892489796751e+00
3.532514293857099474e+00 1.153613111693742699e+00
-9.277417381932723472e+00 8.595032488151514372e+02
3.516913828985667845e+00 1.091918911475354026e+00
3.483405723638425933e+00 1.669013097239648857e+00
3.862287064526633618e+00 -2.857215634917721570e+00
3.515948198005517167e+00 1.100504105133704558e+00
3.516734270354771041e+00 1.094734768369889588e+00
3.517189335261358352e+00 1.091571364182291282e+00
3.516839067729977231e+00 1.094417687357315705e+00
-1.461113023965746383e+00 1.970444290956941558e+01
3.526018763449363824e+00 1.004269867832941143e+00
4.841774492577558320e+00 -1.383040075096864996e+00
3.402686662024939857e+00 2.454953305614754999e+00
2.215396847345770137e+00 1.537613093445216705e+01
3.561262307265853355e+00 9.171390924867915961e-01
3.517049736058055487e+00 1.089387858091529049e+00
3.481784922565635210e+00 -1.385590718623573192e+00
3.515407235269030650e+00 1.099685447010608996e+00
3.513085026774390940e+00 1.089584453875303449e+00
3.516808884916276412e+00 1.095499749029536396e+00
3.516935821701710374e+00 1.094799298309368174e+00
3.493571943397396407e+00 1.300436927809123899e+00
3.542543846669150565e+00 1.012957474155542936e+00
-3.195713799954994716e+00 1.143412685518675289e+02
-1.166089566091385310e-01 1.721457646359447224e+01
3.521153798235114873e+00 1.071616669426723956e+00
3.368503266806062157e+00 2.248351673975380383e+00
3.540609671230282807e+00 9.573891549096622544e-01
-1.297278269656160665e+00 2.009227359046873062e+03
3.204345967355374025e+00 6.071786405568774247e-01
3.514382517998583921e+00 1.104224808995089235e+00
3.529698432774641237e+00 9.171107270337865991e-01
5.199860315655469023e-01 6.727282337381040200e+00
2.994813480232171976e+00 7.018260021849292762e+00
3.516663398729757084e+00 1.094969383155510956e+00
-3.410973793681060240e-01 1.655682892415629937e+01
3.524040182307618618e+00 1.049619093176534346e+00
2.893799368853602338e+00 -2.862810184103781186e+00
2.919141415650016391e+00 2.553456301984084575e+00
-1.888091325300521151e+00 3.751139990246206679e+01
3.515843709649628668e+00 1.111941851437983964e+00
3.524737332292243952e+00 1.055778972522193326e+00
-9.685060802817460512e+00 1.859933158292177268e+03
-1.209958074184080346e+01 5.804925857957291555e+03
-8.368743993844196538e-02 -1.315661340435370619e+01
3.530216192701452371e+00 9.917310257524873940e-01
4.735952143372947454e+00 -4.193267943298202738e+00
3.498668680851431567e+00 1.088116307379779935e+00
2.168602670743611682e+00 4.756172678556469080e+00
3.533739252090096539e+00 1.213304580181851611e+00
-6.680468909064307681e+00 3.036352616033044072e+01
3.517153284193707652e+00 1.094112659585214864e+00
4.873426857439825177e+00 5.692459640083978911e+01
3.484265950877564855e+00 1.280804940651165458e+00
3.516871892556717949e+00 1.094338230015156510e+00
3.520455388522527151e+00 9.777523218177364139e-01
4.948230262630779919e+00 -4.818544126915900172e+00
3.516723588823778446e+00 1.095010679803636089e+00
3.516165540549606838e+00 1.098812951742500932e+00
3.541423610297106173e+00 8.379551691212594466e-01
3.517545601718294890e+00 1.089366515191768636e+00
3.517752793799936217e+00 1.080775400430701971e+00
3.633773335993367937e+00 3.931500245349882072e-01
1.110134637371728772e+01 -2.395911558857553985e+02
1.467026738561063937e+01 -2.322750074414826713e+02
3.488167125040994687e+00 1.053725552228035101e+00
3.287069426468145927e+00 1.721460074179526956e+00
-6.505168564522473273e-01 1.919255484230214748e+01
3.516785046907224821e+00 1.094079947619670090e+00
4.019098133889881019e+00 8.779480404347903555e-01
4.862389740418262107e+00 9.990673837611906416e-01
3.520943343741299802e+00 1.061241299444871888e+00
-2.712443076143435050e+00 3.783173018197824433e+01
3.328097923242897771e+00 1.718734104493200743e+00
3.502691027132931456e+00 1.101638293071951935e+00
3.118862543199975246e+00 8.922292986061975739e+00
3.516931570707159338e+00 1.093920924343906531e+00
3.511019216172536428e+00 1.133357838503133541e+00
3.516713171083626133e+00 1.095089442064396401e+00
3.495542635942567866e+00 1.230849293116211607e+00
4.662776586524084443e+00 -8.092624654317710053e+00
3.515721808679387994e+00 1.107072646245638170e+00
3.516738786217115109e+00 1.096424335787012927e+00
3.516880879121420556e+00 1.094925946071071632e+00
3.517710039622525375e+00 1.101716790086929132e+00
3.518285467040359382e+00 1.104980842415211217e+00
3.515884292143865775e+00 1.227294947369087730e+00
3.516728810728629195e+00 1.095098852471875439e+00
3.522953384295928636e+00 1.072593791815996456e+00
3.428046802598434972e+00 1.333604549732716693e+00
-1.105681959799834857e+00 2.063382624362908402e+01
3.514589014339418060e+00 1.094935920456516332e+00
9.156309170620643201e+00 -1.105161807759148047e+02
3.264905508725159944e+00 1.782185125470930487e+01
3.988997794028863897e+00 -2.376309541163577510e+00
4.107829722202783529e+00 -2.210805569697405382e+00
3.546411518409126717e+00 1.201652225297151988e+00
3.516616925602471078e+00 1.095975028197289092e+00
3.516382560544080604e+00 1.097736660931513564e+00
4.811732085528492853e+00 -2.551077652145170589e+02
-1.281247294426833783e+01 2.211190386088409241e+02
3.472434718292090938e+00 6.372540849784511074e+00
-1.234062137600954934e+01 1.008909234992978838e+02
3.516932619633000634e+00 1.093894915075263485e+00
3.517121525630783729e+00 1.075490016796823989e+00
3.501300115332595997e+00 3.013129338944617874e+00
3.347962549366219509e+00 3.096359835979888064e+00
3.331005708920519393e+00 1.774812942504818691e+00
1.040754292506960432e+01 4.384308505446646365e+01
3.513596911124764244e+00 1.121120359235569186e+00
8.123704340614244401e+00 -1.899318985982946373e+01
3.520485853943900345e+00 1.077133836694472935e+00
-6.453144779565753275e+00 1.058735242285022906e+02
-4.231700206090012628e+00 1.796016181815532491e+02
3.507022276062075949e+00 1.243788695879908479e+00
3.533493481428933602e+00 1.083543227229575967e+00
4.040209985978542306e+00 7.331168768794139590e-01
3.444281944003090956e+00 7.900106072076443775e-01
3.516602834831903390e+00 1.095419248481628083e+00
3.516778620487516438e+00 1.094671900217380145e+00
-6.574611053432366958e+00 -8.670966043797858447e+02
3.534161264507145628e+00 1.022026909387761195e+00
1.768535374917772629e-01 3.517464840955784666e+01
4.703973317921306574e+00 -1.623876818143676459e+01
-2.200872212404313899e+01 2.999092552578837854e+02
-9.177524910592110174e+00 -1.208375131184734528e+04
3.523016195268956707e+00 1.081354035339058051e+00
3.516803592194511108e+00 1.094935565062804095e+00
3.517789148240200170e+00 1.090398032472200018e+00
3.637700197736466468e+00 6.087803736925955223e-01
7.968352105331067747e+00 -1.456349817344367875e+04
2.573749223334592662e-01 1.546575502697791826e+01
3.770421932973612389e+00 -6.343154358457836484e-01
3.544712326529887214e+00 8.585680941557889412e-01
3.823119350177647480e+00 9.988138423163589152e+01
3.470202570929965091e+00 1.672625061423575366e+00
5.307275498750493981e+00 -4.859652758703743913e+00
3.516633948278541588e+00 1.095464942995999502e+00
3.517222199763526902e+00 1.093494787421317893e+00
-5.795011743074386601e+00 1.570854928187422104e+02
3.516921385385599397e+00 1.094071302150693592e+00
-6.699826501060360151e+00 -4.424835027729032845e+03
-1.252220616174832024e+01 -3.440610913640140325e+02
3.433236925696186770e+00 1.403362688523492441e+00
3.517092951077734675e+00 1.095073859751085621e+00
3.519983487677715406e+00 1.080154428108936360e+00
3.524677289145136783e+00 1.010672905802921129e+00
3.513889335605219433e+00 1.108461614796109496e+00
3.516891789322683426e+00 1.091189583186473078e+00
1.165412426683085645e-01 3.415279305031942436e-01
3.521599498110744353e+00 1.137090796039674778e+00
3.519238357812661810e+00 1.085290063979185815e+00
3.538901636275897378e+00 6.095284556323881109e-01
1.250120774533585255e+01 -2.593484094871640264e+04
3.516824895939677287e+00 1.094584593147882146e+00
3.016818485293091268e+00 4.423312139070787907e+00
3.517275146741852154e+00 1.091990177382444971e+00
6.615859236127650256e+00 4.628017419012564915e+01
1.173272429496897473e+01 -6.841099571609955632e+00
3.480945642823142450e+00 1.271895496553167693e+00
3.523452525436811644e+00 1.030236838040998304e+00
3.517297636837141805e+00 1.092946829318794721e+00
3.516860980089103528e+00 1.094955889320081921e+00
3.517595613923089726e+00 1.087159536685291084e+00
-8.327766671904420548e+00 -2.034354658677648615e+02
3.737093922921542966e+00 7.444886767265068706e+00
3.226661652388786994e+00 2.371464073859923527e+00
8.252503831703862147e+00 -3.157261074634976467e+04
3.222220131329140980e+00 -3.168834826854234780e+04
4.249388503639210057e+00 -3.188300366068847143e+04
3.543107681849392954e+00 8.590452731506155182e-01
-1.704619180086186958e+00 3.647664282873416042e+00
3.516204704820050431e+00 1.113256064983871862e+00
2.487087299740073032e+00 -2.303011929135334140e+04
3.990073164044757537e+00 1.364562041110017443e+00
6.312571194949200271e-01 -3.173095420399424142e+02
9.037039052216446322e+00 -2.072542792024144731e+01
3.827324169357892991e-01 -2.622453439094569694e+04
3.513120840167136105e+00 1.109074407769172987e+00
3.567780274945796748e+00 1.381598630424436980e+00
3.231926069122103673e+00 1.970657543094599617e+00
3.518902123891471945e+00 1.079518178496097436e+00
3.516871224844000388e+00 1.094036985734436973e+00
3.516960359822927096e+00 1.094627905942002544e+00
3.516626893125214259e+00 1.089257528624404614e+00
3.486215729846909195e+00 1.199564838026720537e+00
3.491613091984890449e+00 1.168516680154501053e+00
3.517451184646834150e+00 1.093076688309658540e+00
3.415989786536919315e+00 1.422615564965103108e+00
3.240368974684371572e+00 3.911889552522376690e+00
-6.029325114731843849e-01 1.090005255253645942e+02
3.279134443127913023e+00 2.523345903146731128e+00
3.529975602848286709e+00 1.069380484318708024e+00
-7.615706911380129007e-01 2.508464694783944893e+01
4.279467848137546326e+00 -7.759919802759569052e+00
-4.765558638008384307e+00 2.471611982945438228e+02
-8.809131335191782597e+00 -3.755612355503995059e+04
3.757431741331429098e+00 -8.202515392129124949e-01
2.272805973567740612e+00 1.400431670703342846e+00
3.537866270624407949e+00 9.332939310460621751e-01
-1.337110164605201490e+01 -3.732239449187742866e+04
3.517551492475009756e+00 1.090881094055099698e+00
3.625493425701647343e+00 1.808532275362701724e-01
3.437198635825230664e+00 7.078319598124722667e-01
3.517228993768973577e+00 1.091496091139262603e+00
3.516793447100533765e+00 1.094485032024944404e+00
3.516577750232061206e+00 1.095862414494060078e+00
3.421330684890755869e+00 2.691232706548712716e+00
3.435774167182142236e+00 1.481697162002042045e+00
3.516544116153779598e+00 1.096150835110228483e+00
3.446194707249038203e+00 1.658104339658291959e+00
8.460634844812199518e+00 4.921211332803776983e+00
4.539927718661201261e+00 -2.866263051431796703e+04
-2.189631020088028013e+00 1.835720658131582184e+01
3.516765427946329847e+00 1.095043030712476551e+00
3.519651305450139045e+00 1.099171964410299740e+00
3.426971800559431180e+00 6.128934231365432694e-01
3.822488449483778528e+00 -3.245086635101891215e+00
3.525950680903389145e+00 9.439370336191624800e-01
3.538998224083478750e+00 9.855245922703549377e-01
3.501829894968165213e+00 1.194243448958549170e+00
2.274663213232252179e+00 1.580519959315393841e+01
7.173429905609802759e+00 -3.015823470498780080e+04
-1.673585729132553723e+01 -3.424566192772656359e+04
-4.586170795330776429e+00 -2.632118616655834558e+02
3.516616228725919946e+00 1.095603449176205224e+00
4.026721767820494513e+00 -1.536003789799133878e+00
3.535821840671506955e+00 1.498544625134952346e+00
4.047283571540449820e+00 6.201078628441439200e+00
-7.058055575339526655e+00 -4.129109724732701579e+04
3.517081930689431424e+00 1.049720383980095040e+00
-7.262673917555714453e+00 1.058515955412715073e+02
3.516473751475726939e+00 1.095718047967938258e+00
9.927562996172856202e-01 2.180490426232020340e+01
-2.046509715915770578e+00 3.833394481103324836e+01
3.514608281536429679e+00 1.101881895201982653e+00
-8.558860779699056565e+00 -4.904375621628417139e+04
3.515798510353006723e+00 1.111746950065662043e+00
-8.989104222156818480e-05 1.275931095876501331e+01
3.503063410253008492e+00 1.170305129316900006e+00
-1.294148331394340445e+01 -4.766714161398507713e+04
-2.013316563065122633e+00 2.153803899428726254e+01
3.516947325434741867e+00 1.093641944246244391e+00
3.576661153492002310e+00 5.549461563324853408e-01
3.516770552001259986e+00 1.095193345193000489e+00
3.516721300931044958e+00 1.093493655215366900e+00
2.612295480156033300e-01 2.117757562890351863e+01
3.497159337544762270e+00 1.266443152423330387e+00
3.512581023408457348e+00 1.007428016102292601e+00
9.752816198575985140e+00 9.319791548658888303e+01
3.570420289140819659e+00 1.004033615512543109e+00
3.509328528744184883e+00 -4.112195197349718364e+04
3.542206323447291805e+00 8.997630058221834926e-01
3.512011845641027197e+00 1.128216188384861818e+00
3.517190183410431104e+00 1.093458171594119177e+00
-1.423195521212621806e+01 -4.168323243391040887e+04
7.605271454726300284e+00 -4.455956815245122561e+04
3.515413729591458036e+00 1.098540097666891535e+00
3.513572207644190204e+00 1.110004606275672101e+00
6.244304932045695367e+00 -1.768817123339982089e+01
3.494401953195993116e+00 1.207216861257558893e+00
3.359542383839106527e+00 -3.077199347385726202e+00
3.516946806551465077e+00 1.094168081853176044e+00
3.511581861701485785e+00 1.223311780500120127e+00
-6.298689193796904284e+00 1.058389233392783098e+02
3.460226003166599451e+00 1.558276885856208827e+00
5.543206711823696509e+00 -1.202986667114184982e+01
3.499741161722470295e+00 1.301860314149679176e+00
-2.202424923966892045e+00 -1.423195701366516275e+01
-3.227034990255879809e-01 5.046312092610477862e+01
7.564004046239269918e+00 -2.865288850006647772e+04
3.516908770695093889e+00 1.094072976623046811e+00
3.516735866165256574e+00 1.094983743432936363e+00
3.692085844492477786e+00 2.250039621329194550e-01
3.522120592638168901e+00 1.077707717199139603e+00
3.517045742506589079e+00 1.092509517536134567e+00
3.516774548596767413e+00 1.094127378148125107e+00
3.516548438499893514e+00 1.085254007959886247e+00
3.525642153121791633e+00 1.004259539643918009e+00
3.522475676176088033e+00 1.061707603527872745e+00
3.553529001643942031e+00 9.686030507159186786e-01
3.534493634660753614e+00 1.116192005342467874e+00
3.514281542928865409e+00 1.091749720784145117e+00
-8.440690752615251924e+00 -4.413292638970291932e+02
3.124541531331462174e+00 1.761048337701918598e+00
3.516219690177821100e+00 1.097363071892299979e+00
3.532018634029232995e+00 1.069348189472113075e+00
-2.833196089814458141e+00 3.998409389972776040e+01
3.516718623161202650e+00 1.093577363703203353e+00
3.518501716288080061e+00 1.095313824459883012e+00
3.512414583628688192e+00 1.137619087098762805e+01
3.542352486251460597e+00 7.874384554342199749e-01
-3.704040670228632148e+00 -2.042270284912269926e+04
3.564313840618541729e+00 5.034899898328246692e-01
1.168461314035058685e+01 -2.209178647656394605e+04
3.515465292077513126e+00 1.104014484397018769e+00
-4.741554368271880260e-01 5.643803083647203778e+01
3.525199432209375594e+00 9.503107231643954655e-01
3.746357602550054455e+00 -3.313151836999758126e-01
3.516628180371804469e+00 1.096047338521083825e+00
3.517604483115807312e+00 1.090833814627246268e+00
3.516676262872114211e+00 1.095326386097134286e+00
-5.005523134732152712e+00 3.901623896407954106e+01
3.516953485959215975e+00 1.093749827240201755e+00
-1.398121402154991921e+00 -2.583928679039098643e+04
3.609037301745835258e+00 1.607232322270118363e+00
3.419903583734802410e+00 1.720850496353508063e+00
3.516054108356285735e+00 1.099650799817487590e+00
3.516974233553939566e+00 1.092109999482923088e+00
3.619936596784042226e+00 -1.205227599470390665e+01
8.510826490598606853e+00 -2.500703790931733965e+04
3.505834751970147156e+00 1.889188419000830379e+02
3.519355398483409836e+00 1.080848498662096979e+00
3.517405854374019647e+00 1.093738493964802938e+00
3.518568495028559617e+00 1.077991730469170850e+00
3.198463537870758433e+00 2.413768540668369766e+00
3.516690120397748309e+00 1.095384472031662115e+00
3.516786180586186195e+00 1.095312949275951020e+00
1.111313608998645286e+01 -1.787390404981075699e+04
3.517032445207698199e+00 1.100457872578816332e+00
3.519242398418893192e+00 1.143749453916651504e+00
3.517317865288180467e+00 1.088723684476646802e+00
3.511182513561040608e+00 1.168238516327946064e+00
-3.236882794610410841e+00 3.215215333029070166e+01
-2.900716351762843148e-01 1.312565118628534719e+02
3.324535534207688769e+00 2.620162967248226060e+00
3.690085291005748669e+00 -6.236832642380354397e-01
3.516714221198642409e+00 1.094837185950749303e+00
-7.670019866427681521e+00 -1.179653062849052912e+04
3.516982753838444165e+00 1.093026743188256100e+00
4.212773550424004920e-01 -1.495291576940153209e+04
3.513249921711111057e+00 1.104764875061112539e+00
3.516804734091741214e+00 1.094531766360827163e+00
3.516571170480501607e+00 1.094935659293256647e+00
3.516451411274536198e+00 1.096282686348270419e+00
4.787769263652494445e+00 5.773445424033393003e+00
4.066724005651838780e+00 -2.826571365306088102e-01
3.003475707017758456e+00 1.103898924008202442e+00
3.518686772055944711e+00 1.082010654752095125e+00
3.516607830898450970e+00 1.098537091897461071e+00
-1.080403604482530966e+01 -2.350041723502417881e+04
1.142360551857649043e+01 2.100610193458091999e+02
3.536811893141951213e+00 8.967795114373485754e-01
3.571765144074718457e+00 1.264992121035751316e+00
3.515369713638536009e+00 1.106859057883994968e+00
3.516642935605906128e+00 1.095095036296720670e+00
3.548342100951456857e+00 1.257951450614457567e+00
8.249036343538538318e-01 -2.870375148285297837e+04
-3.121676246094327034e+00 -1.007281284341977212e+01
5.544119119649453253e+00 -2.526910905242837180e+04
2.134711875228730449e+01 1.502686545059565404e+01
3.560169729902620261e+00 9.237223339608443551e-01
9.397774426351128696e-01 -2.764689793912152891e+04
3.516828875662488585e+00 1.094279803981744736e+00
8.083281563623678778e+00 -2.806443227916864635e+04
1.819477368680348306e+01 -2.677225317985315996e+04
-7.747562330505544104e+00 -2.705277718462235498e+04
-1.335815612774881700e+01 -3.232465333828021903e+04
3.656835387416844885e+00 6.074282865619466953e-01
3.521083905895796562e+00 1.085167195957948971e+00
3.359542569366691378e+00 1.925346273787791107e+00
3.516152326903523750e+00 1.102026593668816501e+00
3.514934628693068941e+00 1.101421195242080708e+00
3.473441628152264204e+00 1.061252325434494104e+00
1.107334299486137041e+01 2.239062749908730439e+02
7.075706314498067862e+00 -2.830842076401592422e+01
5.536106014582549584e+00 1.172033055054767381e+01
-1.850404845123418962e+00 -3.051722876493951844e+04
3.476454437255459329e+00 1.377614890917634893e+00
-4.119166107553334122e+00 -7.641991959392656497e+01
3.516681058512046487e+00 1.094699145640816829e+00
6.211659710525256894e-01 -3.297974747369629040e+04
3.516976301432410246e+00 1.094639241528992057e+00
3.518795404718482178e+00 1.082189822493776932e+00
3.563718373005566598e+00 6.418253089851824189e-01
3.514088779165495779e+00 1.107682815302775348e+00
3.516739736255716231e+00 1.095038716580816862e+00
3.416695732692225373e+00 2.046923206529024153e+00
3.516677103109683511e+00 1.094964476959634503e+00
3.516661934671137413e+00 1.095226317253167769e+00
6.498747134464212039e+00 -2.951653148825233438e+04
1.093821557388946175e+01 -1.052773767823475310e+02
1.969210734382970784e+00 -3.216152238282972394e+04
2.856968264324674323e+00 1.678195012472036041e+01
3.490324455446462082e+00 1.132481019789567167e+00
3.027893983529540645e+00 5.900412996183921344e+00
3.517295325730656952e+00 1.091609541717682097e+00
1.535775743843906227e+01 -1.215466891233334223e+01
-2.251928916115183199e+00 1.059196149447836355e+01
-8.226963171174565659e+00 -3.409084731140315853e+04
1.528212428254345490e+01 -8.076693526016175895e+01
3.520530688697405264e+00 1.079719613829949854e+00
1.392856212824723627e+01 -3.239746847150614849e+04
3.516835012136448224e+00 1.094033946911443067e+00
6.169771374678715503e+00 -1.134996995335711745e+01
-1.952712840696286634e+01 8.222140685153203776e+02
-6.626994011964559839e+00 -4.101106471130168211e+04
-6.178512840535413275e+00 -3.802469354651730100e+04
8.592870527109104373e+00 -3.747009435423577816e+04
3.512950991797124445e+00 1.082189238617051741e+00
-2.058899617756379641e+00 -3.696156945648416149e+04
3.517081699921502658e+00 1.092582450370185532e+00
3.516611206682041857e+00 1.094681237050305622e+00
3.122014145476614821e+00 1.745654895275183360e+00
3.474831976612191564e+00 1.228733743921716082e+00
3.520609269997201363e+00 1.133082133447963935e+00
3.517148841792171243e+00 1.092571385164828213e+00
-1.059636566040041572e+01 1.743982628321616062e+02
2.142622220885708018e+01 -1.732613842202952696e+02
2.063439692661249492e+00 6.711179634223950252e+00
-1.457572383866731158e+00 1.627054916507145208e+02
1.126782193244883956e+01 -3.525392097485671172e+01
3.500921729261927240e+00 9.522103812136892831e-01
-8.003616311918371196e+00 5.127432317477727111e+02
3.615095922474372170e+00 6.852860130154848628e-01
3.516902287070795552e+00 1.094679643574985706e+00
3.519629249798733817e+00 1.016584630339496309e+00
3.507928747340698372e+00 1.155623297223351553e+00
3.420807452080197208e+00 2.054183275903879391e+00
8.851409984171684897e+00 -1.835223115764917020e+04
3.515046821498085894e+00 1.103412559368347257e+00
6.519999802653938303e+00 -1.392231966917156427e+01
1.633638442434640581e+01 -2.451301759848028814e+04
3.517664616993217308e+00 2.453378693410297462e+00
3.500724368747645698e+00 8.259003634959183326e-01
3.516592401740683549e+00 1.093170792697670146e+00
3.519399811100392128e+00 1.072603407158081001e+00
-1.436368190722918659e+00 2.840772861410460450e+02
3.518186161822637104e+00 1.058549913927799624e+00
3.179252624723219789e+00 2.282080766775906433e+00
3.527292802721062603e+00 1.031501856042839060e+00
3.501818063528732150e+00 1.227780028151612468e+00
3.523788586421309432e+00 1.078779378648677234e+00
5.085423190238446800e+00 -3.774025173804356018e+04
3.516714648299482882e+00 1.107925507908820384e+00
3.482865742088596228e+00 1.235818462216762281e+00
3.516800654795082970e+00 1.095124819394717619e+00
3.516938085668384950e+00 1.094066429677768459e+00
1.267402612977127774e+01 -3.743553158953907405e+04
7.181618728118044359e+00 1.393892776674596057e+01
3.517072424930527852e+00 1.092360968304561863e+00
3.517623744058977486e+00 1.087307839168753620e+00
3.516870272066763725e+00 1.090291581189577030e+00
3.520774138431195244e+00 1.066421171233548959e+00
-5.984873663325404713e+00 -4.392484696973347309e+04
3.517563721895176965e+00 1.092845827631054423e+00
-2.229543246118775457e+01 -3.964049541185556882e+04
-9.878089263618690552e+00 2.436149521997519969e+02
1.201695676462873408e+01 -3.887823870119994535e+04
2.998274050277103697e+00 -7.493543464061421844e+01
3.516778696776239777e+00 1.094258851685765865e+00
4.445107758657572683e-01 -4.229777088804711093e+04
-2.282548317832206575e+00 -4.212322332995097531e+04
1.127008243244999619e+01 -7.979986505903549414e+02
2.491083320763570974e+00 1.553239675528317143e+01
2.879529692903005866e+00 -4.415368260253745802e+01
3.624945581232366099e+00 2.885673110246747552e-01
3.516838501580861198e+00 1.094383838625492711e+00
3.516836752920448284e+00 1.093415819172111503e+00
1.320414096115132940e+00 -3.895893667227751575e+04
4.160823472440883464e+00 -4.143247642270379583e+04
3.521152380634587242e+00 1.066165701693150059e+00
2.892509104163337952e+00 3.922349162435009973e+00
3.514869038700384252e+00 1.102368565937607237e+00
3.516604630842758539e+00 1.095043084762684860e+00
1.217119582787043619e+01 -3.456909585621675797e+04
2.626112617327573506e+00 2.444208543162631031e+00
1.964957773892062676e+01 -1.516817088323236078e+02
-1.198382406245237597e+01 -1.714997915945196212e+02
3.516556316808514548e+00 1.095021731240648277e+00
3.516236760876608081e+00 1.096772245881620700e+00
3.766892620317449314e+00 -8.020149431496825798e-02
-4.506643707466205129e+00 4.378520336240123356e+02
1.545394792118574756e+01 2.388898964727642920e+02
-3.744993273022426017e+00 -3.027018117350035595e+02
1.318246990358798243e+01 -8.053195017150520130e+01
9.113381501746669500e+00 -3.676167875925905537e+04
7.889952295136471783e+00 -2.933036208065691852e+01
7.829266161555048065e+00 -3.457312356609291015e+01
3.786167235096037142e+00 -7.561725227631406199e-01
3.532040190002527336e+00 1.092938236269483054e+00
3.517076617792330051e+00 1.093495673575849203e+00
3.516828956543011309e+00 1.093709978952174477e+00
3.515163737361809204e+00 1.093879662043351297e+00
3.589613408380264215e+00 7.606116297351258604e-01
3.517595762968868556e+00 1.092111165048134325e+00
3.519431740080279702e+00 1.095771267688765649e+00
3.150478558257922224e+00 1.820806735982315461e-01
3.516923759371340719e+00 1.093900165502560196e+00
3.517378090335474550e+00 1.095189978820034771e+00
3.512528666809150657e+00 1.139120042743745786e+00
-2.481891522631562097e+00 -3.172614103030873594e+04
-2.231325875412363402e+01 -3.397062124683170259e+04
3.482625449373260906e+00 1.796730333659681156e+00
3.515635269433386334e+00 1.096539427442347447e+00
-9.468310887330437353e+00 -3.568688016750146926e+04
-6.040527422793569023e-01 -6.179019491786689855e+00
2.534001341696020759e+00 1.198662725986758559e+01
3.506999739512681735e+00 1.228122465361639826e+00
3.623776418665762389e+00 9.116393565754628003e-01
3.517427177417422168e+00 1.090430942027618810e+00
3.518808215281830076e+00 1.080334031686530194e+00
-9.253910253132833219e-01 8.962420027553104518e+00
3.150113858857300553e+00 2.872998711340790212e+00
3.500091112676033678e+00 1.192198635025668807e+00
3.519379497732818329e+00 1.064810354592284680e+00
4.484414753319708735e-01 -3.612152663572537131e+04
5.848437634631462601e+00 -3.818406497218618460e+04
3.514215994026712142e+00 1.116851476340607219e+00
1.412420090261231209e+01 -3.533874677405489638e+04
5.016004960725907402e+00 -8.629983869203632807e+00
4.488925614237316175e+00 -7.481391130012374546e+00
3.515781333761039296e+00 1.121262073599611053e+00
6.858988673877865594e+00 -3.708915675942728558e+04
3.516795278914032430e+00 1.094260019434966091e+00
-5.717717718119912362e-01 -3.561215103543864825e+04
-1.644047329404996916e+01 -3.410127352671678091e+04
3.517009441071707432e+00 1.095025451573608422e+00
-1.249483683883148721e+01 -3.917280966710568464e+04
-1.688520847580281625e+01 -4.052760433337443101e+04
3.525902828676473089e+00 1.083508228344081781e+00
3.536090050272774565e+00 9.005984969921791983e-01
3.516538892560792995e+00 1.097467310600328094e+00
-1.552461580375323535e+01 7.137161349617990425e+01
3.931176874293798473e+00 -3.018550891987521911e+00
-3.674411886936487015e+00 -1.906799275077360800e+00
4.914104881755516629e+00 3.336870025554437547e+01
2.919747150606112118e+00 7.828285781806449073e+00
-7.017160394326345418e+00 -4.060705076891959470e+04
-3.615182116639353627e+00 -3.762266439070541674e+04
-6.296169932759105414e+00 -3.973779130034656555e+04
3.516916784537518659e+00 1.089002869028047327e+00
3.437990008697906497e+00 1.648577419044689352e+00
3.517633249961669151e+00 1.047140626631412941e+00
3.533471688829159074e+00 1.064633741369713116e+00
3.549389236094401046e+00 1.116053025864246484e+00
1.147215865213205532e+01 -3.312670297042543552e+02
3.610897469981515506e+00 7.441203895349646213e-01
3.377906002273098895e+00 1.393588161156481320e+00
2.968398225132818258e+00 2.898531639512709646e+00
3.164016295771964860e+00 1.811782723150529240e+00
9.636330999366711225e+00 -3.351518601020564529e+04
2.611452268991364178e+00 -1.217560432945558624e+01
3.517052504661295931e+00 1.108926362011940059e+00
3.515749573217517909e+00 1.100455836113329200e+00
4.288798151833423944e+00 -5.785400662567210084e+00
3.454728739520945613e+00 5.448085652929129274e+00
3.516062513506077014e+00 1.093488591694955936e+00
3.516715783100591963e+00 1.094456521151029316e+00
3.516775970795702921e+00 1.094359869480669545e+00
6.962390094720231737e+00 -2.068882473317062676e+01
3.494172634805697175e+00 1.806001981793381894e+00
3.516711634706824352e+00 1.094966909318952686e+00
3.517230669749758398e+00 1.090457355138175322e+00
3.516610213711535593e+00 1.095048050737483569e+00
3.516848137115964779e+00 1.094637807687423692e+00
3.514559217878631348e+00 1.105278477908134604e+00
3.010165560932027251e+00 5.914596970140437726e+00
3.451940261889924422e+00 1.648823245486445765e+00
3.515937548956844960e+00 1.116044685065184616e+00
3.515146715851815706e+00 1.059952508257945070e+00
3.517655884804063771e+00 1.089763340593879803e+00
3.516882765794333121e+00 1.094112534183716567e+00
1.178297865953929424e+01 -3.737190291145591618e+04
3.514884558388396751e+00 1.103625389828825076e+00
-5.532170778775424402e+00 -4.037349224595093983e+04
-9.695173005654506682e+00 -4.420009667219578841e+04
4.647808755410492765e+00 -1.427585170697736139e+01
3.516322287029237881e+00 1.097276980621305187e+00
1.174049707616791727e+00 1.144087791357206285e+01
3.516741994979760921e+00 1.094705828125547509e+00
3.829429517334758337e+00 -1.368136976659543036e+00
-1.458482142011382487e+00 -3.834685936337580642e+04
3.514859523935918162e+00 1.102058583395907343e+00
3.516597502491929816e+00 1.097853717056820555e+00
2.885506894501671304e+00 1.044339512438285666e+01
3.293869736317960317e-01 -2.199428220056294681e+00
2.084919157948753821e+00 -4.239664757993743115e+04
3.520927212622887659e+00 1.053691974987017055e+00
3.515275057552996518e+00 1.107273199380618856e+00
3.521369666248219676e+00 1.596852819239237053e+00
3.516230345429059323e+00 1.097130343311101264e+00
1.565068694402923066e+00 -4.735160949632390839e+04
3.515765633719015515e+00 1.104783111777798643e+00
3.531194800221522545e+00 1.022286872199074770e+00
3.512558959567611883e+00 1.144709441173753728e+00
1.402299206014157384e+01 -6.111245820675158313e+01
3.508986608578250177e+00 1.114168139330809826e+00
-4.785269785839840750e+00 8.130537315923612596e+01
3.516836073095013671e+00 1.094173277974053837e+00
1.523918460603243430e+00 9.926831176030596282e+00
3.516767663030559543e+00 1.095865118849906228e+00
2.892790240854230888e+01 -4.438686896476223774e+04
3.516513818885169673e+00 1.177757035310250222e+00
4.080926768242545855e+00 -1.277573353125717182e+00
3.813979168729770830e+00 2.477969783144479798e+00
-8.750211523124793445e-01 -4.164672322728388826e+04
3.518380814833476755e+00 1.088350569401263845e+00
8.334001086565994143e+00 -4.453706267502748233e+04
7.340570140335272775e+00 -4.449866599177263460e+00
3.518288391233773016e+00 1.087905046922596153e+00
3.490131797708819761e+00 1.268243906244279628e+00
1.050734405164398844e+01 5.498688115392874352e+02
3.561487887576828992e+00 9.406345389144287195e-01
6.106221062860153204e+00 -2.146922368120156932e+01
-8.957077698197869253e+00 -3.687268482130025950e+04
3.989136845190834002e+00 -1.640260904918877216e+00
1.359807393529596897e+00 3.700950141616200284e+00
-4.970318844859738405e+00 -1.397204554468548849e+02
3.481235166838891892e+00 -4.614260793191142875e+04
3.533253482371743637e+00 9.235689101307742455e-01
3.516690044319265684e+00 1.095214127402635018e+00
3.516772333665254102e+00 1.095054365301215249e+00
6.000032985186898316e-02 1.036819714744090737e+00
3.516710622235910133e+00 1.095429212011203912e+00
3.563665378938890793e+00 1.234846102175661153e+00
1.339127292075916520e+00 -1.147943712602504149e+02
-1.622890582160254169e+01 2.309370873501765971e+02
4.075222963887466854e+00 -1.005462910672511700e+00
-3.172388085932799839e+01 1.995097989559328937e+02
3.512175253457678004e+00 1.115181349877656602e+00
3.516849227995401339e+00 1.094100998541366554e+00
3.517587690754741647e+00 1.089568046264786538e+00
3.533927503341910636e+00 9.723672267844580830e-01
3.897213936505478760e+00 -1.804162823661395132e+00
-3.094642997543722629e+00 -5.444370490220050851e+04
3.516989712828309855e+00 1.093347444142627634e+00
3.516823076430804829e+00 1.100328783041598868e+00
-8.562464135272868759e+00 9.203194980315406326e+01
4.832477007658357415e+00 -7.650468954480184713e+00
-2.447454962308088966e+01 -6.011345382423129195e+04
3.478888307784491651e+00 1.391207482329799738e+00
4.558812636471714086e-01 1.845976994496204004e-01
3.516658357616293085e+00 1.095144349382785709e+00
4.782656495477183967e+00 -8.821905927500157532e+02
1.041601961493059392e-01 1.883583602570520199e+01
-1.499263294694749282e+00 -6.052424766294554865e+04
3.516145291966069397e+00 1.094381241524553738e+00
-1.841928476995056840e+01 -5.643175060579092678e+04
3.510042081307579664e+00 1.152207033877062914e+00
3.516677900151158109e+00 1.096744734006267930e+00
3.515916489261694089e+00 1.106071574461398921e+00
3.515701193081975706e+00 1.096151187371649183e+00
3.518057158510673688e+00 1.091002681090406767e+00
3.507055798705423388e+00 1.022667210911705871e+00
3.392489573885224097e+00 3.351417396200839782e+00
3.524299237022086029e+00 1.019374356047102470e+00
2.338866248895169697e+00 6.842089272600889061e+00
-2.296601248795555605e-01 -6.987957018063477790e+02
3.582334546290652177e+00 5.402787968457736234e-01
-1.671744586476475902e+01 -2.181109926794756007e+02
3.219431202000502257e+00 1.764060259110925344e+00
-1.523847966025997636e+01 -1.358105210199092880e+02
3.430533458766528376e+00 1.666123782000146436e+00
3.508175480454062800e+00 1.186619087462670530e+00
4.318612083171787575e+00 -1.328052971683765460e+00
-2.585512113848139393e+00 -7.067863926934538176e+04
1.911416462607511635e+00 9.798953727088546728e+00
3.517169756931354918e+00 1.088499623385619675e+00
9.028070986679674448e+00 -6.751646524551638868e+04
2.719056028212529341e+00 -7.373662464410513348e+04
1.873544031275403476e+00 4.192906516713077458e+00
3.627935275526925185e+00 1.784562328443735524e+00
3.517000006702074799e+00 1.105540645727073112e+00
3.521070918078347933e+00 1.076367010608791031e+00
7.211840608208163417e+00 2.795021952226007045e+01
3.516755641766669438e+00 1.094867213242906923e+00
3.515049729045841787e+00 1.098194279763148984e+00
-9.084209300357855454e+00 -6.784691181440807122e+04
3.516627602858238166e+00 1.096358173510516343e+00
-1.148041134328231649e+01 -6.747717298625137482e+04
3.515770335212717423e+00 1.125953338283329552e+00
3.163746921787510491e+00 1.668687809006153211e+00
6.716278681240935633e+00 -1.562527410976168518e+01
1.516890106654949655e+01 -1.072672444127424427e+02
2.724248870348411344e-01 -7.126030979629696230e+04
3.521974907776547425e+00 1.088006407437828615e+00
3.518127537218794565e+00 1.220821803916208648e+00
3.550400833060109562e+00 7.505794898492345046e-01
3.517233617523977340e+00 1.092986197344262278e+00
2.474998595718993499e-01 -6.441833324816674576e+04
2.972674234622272316e+00 -6.082663220919972082e+04
3.396474703301501918e+00 -6.042710652944866888e+04
3.549722134013901798e+00 8.253768178988734050e-01
8.002379027358397678e+00 -5.688808124444681744e+04
3.516734502612375302e+00 1.094975914451068455e+00
3.493690386278644144e+00 1.044857826914311394e+00
3.518574785778251446e+00 1.068866491423484222e+00
-1.039152622021840244e+01 -5.388994750483993994e+04
3.517529009089698455e+00 1.093374668371599023e+00
-8.124715524286567625e-01 -5.183706042755491217e+04
4.450193830497715552e+00 -1.326226226859649637e+00
3.185626747305273287e+00 -5.530229532387214567e+04
1.072504315447844370e+01 -5.730485430900095525e+04
3.684465958517586959e+00 1.323448292642343815e-01
4.615318674366952756e+00 -6.023799286729055166e+04
-1.205482071690450852e+01 -6.253090081841446954e+04
-1.625971172059555769e+01 -6.240672125653624971e+04
3.515002586832157494e+00 1.107838557971692284e+00
-1.215044864395383728e+00 -6.170426854775637912e+04
3.645264454938334620e+00 7.818881380960501781e-01
3.516785978963140824e+00 1.093620591610378057e+00
3.507437555463367662e+00 1.202507484552805428e+00
3.501152188430346257e+00 1.223258973846867104e+00
2.023714487597568557e+00 -6.229942578378868347e+04
-2.248469005353714678e+01 -6.448745441610854323e+04
3.925941102766476565e+00 -1.214651033991023699e+00
3.513927410518413286e+00 1.096358324001246221e+00
2.091599174336821410e+00 1.086694357992996451e+01
3.516257542340606168e+00 1.100661782258461230e+00
3.542859720988532413e+00 8.336511424889669897e-01
3.507782060584451411e+00 1.162506668255622211e+00
-5.691769530215434081e+00 -9.208826761434677621e+01
3.518195762309457297e+00 1.085008880119431529e+00
4.947271085471651730e+00 -4.344413502575655883e+01
3.517676468518974975e+00 1.090001186068808359e+00
3.562456426084140038e+00 8.793212467242011998e-01
4.549783345771704068e-01 -5.174321625814813888e+04
2.322961156132100413e+00 1.300105430762718228e+01
3.619531816756833553e+00 -2.727354134063251223e-01
3.581109428956503749e+00 3.096632057428280738e-01
3.823748309741937135e+00 4.535001522846163624e+01
3.523283486029233913e+00 1.064874195728733097e+00
-8.179597080278927734e+00 5.674168468643275531e+01
-5.038582771576552766e+00 -5.771585277144311112e+04
3.768856913245288265e+00 2.073581330830789604e-01
3.516434826803569891e+00 1.105600366820244540e+00
3.517586138943431529e+00 1.091021564179132985e+00
3.514555482568392897e+00 1.121477512393190601e+00
