0.000000000000000000e+00
0.000000000000000000e+00
0.000000000000000000e+00
0.000000000000000000e+00
0.000000000000000000e+00
0.000000000000000000e+00
0.000000000000000000e+00
0.000000000000000000e+00
0.000000000000000000e+00
0.000000000000000000e+00
9.415272583004640296e-30
0.000000000000000000e+00
1.225319400481048308e-188
0.000000000000000000e+00
2.793796977253880926e-09
2.631473935891371347e-12
0.000000000000000000e+00
0.000000000000000000e+00
1.167911597123414967e-105
4.263184298541209266e-72
3.381928414087570583e-14
2.646450003872517743e-23
3.316285550171040022e-08
0.000000000000000000e+00
0.000000000000000000e+00
7.215844336133378500e-02
1.169838402377690713e-03
1.323311929276873578e-01
1.361069916440213745e-01
7.228652574895855178e-40
1.002495643157287619e-02
1.300290137416291458e-01
5.362720082426649659e-01
2.628292003961517631e-01
2.717554199759674996e-281
5.070986646023104976e-05
1.484958595870558389e-03
3.059194176741562854e-02
1.759806110165020869e-06
2.214544132531042874e-05
0.000000000000000000e+00
4.202277200464460490e-85
0.000000000000000000e+00
3.223429805685561478e-01
5.878147573844707402e-02
5.909850084062243797e-02
4.873480581003579795e-03
1.214550708318015140e-03
1.214874870215423928e-03
0.000000000000000000e+00
3.063774692266825587e-08
1.404709485644953515e-01
5.750905730041615260e-02
5.803419739691844520e-02
2.213714943220687300e-04
3.055102214659212792e-02
5.950193525489617745e-05
8.714426330703278779e-32
2.213610889335999833e-04
1.004517126885379023e-02
1.001818439636416314e-02
3.097394599881418686e-02
5.950367829389877305e-05
0.000000000000000000e+00
2.479308367201587537e-01
2.413573598923605956e-02
5.950163804572291670e-05
2.486258903670134801e-21
2.088932946158908447e-29
5.889569819216600166e-02
4.875905370964494188e-03
3.719044938806748135e-01
1.215060244458876981e-03
0.000000000000000000e+00
5.791863470804408526e-02
2.213735929081846762e-04
5.950138944283987942e-05
2.213822437432377268e-04
1.002067572070284608e-02
1.214006280652957801e-03
1.004560932881729159e-02
3.068928323719046294e-02
5.853485417699779564e-02
3.435550299370269443e-06
2.448514972394089939e-01
6.553109964893702802e-04
1.088611269026852376e-06
1.214720308525374598e-03
7.067714689897004814e-90
1.733628384426184053e-05
1.088611462986469726e-06
3.875326116268180687e-01
1.537121554321677241e-07
0.000000000000000000e+00
2.717236328243306580e-07
3.181626191664477482e-04
1.215176771522118865e-03
1.393025358003226466e-01
4.918586048358095791e-02
1.733644417285685544e-05
2.331845040122015444e-03
1.853253090171325212e-08
1.733627304844019286e-05
0.000000000000000000e+00
1.853253062727994727e-08
0.000000000000000000e+00
0.000000000000000000e+00
5.125603898306479553e-08
1.537121509085984866e-07
1.537121473219169337e-07
3.435554956780165897e-06
1.853253057643058745e-08
1.537121592144957560e-07
1.537121534736101272e-07
2.717236390812680658e-07
1.088611225202637600e-06
1.853253061521449233e-08
1.088611240609027863e-06
1.733623681870487252e-05
5.125603904505898473e-08
2.717236719581736518e-07
3.435551009400534177e-06
4.026934605366122111e-05
5.786815465690062221e-02
3.706224575913296654e-18
1.733636203870764551e-05
0.000000000000000000e+00
3.907319369321111165e-64
0.000000000000000000e+00
5.950168293131361723e-05
3.282312041498605673e-139
0.000000000000000000e+00
8.698352422301740221e-98
1.281066019480150420e-01
7.269651060445086979e-06
0.000000000000000000e+00
1.537121467133942501e-07
0.000000000000000000e+00
7.269669309390144634e-06
1.394167686356289071e-01
8.203886657087195808e-06
1.537121569531523090e-07
6.552443576363505776e-04
4.883157640447786767e-03
5.958784874338184101e-02
1.001461776785139528e-02
3.303478661512721515e-01
4.752649981455855238e-02
5.751634842358679944e-02
5.687541825797277628e-01
7.269648104335870416e-06
6.303591929067324876e-193
0.000000000000000000e+00
6.552496416840212405e-04
1.343886546327503484e-01
1.005765507548554705e-02
3.999974136077069087e-01
1.351945962292659953e-01
5.125604088038646306e-08
1.002338649749101585e-02
7.483343040142179145e-263
5.125604077642158618e-08
2.218244708418112120e-128
5.125604017009194369e-08
5.950677513391397500e-02
1.733628665160910425e-05
3.086772359153656662e-10
9.530027897352352229e-01
3.065618584900431029e-02
7.269642794296409700e-06
2.717236377674451610e-07
6.001221494115069333e-02
5.911774769864500817e-02
4.883133768801122161e-03
4.877402029221647971e-03
0.000000000000000000e+00
0.000000000000000000e+00
1.839284677896929238e-06
1.088610901227193815e-06
2.785217039185161673e-247
1.853253064389605032e-08
1.000000000000000000e+00
3.072259999748328321e-02
2.540457322079372592e-03
2.929891813379794166e-02
2.717236620503000952e-07
3.327194807007687327e-01
0.000000000000000000e+00
2.717236146374284848e-07
7.269642952650796364e-06
3.435551197918842366e-06
3.877916587230031986e-11
0.000000000000000000e+00
0.000000000000000000e+00
2.486139068365349290e-50
4.409107738050626474e-02
1.853253085513327585e-08
0.000000000000000000e+00
4.367981218216653028e-02
1.853253078702494143e-08
1.537121523700848568e-07
5.950259735440814672e-05
1.733634802079200255e-05
1.236672207573921399e-29
1.329729991256677624e-01
5.305103558989802265e-02
8.181520608355289381e-01
1.733643441261078068e-05
2.735785844702253167e-01
2.366352180321231807e-39
2.994250102013564785e-01
4.139011668087736652e-16
5.950264346251274509e-05
1.733635287670394991e-05
0.000000000000000000e+00
6.553129949317263239e-04
1.275394379748161777e-01
2.717236703952345985e-07
6.138074208118134311e-238
4.687814036135904555e-02
1.246556303285799860e-01
1.214899741949680267e-03
2.717236769280910301e-07
1.733634061487927661e-05
1.853253090377407005e-08
1.346830096045571468e-01
1.323428711312098744e-29
1.343848713507601045e-01
4.876486182653551327e-03
1.076708591512268409e-32
1.241885755865707874e-01
3.309611699344824576e-110
4.874754173161051710e-03
2.213643398794408522e-04
0.000000000000000000e+00
5.988947843387029679e-02
1.334651898946945525e-01
7.269664152635176052e-06
7.269642747751992447e-06
2.717236442218173726e-07
1.088611691822183540e-06
4.411574973200135807e-01
1.537121524439999164e-07
1.214038816372806778e-03
1.302092722794193096e-145
3.051580999712886696e-02
2.088731430024415303e-02
1.386354293373991131e-01
5.950339788236014564e-05
6.552007809460892512e-04
9.959479221677834948e-01
3.066170800309760830e-02
3.091467482513839127e-02
1.537121532859565158e-07
2.065689712008679571e-236
5.950136001134929601e-05
3.435554508091542156e-06
1.971756856337441421e-09
1.088611187528824132e-06
1.357833387600269615e-01
3.435551649959892493e-06
3.127966732097562375e-01
5.743493373552142033e-03
1.005631502183328314e-02
0.000000000000000000e+00
1.423382444815926660e-03
1.214660249478575387e-03
6.553085316106725374e-04
6.553518768663428628e-04
7.269674109325258993e-06
3.329148485482098796e-02
8.992373700709035411e-01
1.262255511894725124e-01
9.019966931619356030e-254
9.366637331463371194e-11
5.950267189982569468e-05
2.717236131143512255e-07
1.853253068051484635e-08
2.645301481446140635e-01
3.477005478514327147e-02
3.485736286120073857e-02
1.001733799564029359e-02
7.269645273440610487e-06
0.000000000000000000e+00
2.717236576745366777e-07
0.000000000000000000e+00
1.001637529698508854e-02
3.435552553464216750e-06
5.950219058341778836e-05
5.125603989408668134e-08
1.537121606912575448e-07
1.853253089947229742e-08
5.749323380270927875e-02
3.115221777487888200e-01
1.805869631683424640e-14
1.853253068746104591e-08
5.759820111883874605e-02
0.000000000000000000e+00
1.307874169953040511e-01
1.394776641273384188e-01
1.214873249095096541e-03
1.733623772962719750e-05
2.717236679357034414e-07
0.000000000000000000e+00
1.214250603176026105e-03
1.537121601164638720e-07
1.000912890752788525e-02
3.048883575330287032e-02
6.552644533895751440e-04
0.000000000000000000e+00
1.537121590926902741e-07
5.878542919431379854e-01
2.717236795618807402e-07
5.928404199712369871e-02
3.486695777047852524e-02
0.000000000000000000e+00
0.000000000000000000e+00
0.000000000000000000e+00
7.269643242206768981e-06
1.214133995138339840e-03
1.733629548174108983e-05
2.039331804135178784e-17
7.269643001964586991e-06
2.717236489546813574e-07
5.125603999355008766e-08
3.435552759203838087e-06
7.269643162373565572e-06
3.326853283137878869e-02
2.429267933760313747e-01
7.269655116994132355e-06
5.950217530578844771e-05
1.733629965839725905e-05
2.213706810346542382e-04
1.356397364772019831e-01
2.122895034453270435e-01
2.213760954740158623e-04
1.408442229355285347e-01
5.613055938919622179e-01
2.717236605730963934e-07
1.537121474337069921e-07
4.872320172589884521e-03
2.479348438416393430e-10
1.853253078841418135e-08
3.435554794537695140e-06
5.815443437255919668e-02
4.575137265223575875e-108
2.337106042285656935e-10
2.213853827691365317e-04
3.435550768043334109e-06
0.000000000000000000e+00
5.125603935212798266e-08
5.472709236458320334e-14
1.247980897091036795e-01
2.717236528932811182e-07
2.213617489444397743e-04
5.999218582993884330e-02
1.733627340382880365e-05
5.734215660828276273e-02
1.214895819305339625e-03
2.717236788407941807e-07
2.213860339780700974e-04
1.853253076364251090e-08
1.392189963659148174e-85
3.065078316530274460e-02
4.785306615688703479e-28
3.100900849081267632e-02
2.717236716333660039e-07
0.000000000000000000e+00
1.005798575408186485e-02
7.269652082381707422e-06
1.853253055519588505e-08
5.950348011862218942e-05
1.244047107780240106e-03
0.000000000000000000e+00
3.606576675069777527e-01
6.695846262815448313e-02
2.717236716159200368e-07
1.733633727728228638e-05
1.853253063801462742e-08
5.950248792223633993e-05
0.000000000000000000e+00
4.879870765561140217e-03
2.717236743844463779e-07
2.717236534469477512e-07
2.571157832741076399e-02
6.442751465944943732e-14
2.213724330105706580e-04
4.872641049662911408e-03
3.062217996596451886e-01
7.086557217916958917e-01
2.791549646714805988e-01
1.215020025236304181e-03
5.950153702581732773e-05
1.731700328857279429e-67
1.853253051966767703e-08
9.038455838917680563e-02
2.717236305215736527e-07
0.000000000000000000e+00
7.269648842281892318e-06
6.341210064750432784e-133
9.803315785785104553e-84
4.909775893468109628e-33
1.362433013730929010e-01
2.717236781282144260e-07
3.798642910667733852e-01
3.100102042524024645e-02
1.526587474698530632e-05
1.088611163449450705e-06
1.109505368643989449e-05
0.000000000000000000e+00
5.986664732909154074e-02
1.733632341561640563e-05
1.853253069583862858e-08
1.088610941913147923e-06
1.853253050039898112e-08
2.717236729163091579e-07
1.088611567968626405e-06
1.006817550876860576e-02
0.000000000000000000e+00
5.947833888897499643e-02
1.853253076707624019e-08
1.002525532173662894e-02
9.593995524916727596e-311
2.213706009130078872e-04
3.097560421445757703e-02
0.000000000000000000e+00
3.045549587899468516e-02
1.088611520320686158e-06
0.000000000000000000e+00
3.435555706639846810e-06
5.950126458370855133e-05
7.269650600656415372e-06
1.853253080568632465e-08
3.062161910770787657e-02
5.599632435675935496e-146
1.004552375258450231e-02
5.899241861594663877e-02
3.075383070675761707e-02
1.733642920539503552e-05
1.070378619976719243e-09
5.950306461587564789e-05
8.482512107663612464e-14
1.853253087676960752e-08
4.881531618826592984e-03
1.733628064602505675e-05
0.000000000000000000e+00
5.125603902836787625e-08
5.125603931503824955e-08
2.717236499135195832e-07
0.000000000000000000e+00
1.733642888825393658e-05
1.434662097084034860e-01
1.391128213155841675e-01
2.816638864559545818e-01
1.853253061520290519e-08
0.000000000000000000e+00
1.217179036124843196e-102
0.000000000000000000e+00
0.000000000000000000e+00
1.206484991641617671e-91
0.000000000000000000e+00
7.269663967561330731e-06
7.269663401490915465e-06
5.125604043700105157e-08
1.853253064327030142e-08
4.993605449746113651e-14
0.000000000000000000e+00
2.213809205729228480e-04
1.832294708680183459e-82
0.000000000000000000e+00
6.552094463920265545e-04
0.000000000000000000e+00
0.000000000000000000e+00
5.319386754201945733e-01
1.733632530458024449e-05
1.728350392117915201e-30
1.537121495095592233e-07
1.537121591053356819e-07
5.880140304151387776e-01
9.735601882865102129e-06
1.733624152055619400e-05
2.717236128809860252e-07
5.950355393948616865e-05
0.000000000000000000e+00
4.348466883596687195e-73
3.685672506361296974e-39
3.435553718868772699e-06
3.622573133638612441e-01
2.717236393333534883e-07
0.000000000000000000e+00
1.853253077345647285e-08
3.465036392587144982e-04
6.317896480537247620e-15
3.435551876052917224e-06
1.853253066040628418e-08
0.000000000000000000e+00
3.785489676798728942e-01
0.000000000000000000e+00
3.740126012219699932e-11
0.000000000000000000e+00
1.423764619348610594e-01
1.214975138242591719e-03
4.671480234300542772e-51
0.000000000000000000e+00
1.643478699776256635e-114
2.472939650379375938e-188
3.372528281921078643e-276
1.853253054791178882e-08
0.000000000000000000e+00
1.214850862276571500e-03
5.950177187090731703e-05
1.047253244459226455e-06
1.215014161122886455e-03
5.950312513391241032e-05
6.216029450826494257e-27
3.819652964384511740e-01
7.269656893287607761e-06
0.000000000000000000e+00
2.213695623091715980e-04
1.733624485405744451e-05
0.000000000000000000e+00
2.213782072938637899e-04
1.895811493443568807e-01
0.000000000000000000e+00
1.733636231915226851e-05
3.084489603288125339e-02
7.269642337643549778e-06
1.214091844976920723e-03
4.873935927422505358e-03
5.828420082869207874e-01
0.000000000000000000e+00
0.000000000000000000e+00
1.088611554384284691e-06
5.125604007630199053e-08
7.269657090132812252e-06
1.088611030550543923e-06
4.875927620439035604e-03
0.000000000000000000e+00
5.748122657629729099e-02
3.553116771260066142e-02
0.000000000000000000e+00
0.000000000000000000e+00
6.552131473779211493e-04
5.036952118210062668e-02
1.615476963945963707e-04
5.125604014174438469e-08
5.781997492788838733e-02
3.918900741532258536e-01
1.214671174174856245e-03
5.125604041686101021e-08
1.088611071059014558e-06
6.552447395497370186e-04
2.717236595622254101e-07
1.853253068243213189e-08
1.853253058232333941e-08
7.269639560470897132e-06
1.553476111249295737e-05
5.125604022019294329e-08
2.717236529817386748e-07
6.553010778226263334e-04
0.000000000000000000e+00
4.878247456934969514e-03
3.435554077831829071e-06
0.000000000000000000e+00
0.000000000000000000e+00
0.000000000000000000e+00
1.215065112531341215e-03
1.733631045956161447e-05
3.435554429539997852e-06
2.774221172938577670e-05
3.701618027281425860e-01
2.449919845435191053e-05
7.269636686713273019e-06
4.877038474414175685e-03
1.301908965227447090e-01
7.269659547876766285e-06
1.853253086052853161e-08
0.000000000000000000e+00
5.125604090136124215e-08
1.266515142182604303e-01
3.154294735372882626e-43
1.394775459944654628e-01
4.485597628122654545e-26
5.125603917493202529e-08
5.125603935594110662e-08
1.853253076519740862e-08
2.213747026401280589e-04
5.125604067484730758e-08
3.435552994971629095e-06
1.005573411770599966e-02
0.000000000000000000e+00
1.542416863603533720e-13
1.214819918605545808e-03
3.448373548320727289e-01
1.242713726315485268e-01
1.345235418740903610e-11
2.213706073283650921e-04
5.943626876070266796e-02
4.883797942372205929e-03
5.074932767067528236e-248
6.313902732279684939e-31
1.368062398971400806e-01
0.000000000000000000e+00
1.259637187676568955e-58
2.123801236677583319e-244
8.957813971997761193e-01
1.005222782309157965e-02
4.236684500257006936e-03
0.000000000000000000e+00
1.409893967325440158e-111
0.000000000000000000e+00
1.733630375271648271e-05
1.006218262883395650e-02
5.911237407401159077e-02
0.000000000000000000e+00
3.884691158043519561e-11
2.213620282083677833e-04
2.965803730172584043e-02
5.785777763146390806e-02
5.814399940501852743e-02
1.853253060583507813e-08
2.758414874054623822e-02
5.396135629841593577e-05
1.212420668330203995e-105
5.776858823772628834e-33
5.930242826475422280e-02
0.000000000000000000e+00
0.000000000000000000e+00
1.088611651752035091e-06
1.733642876177310664e-05
3.403039536776018836e-02
7.269641602442455879e-06
5.950161586893633906e-05
6.012114886113627266e-02
5.950132836812448530e-05
2.717236807433032368e-07
3.820714381394937353e-01
0.000000000000000000e+00
5.950253197994762234e-05
1.853253050587192900e-08
1.633120920799726402e-144
1.267137556092066131e-01
1.259312071597830651e-01
6.020353671798109318e-02
1.040676029508388745e-07
5.444727620628832520e-11
1.214441201133726342e-03
6.552770937855188554e-04
7.555574548853751839e-264
1.035041019738167552e-11
0.000000000000000000e+00
3.435554790886822201e-06
0.000000000000000000e+00
0.000000000000000000e+00
1.214442172497367124e-03
5.950239604802811365e-05
6.554088272759922952e-04
1.537121583192904833e-07
3.923838563620585251e-01
3.092216005456046440e-02
1.853253072429264242e-08
1.853253053539967290e-08
0.000000000000000000e+00
1.214987577844847113e-03
2.675731358562816742e-01
1.686745134023572011e-197
0.000000000000000000e+00
2.431565302325800532e-19
1.537121447723118165e-07
7.269638612403371191e-06
3.149670255840705813e-01
5.125604002958073842e-08
0.000000000000000000e+00
2.297413707355978551e-210
1.215075786940685715e-03
1.088610920253549844e-06
1.537121481075776059e-07
0.000000000000000000e+00
0.000000000000000000e+00
2.435394929751469837e-26
4.418869092211791700e-234
1.733638698589916132e-05
1.537121517198120781e-07
1.088611128807731433e-06
1.853253057611007812e-08
1.088611350216335529e-06
1.119469902030749661e-252
2.621347883007478460e-61
0.000000000000000000e+00
6.015928826513755601e-02
0.000000000000000000e+00
2.213608214569563119e-04
1.853253083884031586e-08
3.644678315751949429e-152
5.950168593745882927e-05
9.273505428747146114e-21
5.125603928830334202e-08
5.125603999867067976e-08
3.435551472736656423e-06
3.055361679443122092e-02
1.537121495942891731e-07
0.000000000000000000e+00
1.853253087711434993e-08
4.029734055591901454e-01
0.000000000000000000e+00
8.182717216540060789e-01
2.492652952547732281e-01
8.320364498036546299e-128
1.853253064755232098e-08
2.925521286886512140e-01
2.717236281810018144e-07
3.105701476814998196e-01
1.733624231829623507e-05
1.088611294895963646e-06
0.000000000000000000e+00
0.000000000000000000e+00
3.721192812529209833e-04
6.060344843550545015e-03
9.954659188233726252e-02
0.000000000000000000e+00
5.125604040251751310e-08
6.552460694281075308e-04
0.000000000000000000e+00
0.000000000000000000e+00
0.000000000000000000e+00
6.168284799422218372e-12
3.464298135373803933e-01
0.000000000000000000e+00
2.663266763543644666e-01
0.000000000000000000e+00
2.110275224836056401e-04
6.552457813920920275e-04
1.088611411516738843e-06
6.094660751328857523e-17
1.088611492610117002e-06
1.214967957954932350e-03
3.296349474630082543e-01
0.000000000000000000e+00
2.205281237711129905e-29
1.853253073806784991e-08
4.879862890011765243e-03
3.174342699193474227e-01
1.537121518247126088e-07
7.481339926784072469e-279
0.000000000000000000e+00
2.008579216540954532e-02
1.214679707646910446e-03
0.000000000000000000e+00
2.659850508112076573e-01
0.000000000000000000e+00
4.450274295833930707e-14
2.717236396274164342e-07
3.086689769419304410e-02
5.950314262175161712e-05
1.537121556493738386e-07
1.215012004869631080e-03
1.006340521917981415e-02
3.869795166939829222e-41
1.406458183985513921e-01
3.324631942468564971e-01
2.717236353445553786e-07
2.717236439606769032e-07
3.435551735443334209e-06
3.100015788639291781e-02
1.088022460197949015e-04
0.000000000000000000e+00
1.268422033971392249e-01
2.495411052611354874e-01
8.347923662335049477e-166
0.000000000000000000e+00
1.088611164175353918e-06
0.000000000000000000e+00
1.007040341745896357e-02
7.269646937731665514e-06
1.254932862817934036e-01
1.214433534232435422e-03
7.850546472166900514e-151
1.340817504164936731e-159
5.125604058258843265e-08
1.853253064113758496e-08
0.000000000000000000e+00
1.733626458659950833e-05
1.289604584649023389e-01
1.006374706724268153e-02
1.230075025277509437e-20
3.730575339558111492e-01
1.215046710397975696e-03
3.120747897112439717e-01
0.000000000000000000e+00
5.054330202003866631e-35
8.709233619685780943e-14
7.825179436035465994e-66
1.006497879917593249e-02
0.000000000000000000e+00
4.875832253784221151e-03
4.347311795145735180e-01
1.004574410947654990e-02
3.056977082374375335e-02
2.213661249138593613e-04
1.006278458849862653e-02
4.228193143952515643e-05
1.007104120479911276e-02
4.877045849773762633e-03
6.150774663353763641e-61
3.065207633330467932e-02
6.553749403203262868e-04
7.269647580696383948e-06
5.950153729872176170e-05
8.959017678771366913e-03
1.088611673992549964e-06
0.000000000000000000e+00
0.000000000000000000e+00
2.738155345298663446e-01
0.000000000000000000e+00
7.269664372700011717e-06
6.521976133845734849e-196
0.000000000000000000e+00
7.090813495220840146e-01
2.669098395123754522e-33
1.537121490785808394e-07
1.853253059186630046e-08
1.214016813880094666e-03
3.435554183067508217e-06
8.750883125298005716e-01
1.214557937713630492e-03
0.000000000000000000e+00
5.815805605292893171e-02
0.000000000000000000e+00
5.620420692076453953e-11
3.596888631266524361e-01
1.307475947344744760e-01
1.537121497334233344e-07
3.435553382369312997e-06
5.125603995314326103e-08
6.015077932119254622e-02
1.076836141113468853e-03
6.553388203652454544e-04
1.213964707179558938e-03
1.001635294122560013e-02
1.853253056786259772e-08
4.180675177169774547e-15
3.061050404811948775e-02
0.000000000000000000e+00
2.686579696636222092e-01
2.213780608905626323e-04
3.941406337487477797e-04
6.552551150153493363e-04
1.000680534447948196e-02
1.910167738275497678e-43
3.631884810389771132e-32
0.000000000000000000e+00
3.089838108556502289e-02
5.950141269443138175e-05
5.125603909826146826e-08
1.088611153395033884e-06
3.435552021029156675e-06
5.125603951301085310e-08
5.125604041384691626e-08
2.717236710345013223e-07
0.000000000000000000e+00
1.853253056706460666e-08
2.537838624392007225e-04
2.213859428430573395e-04
1.853253077311700124e-08
1.348510636297724015e-39
8.152334311620264649e-229
6.552264243916615339e-04
5.950358977528808488e-05
4.872129714843654105e-03
3.463371347384596177e-01
7.018936462896405288e-09
1.853253049435716459e-08
1.590303703131011542e-102
5.084453658157430667e-01
5.950205499994060365e-05
2.325777731534530227e-02
2.213754379596161105e-04
1.733634898639679255e-05
1.214309447438291067e-03
2.947206913399301187e-01
2.859923413618752353e-01
4.873002882142930293e-03
1.853253076769804178e-08
5.125603968905595739e-08
2.717236553500512656e-07
0.000000000000000000e+00
3.779307481334664987e-01
1.405685947577085260e-01
0.000000000000000000e+00
8.324794947341058737e-01
2.717236557954666644e-07
4.154780314924100826e-01
0.000000000000000000e+00
2.717236255316781023e-07
4.700160446976184847e-01
5.481834558815541492e-01
0.000000000000000000e+00
3.085464836289166651e-02
1.537121506449917484e-07
6.554149562798426351e-04
1.733629062657347097e-05
1.687525932924117782e-03
5.950316865771756894e-05
5.125604073178427335e-08
1.430735211141858365e-01
3.435550979739537194e-06
0.000000000000000000e+00
1.230683693279942737e-295
1.537121602976757714e-07
9.886128458593602942e-09
1.853253058921212933e-08
1.537121477757985591e-07
3.932503443400445220e-01
3.433128744844610170e-01
2.967220668295368902e-01
2.213603039473829772e-04
1.282443816875775966e-01
1.733644029826926416e-05
0.000000000000000000e+00
5.125603936959627696e-08
5.125603916563337039e-08
7.269646799662522773e-06
1.733643780473880338e-05
7.269639235644658091e-06
3.745277692054968080e-294
1.088610931334513422e-06
1.853253062747746807e-08
1.004259818785145988e-02
7.269671561025877390e-06
2.213744332838571828e-04
3.503096392869924358e-01
5.125603901712149556e-08
2.707627847125693588e-03
1.733631731423654354e-05
5.125603884954396788e-08
1.733639254934076868e-05
2.574099029709817239e-11
1.214033305400704938e-03
6.369592402812436494e-02
4.879976523353402561e-03
0.000000000000000000e+00
0.000000000000000000e+00
7.891885313039455329e-306
2.014260158632399655e-01
6.553255610745795968e-04
1.537121439216963964e-07
1.853253073016906253e-08
1.088611655286705697e-06
1.537121461406714141e-07
0.000000000000000000e+00
1.357921127871055123e-01
0.000000000000000000e+00
1.215145298871758445e-03
0.000000000000000000e+00
0.000000000000000000e+00
8.565318356577299556e-155
9.305092732559832329e-102
5.125603990073107910e-08
5.896370854199127487e-02
0.000000000000000000e+00
1.214735184194420991e-03
5.125604004627839817e-08
1.214903701168412210e-03
2.717236185087656239e-07
1.865193397745078039e-09
0.000000000000000000e+00
0.000000000000000000e+00
2.717236515774502689e-07
3.514259112575350286e-01
1.000701758512540819e-02
1.537121436611325446e-07
5.509208301520106439e-03
1.088611173632501550e-06
0.000000000000000000e+00
0.000000000000000000e+00
0.000000000000000000e+00
1.537121517275775438e-07
5.777365807987680513e-02
1.537121442311926268e-07
1.088611495458100540e-06
1.853253078341239224e-08
1.371785883769876258e-01
0.000000000000000000e+00
0.000000000000000000e+00
5.897050634945193853e-02
1.392948742692716917e-10
1.386454808340438216e-01
1.510051354426446851e-20
7.532114446056527901e-14
1.297469772712698255e-01
7.823073586448747729e-01
1.853253067385097015e-08
7.331318015813631734e-04
1.297350702172354875e-01
3.991361430188979931e-01
5.870240881537810984e-02
3.210182188233723921e-01
1.690779335729062052e-312
0.000000000000000000e+00
1.853253080864652613e-08
