  0.91244756E-003  0.16566191E+003  0.35666524E+001  0.69404056E+000
  0.91244756E-003  0.16557268E+003  0.34619163E+001  0.12281993E+001
  0.91244756E-003  0.16409331E+003  0.34473625E+001  0.14552507E+001
  0.91244756E-003  0.16377937E+003  0.35730646E+001  0.93124846E+000
  0.91244756E-003  0.15607632E+003  0.34673019E+001  0.13390216E+001
  0.91244756E-003  0.16245427E+003  0.35704267E+001  0.94034542E+000
  0.91244756E-003  0.16192157E+003  0.34899491E+001  0.13978275E+001
  0.91244756E-003  0.16183804E+003  0.35176539E+001  0.12768986E+001
  0.91244756E-003  0.16182371E+003  0.35809764E+001  0.75604260E+000
  0.91244756E-003  0.16176925E+003  0.35049931E+001  0.13359866E+001
  0.91244756E-003  0.16172211E+003  0.35354451E+001  0.11800904E+001
  0.91244756E-003  0.16140740E+003  0.35795998E+001  0.75454125E+000
  0.91244756E-003  0.16130307E+003  0.35428572E+001  0.11323409E+001
  0.91244756E-003  0.16129926E+003  0.34538832E+001  0.13838338E+001
  0.91244756E-003  0.16125931E+003  0.35494462E+001  0.10894087E+001
  0.91244756E-003  0.16122038E+003  0.35713654E+001  0.73261609E+000
  0.91244756E-003  0.16121330E+003  0.35051090E+001  0.13316374E+001
  0.91244756E-003  0.16119576E+003  0.34540866E+001  0.14261295E+001
  0.91244756E-003  0.16117054E+003  0.35574705E+001  0.75417494E+000
  0.91244756E-003  0.16111348E+003  0.34912099E+001  0.13872164E+001
  0.91244756E-003  0.16091802E+003  0.34664411E+001  0.12371370E+001
  0.91244756E-003  0.16078039E+003  0.34915893E+001  0.10554401E+001
  0.91244756E-003  0.16069517E+003  0.34984063E+001  0.10149360E+001
  0.91244756E-003  0.16061106E+003  0.34564464E+001  0.13558632E+001
  0.91244756E-003  0.16057956E+003  0.35784104E+001  0.79347538E+000
  0.91244756E-003  0.15607856E+003  0.35547943E+001  0.81502255E+000
  0.91244756E-003  0.16042815E+003  0.34829744E+001  0.14095168E+001
  0.91244756E-003  0.15608123E+003  0.35309741E+001  0.11612975E+001
  0.91244756E-003  0.16031971E+003  0.34853769E+001  0.14010902E+001
  0.91244756E-003  0.16029870E+003  0.35748578E+001  0.75374771E+000
  0.91244756E-003  0.16015346E+003  0.35773345E+001  0.78822112E+000
  0.91244756E-003  0.16013994E+003  0.34585324E+001  0.13351789E+001
  0.91244756E-003  0.16005177E+003  0.35121278E+001  0.12913720E+001
  0.91244756E-003  0.16005137E+003  0.34674594E+001  0.14391510E+001
  0.91244756E-003  0.15991888E+003  0.35726916E+001  0.88087475E+000
  0.91244756E-003  0.15991654E+003  0.34883410E+001  0.10829313E+001
  0.91244756E-003  0.15987781E+003  0.35015174E+001  0.13374502E+001
  0.91244756E-003  0.15983550E+003  0.34720939E+001  0.12011618E+001
  0.91244756E-003  0.15978275E+003  0.35571428E+001  0.76801038E+000
  0.91244756E-003  0.15977254E+003  0.34579232E+001  0.13581963E+001
  0.91244756E-003  0.15970951E+003  0.35762490E+001  0.79575284E+000
  0.91244756E-003  0.15970918E+003  0.34640123E+001  0.14351207E+001
  0.91244756E-003  0.15965181E+003  0.34687030E+001  0.14330471E+001
  0.91244756E-003  0.15964573E+003  0.34735523E+001  0.11913828E+001
  0.91244756E-003  0.15946672E+003  0.35124504E+001  0.12855831E+001
  0.91244756E-003  0.15943975E+003  0.35753961E+001  0.79090625E+000
  0.91244756E-003  0.15942508E+003  0.35447290E+001  0.80710731E+000
  0.91244756E-003  0.15941925E+003  0.34622341E+001  0.13017129E+001
  0.91244756E-003  0.15608382E+003  0.34763977E+001  0.13772141E+001
  0.91244756E-003  0.15612973E+003  0.35650124E+001  0.82194807E+000
  0.91244756E-003  0.15613963E+003  0.35637884E+001  0.90835867E+000
  0.91244756E-003  0.15922678E+003  0.35410888E+001  0.11271749E+001
  0.91244756E-003  0.15922397E+003  0.34620220E+001  0.13084287E+001
  0.91244756E-003  0.15902627E+003  0.35653581E+001  0.94430939E+000
  0.91244756E-003  0.15901766E+003  0.34664948E+001  0.12618408E+001
  0.91244756E-003  0.15900038E+003  0.35703810E+001  0.89080132E+000
  0.91244756E-003  0.15899898E+003  0.35202027E+001  0.12439010E+001
  0.91244756E-003  0.15898961E+003  0.34597127E+001  0.13538052E+001
  0.91244756E-003  0.15869648E+003  0.35653669E+001  0.76881665E+000
  0.91244756E-003  0.15869481E+003  0.35043152E+001  0.13165426E+001
  0.91244756E-003  0.15867883E+003  0.35445881E+001  0.11000889E+001
  0.91244756E-003  0.15863951E+003  0.34971775E+001  0.10380629E+001
  0.91244756E-003  0.15863880E+003  0.34628152E+001  0.14121904E+001
  0.91244756E-003  0.15614180E+003  0.35232127E+001  0.92063210E+000
  0.91244756E-003  0.15860268E+003  0.34812507E+001  0.11432771E+001
  0.91244756E-003  0.15858289E+003  0.34956731E+001  0.13506650E+001
  0.91244756E-003  0.15857818E+003  0.35502746E+001  0.10604494E+001
  0.91244756E-003  0.15855883E+003  0.34679241E+001  0.12545596E+001
  0.91244756E-003  0.15852470E+003  0.35208879E+001  0.12367702E+001
  0.91244756E-003  0.15852108E+003  0.35708111E+001  0.87404269E+000
  0.91244756E-003  0.15846744E+003  0.34739449E+001  0.14120115E+001
  0.91244756E-003  0.15845724E+003  0.35705829E+001  0.87565544E+000
  0.91244756E-003  0.15843021E+003  0.35726618E+001  0.83449626E+000
  0.91244756E-003  0.15836125E+003  0.34701520E+001  0.14149009E+001
  0.91244756E-003  0.15831751E+003  0.35048066E+001  0.13114564E+001
  0.91244756E-003  0.15829621E+003  0.34737585E+001  0.12050322E+001
  0.91244756E-003  0.15827210E+003  0.35308354E+001  0.11808149E+001
  0.91244756E-003  0.15824177E+003  0.34638742E+001  0.14064551E+001
  0.91244756E-003  0.15824015E+003  0.34635366E+001  0.13114679E+001
  0.91244756E-003  0.15823442E+003  0.35411697E+001  0.11183167E+001
  0.91244756E-003  0.15823227E+003  0.35524468E+001  0.79485984E+000
  0.91244756E-003  0.15822826E+003  0.34992292E+001  0.10291905E+001
  0.91244756E-003  0.15820102E+003  0.35488114E+001  0.80509852E+000
  0.91244756E-003  0.15818428E+003  0.34889250E+001  0.10939761E+001
  0.91244756E-003  0.15816902E+003  0.35135583E+001  0.12704592E+001
  0.91244756E-003  0.15810760E+003  0.35665881E+001  0.91749521E+000
  0.91244756E-003  0.15801607E+003  0.35709174E+001  0.85557183E+000
  0.91244756E-003  0.15801059E+003  0.35054888E+001  0.99508547E+000
  0.91244756E-003  0.15800426E+003  0.34799704E+001  0.13949076E+001
  0.91244756E-003  0.15614873E+003  0.34675491E+001  0.13579822E+001
  0.91244756E-003  0.15796648E+003  0.34898060E+001  0.10901282E+001
  0.91244756E-003  0.15795957E+003  0.34664800E+001  0.12802178E+001
  0.91244756E-003  0.15795410E+003  0.34725160E+001  0.12201464E+001
  0.91244756E-003  0.15793783E+003  0.35712797E+001  0.84251702E+000
  0.91244756E-003  0.15615549E+003  0.35033241E+001  0.12994516E+001
  0.91244756E-003  0.15791727E+003  0.34620041E+001  0.13661719E+001
  0.91244756E-003  0.15791618E+003  0.35637177E+001  0.78080416E+000
  0.91244756E-003  0.15615642E+003  0.35605870E+001  0.94576465E+000
  0.91244756E-003  0.15788785E+003  0.34717807E+001  0.14071742E+001
  0.91244756E-003  0.15788308E+003  0.34994282E+001  0.10308709E+001
  0.91244756E-003  0.15785299E+003  0.35168089E+001  0.93691373E+000
  0.91244756E-003  0.15779728E+003  0.34902692E+001  0.10886218E+001
  0.91244756E-003  0.15777872E+003  0.34751607E+001  0.14017969E+001
  0.91244756E-003  0.15775951E+003  0.35028335E+001  0.13153313E+001
  0.91244756E-003  0.15616622E+003  0.35483149E+001  0.82748061E+000
  0.91244756E-003  0.15773139E+003  0.34631520E+001  0.13840599E+001
  0.91244756E-003  0.15768974E+003  0.35667382E+001  0.90773709E+000
  0.91244756E-003  0.15768768E+003  0.35462522E+001  0.10799182E+001
  0.91244756E-003  0.15763566E+003  0.34932098E+001  0.13515982E+001
  0.91244756E-003  0.15762942E+003  0.35090906E+001  0.12869847E+001
  0.91244756E-003  0.15762219E+003  0.34811516E+001  0.13880303E+001
  0.91244756E-003  0.15761994E+003  0.34651675E+001  0.13047568E+001
  0.91244756E-003  0.15760575E+003  0.35209827E+001  0.12290470E+001
  0.91244756E-003  0.15755821E+003  0.35423907E+001  0.11044441E+001
  0.91244756E-003  0.15755514E+003  0.35692050E+001  0.86984131E+000
  0.91244756E-003  0.15752622E+003  0.34803053E+001  0.13889757E+001
  0.91244756E-003  0.15751692E+003  0.35250498E+001  0.90065778E+000
  0.91244756E-003  0.15747848E+003  0.35075904E+001  0.12924915E+001
  0.91244756E-003  0.15747798E+003  0.34762234E+001  0.11944458E+001
  0.91244756E-003  0.15743528E+003  0.34680048E+001  0.13991471E+001
  0.91244756E-003  0.15616797E+003  0.35143240E+001  0.12502940E+001
  0.91244756E-003  0.15741644E+003  0.35202962E+001  0.12310560E+001
  0.91244756E-003  0.15741340E+003  0.35356120E+001  0.11456493E+001
  0.91244756E-003  0.15737959E+003  0.35435257E+001  0.82923781E+000
  0.91244756E-003  0.15733845E+003  0.35179000E+001  0.12425835E+001
  0.91244756E-003  0.15733124E+003  0.35068855E+001  0.99291225E+000
  0.91244756E-003  0.15732723E+003  0.35695357E+001  0.81503552E+000
  0.91244756E-003  0.15732133E+003  0.34684415E+001  0.13975267E+001
  0.91244756E-003  0.15728546E+003  0.35314443E+001  0.87500227E+000
  0.91244756E-003  0.15726264E+003  0.35336599E+001  0.11560173E+001
  0.91244756E-003  0.15725988E+003  0.35566151E+001  0.79678790E+000
  0.91244756E-003  0.15724633E+003  0.35582483E+001  0.79453345E+000
  0.91244756E-003  0.15722485E+003  0.35513428E+001  0.10390115E+001
  0.91244756E-003  0.15721923E+003  0.34708652E+001  0.13973878E+001
  0.91244756E-003  0.15721800E+003  0.35130809E+001  0.96086144E+000
  0.91244756E-003  0.15721080E+003  0.35422656E+001  0.11020445E+001
  0.91244756E-003  0.15720178E+003  0.34640038E+001  0.13539995E+001
  0.91244756E-003  0.15717119E+003  0.35144298E+001  0.95434555E+000
  0.91244756E-003  0.15715600E+003  0.35645846E+001  0.79430605E+000
  0.91244756E-003  0.15715225E+003  0.35251312E+001  0.90329988E+000
  0.91244756E-003  0.15714989E+003  0.35507562E+001  0.81043596E+000
  0.91244756E-003  0.15714232E+003  0.35215230E+001  0.12224601E+001
  0.91244756E-003  0.15713856E+003  0.35103841E+001  0.12770560E+001
  0.91244756E-003  0.15712696E+003  0.35316330E+001  0.87558097E+000
  0.91244756E-003  0.15711530E+003  0.35449851E+001  0.10830178E+001
  0.91244756E-003  0.15711140E+003  0.35404712E+001  0.11127367E+001
  0.91244756E-003  0.15710715E+003  0.34803718E+001  0.11656651E+001
  0.91244756E-003  0.15617361E+003  0.34737764E+001  0.12352032E+001
  0.91244756E-003  0.15704477E+003  0.35175585E+001  0.12418804E+001
  0.91244756E-003  0.15702744E+003  0.35455547E+001  0.10782688E+001
  0.91244756E-003  0.15702705E+003  0.35552893E+001  0.10061572E+001
  0.91244756E-003  0.15698368E+003  0.34666343E+001  0.13843041E+001
  0.91244756E-003  0.15697340E+003  0.34646577E+001  0.13506012E+001
  0.91244756E-003  0.15695321E+003  0.34806958E+001  0.11649301E+001
  0.91244756E-003  0.15693165E+003  0.35614592E+001  0.79663852E+000
  0.91244756E-003  0.15692791E+003  0.35341729E+001  0.11500441E+001
  0.91244756E-003  0.15692337E+003  0.34759863E+001  0.13896151E+001
  0.91244756E-003  0.15690650E+003  0.34685725E+001  0.13890717E+001
  0.91244756E-003  0.15688515E+003  0.34932409E+001  0.10777566E+001
  0.91244756E-003  0.15687380E+003  0.34963479E+001  0.13333506E+001
  0.91244756E-003  0.15686867E+003  0.35036004E+001  0.13046043E+001
  0.91244756E-003  0.15686001E+003  0.35606646E+001  0.79796723E+000
  0.91244756E-003  0.15683727E+003  0.35513221E+001  0.81249545E+000
  0.91244756E-003  0.15681691E+003  0.35100303E+001  0.98019022E+000
  0.91244756E-003  0.15681182E+003  0.35093124E+001  0.12792073E+001
  0.91244756E-003  0.15678175E+003  0.34898913E+001  0.13548172E+001
  0.91244756E-003  0.15677114E+003  0.34702428E+001  0.13889920E+001
  0.91244756E-003  0.15674258E+003  0.34772506E+001  0.11952415E+001
  0.91244756E-003  0.15673276E+003  0.34671068E+001  0.13790324E+001
  0.91244756E-003  0.15672086E+003  0.35557684E+001  0.99837907E+000
  0.91244756E-003  0.15668584E+003  0.35099163E+001  0.12753931E+001
  0.91244756E-003  0.15667848E+003  0.34952221E+001  0.13356779E+001
  0.91244756E-003  0.15617372E+003  0.35264124E+001  0.90602353E+000
  0.91244756E-003  0.15665461E+003  0.35667240E+001  0.81479395E+000
  0.91244756E-003  0.15662973E+003  0.35547534E+001  0.10055661E+001
  0.91244756E-003  0.15660437E+003  0.34676697E+001  0.12974903E+001
  0.91244756E-003  0.15658708E+003  0.34816939E+001  0.13752134E+001
  0.91244756E-003  0.15656597E+003  0.35658119E+001  0.89193330E+000
  0.91244756E-003  0.15656448E+003  0.34682456E+001  0.13795479E+001
  0.91244756E-003  0.15654364E+003  0.35422038E+001  0.84160325E+000
  0.91244756E-003  0.15654308E+003  0.35524630E+001  0.10227447E+001
  0.91244756E-003  0.15654163E+003  0.35594495E+001  0.96344609E+000
  0.91244756E-003  0.15619657E+003  0.35101204E+001  0.98504818E+000
  0.91244756E-003  0.15653081E+003  0.35625151E+001  0.80415974E+000
  0.91244756E-003  0.15651633E+003  0.35021618E+001  0.10266062E+001
  0.91244756E-003  0.15650107E+003  0.35152204E+001  0.12488330E+001
  0.91244756E-003  0.15648239E+003  0.35172649E+001  0.94593613E+000
  0.91244756E-003  0.15646821E+003  0.35227067E+001  0.12105618E+001
  0.91244756E-003  0.15645143E+003  0.35404392E+001  0.84842250E+000
  0.91244756E-003  0.15644310E+003  0.35247869E+001  0.11992141E+001
  0.91244756E-003  0.15643704E+003  0.34945346E+001  0.10737218E+001
  0.91244756E-003  0.15643553E+003  0.34797713E+001  0.13772940E+001
  0.91244756E-003  0.15619961E+003  0.35665030E+001  0.85916253E+000
  0.91244756E-003  0.15620527E+003  0.34684441E+001  0.12985318E+001
  0.91244756E-003  0.15640521E+003  0.35667890E+001  0.82740923E+000
  0.91244756E-003  0.15639775E+003  0.34664350E+001  0.13347850E+001
  0.91244756E-003  0.15639402E+003  0.35325283E+001  0.11550374E+001
  0.91244756E-003  0.15637690E+003  0.34796869E+001  0.11798666E+001
  0.91244756E-003  0.15636765E+003  0.34723821E+001  0.13830232E+001
  0.91244756E-003  0.15634171E+003  0.34867207E+001  0.11271305E+001
  0.91244756E-003  0.15633357E+003  0.34666450E+001  0.13329374E+001
  0.91244756E-003  0.15633053E+003  0.35593190E+001  0.80689222E+000
  0.91244756E-003  0.15630855E+003  0.35617972E+001  0.80781354E+000
  0.91244756E-003  0.15630177E+003  0.35367649E+001  0.86293847E+000
  0.91244756E-003  0.15629602E+003  0.35013010E+001  0.13089708E+001
  0.91244756E-003  0.15629210E+003  0.34666802E+001  0.13475558E+001
  0.91244756E-003  0.15628798E+003  0.35642853E+001  0.90567845E+000
  0.91244756E-003  0.15625725E+003  0.35415291E+001  0.10976772E+001
  0.91244756E-003  0.15625692E+003  0.34801571E+001  0.13743237E+001
  0.91244756E-003  0.15625400E+003  0.35451460E+001  0.83533734E+000
  0.91244756E-003  0.15623231E+003  0.34827753E+001  0.13686166E+001
  0.91244756E-003  0.15622755E+003  0.35267731E+001  0.90397027E+000
  0.91244756E-003  0.15621218E+003  0.34672265E+001  0.13566325E+001
  0.91244756E-003  0.15620600E+003  0.35192411E+001  0.93870186E+000
  0.91244756E-003  0.16067761E+003  0.35643158E+001  0.82340057E+000
  0.91244756E-003  0.16053327E+003  0.35545307E+001  0.81900501E+000
  0.91244756E-003  0.16048791E+003  0.35594854E+001  0.81656376E+000
  0.91244756E-003  0.16020148E+003  0.35543901E+001  0.82397717E+000
  0.91244756E-003  0.16020052E+003  0.35538515E+001  0.82469747E+000
  0.91244756E-003  0.16014856E+003  0.35617388E+001  0.82788755E+000
  0.91244756E-003  0.16009328E+003  0.35514540E+001  0.83007263E+000
  0.91244756E-003  0.16004127E+003  0.35604513E+001  0.82712295E+000
  0.91244756E-003  0.15995670E+003  0.35575220E+001  0.82600549E+000
  0.91244756E-003  0.15990627E+003  0.35557322E+001  0.82735753E+000
  0.91244756E-003  0.15987073E+003  0.35592646E+001  0.82901100E+000
  0.91244756E-003  0.15977470E+003  0.35564977E+001  0.82936865E+000
