  0.354881358596841E+001  0.104437235956172E+001 -0.759941124708130E+002 -0.772935018379033E+002
  0.351625347338041E+001  0.121857727340173E+001 -0.760499235366882E+002 -0.767062027513927E+002
  0.354573081058043E+001  0.104069485047128E+001 -0.758604618587437E+002 -0.761563453443145E+002
  0.354493187034311E+001  0.105720608243456E+001 -0.757973125870882E+002 -0.764445684139946E+002
  0.353694867005470E+001  0.113356034514251E+001 -0.758497659729170E+002 -0.764655845616577E+002
  0.354811823359289E+001  0.101967597324308E+001 -0.760371098454447E+002 -0.762372894340723E+002
  0.355114598180736E+001  0.102214061411184E+001 -0.761239342598303E+002 -0.787127171160575E+002
  0.353178478172818E+001  0.111279794084729E+001 -0.755521551124334E+002 -0.771235176949352E+002
  0.352137910871298E+001  0.115289342196761E+001 -0.758207817862678E+002 -0.766602928236740E+002
  0.353962779069570E+001  0.110418012861200E+001 -0.757131747239704E+002 -0.762340753659478E+002
  0.353767352590207E+001  0.112556697375404E+001 -0.757996090471521E+002 -0.770838196826986E+002
  0.352327182613933E+001  0.121154309887503E+001 -0.761291678074971E+002 -0.763556628680125E+002
  0.352447914773999E+001  0.115048871060822E+001 -0.756511258418500E+002 -0.763103892107468E+002
  0.352996243932937E+001  0.116306514958620E+001 -0.757544266764406E+002 -0.905549873490718E+002
  0.352155695543661E+001  0.115508277467710E+001 -0.757912123692292E+002 -0.814019818222537E+002
  0.354262827783819E+001  0.107303678928271E+001 -0.757148622345755E+002 -0.781657751030184E+002
  0.354415490827106E+001  0.108844108265279E+001 -0.759220405850606E+002 -0.963896917005644E+002
  0.354157510224294E+001  0.110645690514478E+001 -0.758962194407824E+002 -0.774288926143722E+002
  0.353186231870451E+001  0.110630791092295E+001 -0.755812642762506E+002 -0.762462909454297E+002
  0.352353446364708E+001  0.112511379378215E+001 -0.759470979514691E+002 -0.765184194844128E+002
  0.352506227855603E+001  0.118423983257267E+001 -0.757963404244862E+002 -0.775118380045640E+002
  0.353759067146216E+001  0.111225902577432E+001 -0.756547644443010E+002 -0.803253722574112E+002
  0.353906923617612E+001  0.109348964032181E+001 -0.756219230787117E+002 -0.777042778460592E+002
  0.354779993494629E+001  0.101332241310010E+001 -0.761004094216445E+002 -0.778144499188255E+002
  0.353250184332002E+001  0.115871031315074E+001 -0.758642371416158E+002 -0.763666670276119E+002
  0.355073053940708E+001  0.101826889995659E+001 -0.761141763596293E+002 -0.763786342656665E+002
  0.354132793687563E+001  0.109155858534816E+001 -0.757266799687970E+002 -0.763261954188596E+002
  0.354727760287380E+001  0.102726885950717E+001 -0.759675095004299E+002 -0.762598301237908E+002
  0.353023776707440E+001  0.113038326742637E+001 -0.755435892958184E+002 -0.769754185469505E+002
  0.353958235360243E+001  0.104929427962930E+001 -0.758504372703885E+002 -0.764035093347041E+002
  0.352070368169147E+001  0.113381553019158E+001 -0.761293033996287E+002 -0.765528392121211E+002
  0.354777515206245E+001  0.103672419036821E+001 -0.759363074735761E+002 -0.765332040541206E+002
  0.353758287948512E+001  0.106745197605867E+001 -0.757111070452310E+002 -0.787218719091447E+002
  0.354245580350884E+001  0.104179732222240E+001 -0.758509914899316E+002 -0.763993935194421E+002
  0.351726644938796E+001  0.119014853005304E+001 -0.759196941834208E+002 -0.762977870571763E+002
  0.352921971753621E+001  0.116235881840169E+001 -0.757085631320015E+002 -0.776129787752218E+002
  0.354639222474204E+001  0.102499604400597E+001 -0.759810704104582E+002 -0.813085936282382E+002
  0.354123387939819E+001  0.107471492511615E+001 -0.756656071787748E+002 -0.783753552480212E+002
  0.354827373745550E+001  0.102564093828855E+001 -0.759972644705680E+002 -0.765737494221147E+002
  0.352605918731225E+001  0.114618380476647E+001 -0.756056331568510E+002 -0.767275171168624E+002
  0.354386731867997E+001  0.110453382324535E+001 -0.761179470521836E+002 -0.764862923058437E+002
  0.352979957326530E+001  0.112886003116315E+001 -0.755483163545015E+002 -0.837576643117160E+002
  0.352201056402806E+001  0.121224740031751E+001 -0.760706943717060E+002 -0.765683080818845E+002
  0.351860292090615E+001  0.114991735144380E+001 -0.761275239230099E+002 -0.807650619974326E+002
  0.354338411256450E+001  0.104404485354126E+001 -0.758187130338049E+002 -0.763413758616775E+002
  0.353564970582307E+001  0.107809194785331E+001 -0.756732262599197E+002 -0.762591305671701E+002
  0.354268104814145E+001  0.109621897631052E+001 -0.758733612823056E+002 -0.764835994096812E+002
  0.352863075538634E+001  0.110084445289504E+001 -0.758256109169203E+002 -0.766586188370547E+002
  0.354518019375064E+001  0.106582366125302E+001 -0.758293853252582E+002 -0.764301265686516E+002
  0.353106193683622E+001  0.113181352227393E+001 -0.755470575189384E+002 -0.353252611048218E+003
  0.351734701482417E+001  0.117781100260757E+001 -0.759605800712210E+002 -0.787351838515662E+002
  0.353603202197803E+001  0.110326660039271E+001 -0.755588719295132E+002 -0.768448296150705E+002
  0.354370842057247E+001  0.104675065683238E+001 -0.757995356417127E+002 -0.762154789450023E+002
  0.353675444016978E+001  0.114555879965992E+001 -0.760363522526561E+002 -0.772364402413080E+002
  0.354031932768386E+001  0.110326805600011E+001 -0.757532619996134E+002 -0.788971490448985E+002
  0.353235190573240E+001  0.114375892320683E+001 -0.756590202816618E+002 -0.778504207172665E+002
  0.352674921462540E+001  0.114167796380523E+001 -0.755937709205475E+002 -0.761518131146322E+002
  0.354535280863989E+001  0.107431869136239E+001 -0.758931900520772E+002 -0.769972260583268E+002
  0.354651054005849E+001  0.104163300335144E+001 -0.758776978618984E+002 -0.767535007614276E+002
  0.351666335146865E+001  0.116804330360738E+001 -0.761111654670843E+002 -0.768664815784425E+002
  0.351656153709984E+001  0.120667076700143E+001 -0.759721142069687E+002 -0.763477816803095E+002
  0.352551705379795E+001  0.117162607248415E+001 -0.756858377583173E+002 -0.770901366783168E+002
  0.352787910131614E+001  0.114577747771244E+001 -0.755741256883327E+002 -0.763282701650363E+002
  0.354618214997965E+001  0.101807492715700E+001 -0.760617891392813E+002 -0.763234963765419E+002
  0.353581259325324E+001  0.111973185069108E+001 -0.756193891250824E+002 -0.773202379360218E+002
  0.351705504397680E+001  0.121146860754427E+001 -0.759847321795601E+002 -0.765437800133736E+002
  0.352067325104284E+001  0.113412452648623E+001 -0.761277877523457E+002 -0.762405070193911E+002
  0.353006217665249E+001  0.107951566832419E+001 -0.760595147496030E+002 -0.775001731482570E+002
  0.352198860945586E+001  0.120654915498397E+001 -0.759803152858818E+002 -0.771369315045059E+002
  0.353892371352805E+001  0.105677274819522E+001 -0.757818715620386E+002 -0.867531053799562E+002
  0.351513318655457E+001  0.119117026376075E+001 -0.760662123778563E+002 -0.762707680616171E+002
  0.353323732392673E+001  0.116574807731098E+001 -0.760613341035024E+002 -0.762933847614354E+002
  0.353611084651335E+001  0.107166231370902E+001 -0.757226540285499E+002 -0.782854480883437E+002
  0.353421383909437E+001  0.112593476270788E+001 -0.755937755400962E+002 -0.764829044933249E+002
  0.353634286338011E+001  0.108852139140212E+001 -0.755841183906227E+002 -0.765738547325507E+002
  0.353319907994084E+001  0.112916768304880E+001 -0.755783774220805E+002 -0.764113971044611E+002
  0.354113380031845E+001  0.111487652194624E+001 -0.759736173107519E+002 -0.762815420368015E+002
  0.354278291443994E+001  0.109007900229393E+001 -0.758191276199592E+002 -0.779632151181846E+002
  0.354894343812924E+001  0.105382749785799E+001 -0.760496736775947E+002 -0.776001483650322E+002
  0.352081099379970E+001  0.120463467732993E+001 -0.759229448857034E+002 -0.776400262073375E+002
  0.353186357092747E+001  0.116180871739075E+001 -0.758637132920232E+002 -0.774878212932259E+002
  0.353349565033026E+001  0.114363583645577E+001 -0.757221819199153E+002 -0.773105240214057E+002
  0.354286332588164E+001  0.110007554669203E+001 -0.759383120169303E+002 -0.763896479454776E+002
  0.352571605766955E+001  0.113406969849014E+001 -0.756726866571382E+002 -0.766206680350685E+002
  0.353051722339503E+001  0.113151697005871E+001 -0.755439798257835E+002 -0.768957375716367E+002
  0.354425593131889E+001  0.107599795684139E+001 -0.758210218453604E+002 -0.772327221154561E+002
  0.351835496779024E+001  0.119726914208578E+001 -0.758808355228810E+002 -0.768932998440186E+002
  0.352448294538329E+001  0.119263941157315E+001 -0.758818913659487E+002 -0.765468178117101E+002
  0.355004959402941E+001  0.105112477384453E+001 -0.761331359440717E+002 -0.761754475059277E+002
  0.353068057702747E+001  0.109688607303144E+001 -0.757241829948221E+002 -0.762044166565823E+002
  0.352234933326701E+001  0.115153667140198E+001 -0.757610485508947E+002 -0.764404823245670E+002
  0.353507147065030E+001  0.107911191197997E+001 -0.756862568078452E+002 -0.770886037127711E+002
  0.354766036129290E+001  0.107322936925232E+001 -0.761046872418650E+002 -0.763490829085844E+002
  0.352722699386871E+001  0.111453058413195E+001 -0.757572699062320E+002 -0.850972547997056E+002
  0.354476810388735E+001  0.103960499716062E+001 -0.758541890934357E+002 -0.769922792686290E+002
  0.353250735853023E+001  0.107626562310955E+001 -0.758864167035862E+002 -0.763201445900450E+002
  0.352213534545946E+001  0.113846327599016E+001 -0.759037352270655E+002 -0.768470106718291E+002
  0.352894571762800E+001  0.113345623683349E+001 -0.755565653662333E+002 -0.792659334983085E+002
  0.352429940743482E+001  0.114058386291082E+001 -0.757111733625942E+002 -0.761775589126881E+002
  0.353770444952016E+001  0.105409043099336E+001 -0.758763068220665E+002 -0.767973392824455E+002
  0.353200955672122E+001  0.116170427335241E+001 -0.758735719638501E+002 -0.782519361920317E+002
  0.354613137832850E+001  0.106484224361551E+001 -0.758896985276211E+002 -0.763162428923197E+002
  0.351745981604991E+001  0.118308599555471E+001 -0.759258607345716E+002 -0.762145962690117E+002
  0.353590820723704E+001  0.106342236270486E+001 -0.758432193416193E+002 -0.764948574572665E+002
  0.352944308202752E+001  0.118145798308280E+001 -0.760137170688792E+002 -0.786449930695706E+002
  0.353940921005400E+001  0.107810233429798E+001 -0.756243447604707E+002 -0.782847556440443E+002
  0.352193403521157E+001  0.114185735758175E+001 -0.758820862420117E+002 -0.762848496937213E+002
  0.354664276555213E+001  0.104265126429216E+001 -0.758796881942198E+002 -0.779875052986280E+002
  0.353893953291432E+001  0.110523582912238E+001 -0.756784801520466E+002 -0.770616519842509E+002
  0.354078054403411E+001  0.110984580252060E+001 -0.758658108654269E+002 -0.761482615309322E+002
  0.354439231918878E+001  0.108721379339629E+001 -0.759308529902490E+002 -0.762856484577300E+002
  0.353105835871236E+001  0.116896259326844E+001 -0.759195355426625E+002 -0.109978537832897E+003
  0.354494164796115E+001  0.106675974077988E+001 -0.758183132987153E+002 -0.762323321447185E+002
  0.353053710292875E+001  0.110109562465555E+001 -0.756850721510512E+002 -0.764307700586684E+002
  0.353296864973693E+001  0.115020325273590E+001 -0.757719652613495E+002 -0.786559495948289E+002
  0.352987229324766E+001  0.116137322073754E+001 -0.757284446781502E+002 -0.799441938947149E+002
  0.354923047962380E+001  0.102938215601299E+001 -0.760147361719257E+002 -0.794143306816026E+002
  0.352650503334315E+001  0.119793357091426E+001 -0.760950279054759E+002 -0.827950464674737E+002
  0.353255660354819E+001  0.114364421528445E+001 -0.756681466470080E+002 -0.764410212776740E+002
  0.353219646730728E+001  0.113450561736153E+001 -0.755795817984763E+002 -0.762119895257928E+002
  0.352746463209388E+001  0.112877821756862E+001 -0.756172740358398E+002 -0.763698957529050E+002
  0.351697012920402E+001  0.118843154826677E+001 -0.759411977282459E+002 -0.762959322655971E+002
  0.354487938285130E+001  0.107944079402851E+001 -0.758966299805617E+002 -0.798310819202630E+002
  0.353770967667324E+001  0.106092557294063E+001 -0.757806180908812E+002 -0.769129577994154E+002
  0.354597108558115E+001  0.102173859294124E+001 -0.760196186985710E+002 -0.769444823424139E+002
  0.353605978376326E+001  0.106213800299719E+001 -0.758531805915072E+002 -0.762303395883939E+002
  0.352896629794909E+001  0.111791047833996E+001 -0.756183694128830E+002 -0.763047911362495E+002
  0.354204294359264E+001  0.109385562267588E+001 -0.757954758485297E+002 -0.780846679559051E+002
  0.353267754310049E+001  0.116237040508351E+001 -0.759418992780080E+002 -0.132731628890687E+003
  0.352995844272949E+001  0.117823316638675E+001 -0.759961939420705E+002 -0.763706331521992E+002
  0.352025647360914E+001  0.120302192449607E+001 -0.758988417132350E+002 -0.766310878814239E+002
  0.354939195204907E+001  0.103005654131434E+001 -0.760207429458088E+002 -0.762450284694339E+002
  0.353998280815765E+001  0.110183724523116E+001 -0.757170201613206E+002 -0.762175347027087E+002
  0.352015058521410E+001  0.114378274885023E+001 -0.760381797180189E+002 -0.764957720589409E+002
  0.353556552242405E+001  0.111988753044794E+001 -0.756092480635952E+002 -0.761756346184937E+002
  0.354136335802719E+001  0.105130120899734E+001 -0.757753151399475E+002 -0.766908371146086E+002
  0.354912994788587E+001  0.101847262394362E+001 -0.760624494722204E+002 -0.779604529457153E+002
  0.353295320618034E+001  0.112573657249542E+001 -0.755552889939008E+002 -0.767492923374412E+002
  0.354532826842423E+001  0.102441719875150E+001 -0.759972771198077E+002 -0.763529756807905E+002
  0.353685985236202E+001  0.109587783607698E+001 -0.755688189117090E+002 -0.767996361121176E+002
  0.352829330991619E+001  0.112971857179679E+001 -0.755809650292551E+002 -0.763705581476366E+002
  0.352744128921847E+001  0.114859090122053E+001 -0.755823479586002E+002 -0.761586695824829E+002
  0.353192348750535E+001  0.109553253389760E+001 -0.756660655702294E+002 -0.104147274619749E+003
  0.352158859012364E+001  0.120076296375892E+001 -0.758936549166666E+002 -0.774994282670153E+002
  0.354349693394905E+001  0.108907756623074E+001 -0.758690631822299E+002 -0.765717059869266E+002
  0.352644383436342E+001  0.114138847205331E+001 -0.756039100976305E+002 -0.764244622703293E+002
  0.353669009522232E+001  0.104617575140712E+001 -0.760918951988556E+002 -0.769007589537215E+002
  0.353499509980886E+001  0.115236696168677E+001 -0.759798855918299E+002 -0.767067387964200E+002
  0.353836547393012E+001  0.111310832663942E+001 -0.757096717331232E+002 -0.763269926257156E+002
  0.353192740383806E+001  0.112976649774210E+001 -0.755512696024635E+002 -0.952982088046775E+002
  0.351599319365586E+001  0.119511170999922E+001 -0.759888273408494E+002 -0.762355832354931E+002
  0.352476101684361E+001  0.113227986075450E+001 -0.757501095911427E+002 -0.772270917774662E+002
  0.354570891910459E+001  0.107654209489111E+001 -0.759434526815658E+002 -0.766218395515473E+002
  0.353689947926512E+001  0.114722987770746E+001 -0.760859178540475E+002 -0.765391199934573E+002
  0.352516211299986E+001  0.115790842729986E+001 -0.756252388896349E+002 -0.769159180574309E+002
  0.353738511666461E+001  0.105678227850289E+001 -0.758540428434240E+002 -0.762038630056381E+002
  0.353763585853661E+001  0.111896173706036E+001 -0.757185451026501E+002 -0.762610465674546E+002
  0.354404383929202E+001  0.101879175618598E+001 -0.761184836797596E+002 -0.765763397712060E+002
  0.354112363142347E+001  0.109317014203281E+001 -0.757248423379872E+002 -0.802998173276679E+002
  0.353654946662051E+001  0.115062263064367E+001 -0.761151767099860E+002 -0.773282595599670E+002
  0.353738295662005E+001  0.105461849221716E+001 -0.758873261574140E+002 -0.766990135489451E+002
  0.353116508820561E+001  0.110354073809123E+001 -0.756284515544327E+002 -0.761425018372585E+002
  0.353030309886881E+001  0.117459268678725E+001 -0.759576038006142E+002 -0.775671451007960E+002
  0.354920668507907E+001  0.105946897834023E+001 -0.761212799959161E+002 -0.770959303852981E+002
  0.351657523259705E+001  0.121229624724373E+001 -0.759997178902710E+002 -0.919612677781392E+002
  0.352902620505312E+001  0.113077408726938E+001 -0.755588123761094E+002 -0.761919882472267E+002
  0.351582500901022E+001  0.120181961277058E+001 -0.759937414855206E+002 -0.768927631446303E+002
  0.353866996504283E+001  0.108053396329891E+001 -0.756111779368370E+002 -0.763885412553268E+002
  0.353630811131875E+001  0.108737335130050E+001 -0.755896305152928E+002 -0.762354739978466E+002
  0.353021664371974E+001  0.108670550486299E+001 -0.759095771950747E+002 -0.789899084480855E+002
  0.353856278199648E+001  0.111178283002456E+001 -0.757103401381137E+002 -0.783551482281346E+002
  0.352833812242446E+001  0.115011369924284E+001 -0.755887703341336E+002 -0.774668090974603E+002
  0.354790366092864E+001  0.107271565509083E+001 -0.761255672632974E+002 -0.767194978690964E+002
  0.352940264073400E+001  0.116239232311196E+001 -0.757173486339765E+002 -0.780576799932052E+002
  0.351680064089410E+001  0.118266276474029E+001 -0.759762052133530E+002 -0.772903051566025E+002
  0.354027799799136E+001  0.110673491449202E+001 -0.757853467881170E+002 -0.762901324555389E+002
  0.353182620344231E+001  0.114842215353421E+001 -0.756808971821609E+002 -0.765937202016714E+002
  0.354462754420865E+001  0.105872960872411E+001 -0.757847609094154E+002 -0.761884473932512E+002
  0.352791291967509E+001  0.114097592148878E+001 -0.755691626096219E+002 -0.762878551519671E+002
  0.351732711493495E+001  0.119089055048920E+001 -0.759154226964872E+002 -0.761736227757971E+002
  0.354379327998754E+001  0.108924093003852E+001 -0.758972176719176E+002 -0.764534697790371E+002
  0.354299056317484E+001  0.109623319804473E+001 -0.759021896131135E+002 -0.768826984744116E+002
  0.353045901402218E+001  0.111773594766424E+001 -0.755641368749279E+002 -0.777273864957712E+002
  0.352209177907066E+001  0.116723532821012E+001 -0.757139351257150E+002 -0.784412467784312E+002
  0.351997087739955E+001  0.118367265273678E+001 -0.757954988259399E+002 -0.793706425900813E+002
  0.351413384174491E+001  0.119476747039842E+001 -0.761327644204195E+002 -0.769932590032813E+002
  0.353204991610621E+001  0.108530908622443E+001 -0.757822274289759E+002 -0.764409099123161E+002
  0.351546183111328E+001  0.119017625600900E+001 -0.760442722154905E+002 -0.841413124214670E+002
  0.354457770579525E+001  0.104603861570063E+001 -0.758132223906229E+002 -0.776583102760671E+002
  0.354337624358541E+001  0.109862530867165E+001 -0.759713266493935E+002 -0.762964238307651E+002
  0.352688621190688E+001  0.114858413167959E+001 -0.755876423533588E+002 -0.761605467582291E+002
  0.354452939992493E+001  0.105313483993078E+001 -0.757867677192581E+002 -0.770877091744819E+002
  0.353687184537949E+001  0.109461115793765E+001 -0.755696387018066E+002 -0.770995526220543E+002
  0.353851292082426E+001  0.106562298301512E+001 -0.757017689645444E+002 -0.772776736305296E+002
  0.352832510201420E+001  0.114683309596297E+001 -0.755760264618720E+002 -0.787737853888189E+002
  0.352885452012619E+001  0.110006489221823E+001 -0.758181149117257E+002 -0.763970324290189E+002
  0.352773070576336E+001  0.109406374140623E+001 -0.760275296522061E+002 -0.769657848901810E+002
  0.354362260707719E+001  0.107080431149786E+001 -0.757572157858305E+002 -0.768971868899513E+002
  0.353906664915232E+001  0.105555562154318E+001 -0.757911011423708E+002 -0.763579770522194E+002
  0.352212358552824E+001  0.118430720568425E+001 -0.757551992517113E+002 -0.764109454792293E+002
  0.352577416149581E+001  0.114259165590386E+001 -0.756245676939807E+002 -0.773811908428858E+002
  0.351484912276512E+001  0.122300851210681E+001 -0.761099284485623E+002 -0.768019072392558E+002
  0.351897725676641E+001  0.117663316466882E+001 -0.758503113010442E+002 -0.827644873821120E+002
  0.351559890712231E+001  0.120045436670069E+001 -0.760064649627932E+002 -0.914874647779195E+002
  0.352849824390641E+001  0.111905959414654E+001 -0.756326639980584E+002 -0.762911547604249E+002
  0.354041934245942E+001  0.109334953703480E+001 -0.756840038821605E+002 -0.762185087975829E+002
  0.353901873094041E+001  0.104070744174910E+001 -0.760173204459944E+002 -0.776347535448441E+002
  0.352263426422836E+001  0.118604977892506E+001 -0.757670008955961E+002 -0.844347433024014E+002
  0.354565500552428E+001  0.104086560441413E+001 -0.758580931977275E+002 -0.781331071037141E+002
  0.352687869528186E+001  0.114019330734799E+001 -0.755931799593649E+002 -0.786982490102578E+002
  0.354117435227221E+001  0.104722987804946E+001 -0.758208237098030E+002 -0.768138757682248E+002
  0.352455501311693E+001  0.118060509315715E+001 -0.757448522418636E+002 -0.762270804485083E+002
  0.352545492510571E+001  0.114024759141161E+001 -0.756488154466587E+002 -0.773808970480057E+002
  0.353387327186077E+001  0.109911152623711E+001 -0.755693291647294E+002 -0.774227613234139E+002
  0.352322312859747E+001  0.116752713208376E+001 -0.756783174106081E+002 -0.765508551692523E+002
  0.354770302653885E+001  0.107401054603079E+001 -0.761190011513828E+002 -0.784049440801215E+002
  0.352383673886456E+001  0.116376549986620E+001 -0.756592870634571E+002 -0.775012153461512E+002
  0.352723241894222E+001  0.116906771911024E+001 -0.757032176618075E+002 -0.771299554867315E+002
  0.354055953392917E+001  0.109444863577225E+001 -0.756987302435583E+002 -0.837233627883333E+002
  0.352305460620565E+001  0.119725456725864E+001 -0.758900463902365E+002 -0.765812258479367E+002
  0.352670026289753E+001  0.119669187857596E+001 -0.760857554460573E+002 -0.772471353622096E+002
  0.354393730486768E+001  0.104986777742147E+001 -0.757847438873901E+002 -0.763133817843753E+002
  0.351351812486859E+001  0.120725632465815E+001 -0.761346008766940E+002 -0.767610878996483E+002
  0.352648960363768E+001  0.109780035824375E+001 -0.760965250578701E+002 -0.762592550218233E+002
  0.352627225310087E+001  0.112971763359326E+001 -0.756726367793497E+002 -0.877237692269960E+002
  0.353141976668769E+001  0.111126796548833E+001 -0.755672676664825E+002 -0.761769909652086E+002
  0.352080689156662E+001  0.120378340565268E+001 -0.759132877331542E+002 -0.780097720405315E+002
  0.351633551907323E+001  0.122059816212925E+001 -0.760660874485586E+002 -0.957813894001712E+002
  0.353131420283516E+001  0.115155683254706E+001 -0.756888474360846E+002 -0.763035294146697E+002
  0.352908207299153E+001  0.111136222884965E+001 -0.756666658043928E+002 -0.785378031576822E+002
  0.352351429769288E+001  0.114266113279774E+001 -0.757472203983557E+002 -0.787968533766475E+002
  0.354238537366738E+001  0.110280697484758E+001 -0.759269067204830E+002 -0.764057669210890E+002
  0.353811028347351E+001  0.109978239391441E+001 -0.756074599323037E+002 -0.761610567329885E+002
  0.354397131004557E+001  0.106177065720835E+001 -0.757586978716441E+002 -0.765948651759872E+002
  0.354978485688856E+001  0.102362678921587E+001 -0.760553669351561E+002 -0.780872101620381E+002
  0.352602286817689E+001  0.115899285055264E+001 -0.756186936284207E+002 -0.764084659750635E+002
  0.351592714069633E+001  0.117830595583303E+001 -0.760839137669042E+002 -0.763000666164198E+002
  0.353180499800868E+001  0.107238320636962E+001 -0.760211058312773E+002 -0.141220488250952E+003
  0.354733370783720E+001  0.102218493993625E+001 -0.760090702459532E+002 -0.777686092181505E+002
  0.352471975712601E+001  0.112164032230094E+001 -0.758796985370410E+002 -0.769290144246405E+002
  0.354577840118883E+001  0.108601845755008E+001 -0.760590946617043E+002 -0.761477560773108E+002
  0.354279901978481E+001  0.103825504758757E+001 -0.758833546287606E+002 -0.761962007122514E+002
  0.353621138902274E+001  0.107858124629176E+001 -0.756499282762987E+002 -0.768675009210980E+002
  0.353392813823192E+001  0.115683906977129E+001 -0.759576249911029E+002 -0.767863301066609E+002
  0.354139627570091E+001  0.105876916465629E+001 -0.757177157051306E+002 -0.765869020917490E+002
  0.353236363539854E+001  0.106808965804117E+001 -0.760510841954807E+002 -0.770060800267792E+002
  0.354876087096587E+001  0.104770541325097E+001 -0.760016506640958E+002 -0.768918298718623E+002
  0.353499486403361E+001  0.115360193103354E+001 -0.760031536269489E+002 -0.762482829199109E+002
  0.352777429716011E+001  0.109022949309906E+001 -0.760985534456572E+002 -0.761699011372524E+002
  0.352840134302724E+001  0.116308528029109E+001 -0.756834163364205E+002 -0.761747567244838E+002
  0.353141766150451E+001  0.111160634017400E+001 -0.755656874372064E+002 -0.766334845250440E+002
  0.354115534214738E+001  0.106087366088923E+001 -0.757051465321159E+002 -0.773318515755720E+002
  0.352098311249172E+001  0.113737332927622E+001 -0.760389116342639E+002 -0.762978427681702E+002
  0.353768722299673E+001  0.107873941262472E+001 -0.756200572716133E+002 -0.819379185223084E+002
  0.353408876833087E+001  0.107631953752663E+001 -0.757715258768375E+002 -0.315756970436757E+003
  0.352583418196694E+001  0.117261840750189E+001 -0.756993876717750E+002 -0.762713080174524E+002
  0.352417092180173E+001  0.119208423474975E+001 -0.758619665102045E+002 -0.761826377075810E+002
  0.354370278040594E+001  0.101937900302868E+001 -0.761242920906322E+002 -0.764953177375108E+002
  0.353241638100365E+001  0.114869769630267E+001 -0.757167935097419E+002 -0.763224530150956E+002
  0.353786636966844E+001  0.110292713204464E+001 -0.756109297307372E+002 -0.762608609358746E+002
  0.352881438393667E+001  0.109676001251696E+001 -0.758717276395581E+002 -0.764176083396505E+002
  0.353633679131436E+001  0.110335275881751E+001 -0.755648606472460E+002 -0.777749921461097E+002
  0.352833946169343E+001  0.112943301712401E+001 -0.755805494623787E+002 -0.763258038132880E+002
  0.351576404531284E+001  0.122560280470072E+001 -0.761176756024361E+002 -0.762310908351721E+002
  0.351654999178147E+001  0.117073403110904E+001 -0.760937358827750E+002 -0.765431531844870E+002
  0.353550155234428E+001  0.110464669883882E+001 -0.755519531381486E+002 -0.761829440587518E+002
  0.352915862090560E+001  0.115553834010735E+001 -0.756397646373161E+002 -0.853182041325734E+002
  0.353900350001858E+001  0.110734971861840E+001 -0.756994644647910E+002 -0.858711281865749E+002
  0.351617048302931E+001  0.121857401359158E+001 -0.760511278183414E+002 -0.762046672322145E+002
  0.354353246828297E+001  0.109472277190333E+001 -0.759361333238716E+002 -0.766778363444893E+002
  0.352243301343863E+001  0.112481269994800E+001 -0.760744733003408E+002 -0.778696395550262E+002
  0.354321049904403E+001  0.105248446315839E+001 -0.757624630546831E+002 -0.765092610051862E+002
  0.353395554955602E+001  0.108100592141587E+001 -0.757192837191778E+002 -0.762928645553068E+002
  0.354670140964836E+001  0.104553007713462E+001 -0.758774818342196E+002 -0.769091471745233E+002
  0.352887034295802E+001  0.118216587949351E+001 -0.759798529172580E+002 -0.812405589733048E+002
  0.354220641467648E+001  0.106715997308399E+001 -0.756975746612079E+002 -0.778510987008394E+002
  0.354266645112181E+001  0.104034578421384E+001 -0.758625905063932E+002 -0.770223720001159E+002
  0.352427383578506E+001  0.112695587478689E+001 -0.758497948067497E+002 -0.780691120491134E+002
  0.353609931939768E+001  0.107864419807950E+001 -0.756527509050399E+002 -0.771556694339043E+002
  0.353646491033333E+001  0.115122956046335E+001 -0.761179813796371E+002 -0.764328302031011E+002
  0.353314097417198E+001  0.116879446634437E+001 -0.761150388048660E+002 -0.769166725722799E+002
  0.353952592450042E+001  0.111332292170665E+001 -0.757991921423915E+002 -0.761762803456344E+002
  0.352593978994993E+001  0.118167438921293E+001 -0.757975891127707E+002 -0.764093164649503E+002
  0.352507419030949E+001  0.112014691702384E+001 -0.758671866908795E+002 -0.787463226354393E+002
  0.351769328631815E+001  0.120821086274802E+001 -0.759521044614540E+002 -0.764617700840890E+002
  0.354674095020086E+001  0.106889423896786E+001 -0.759681759622511E+002 -0.240417566491242E+003
  0.353409657681305E+001  0.106306487705233E+001 -0.759862376796344E+002 -0.775405593163353E+002
  0.353281521982108E+001  0.113609412543237E+001 -0.756116966886558E+002 -0.769678807541898E+002
  0.353641993683236E+001  0.107190751398121E+001 -0.757069230300867E+002 -0.763910000639958E+002
  0.354307069850892E+001  0.104068811194272E+001 -0.758520020455691E+002 -0.762119419460773E+002
  0.353975420708417E+001  0.112431516836205E+001 -0.759791578523800E+002 -0.762763387556040E+002
  0.353454718007047E+001  0.109921338970634E+001 -0.755588775327077E+002 -0.765325053389624E+002
  0.353110660890219E+001  0.107681373651594E+001 -0.760043220840383E+002 -0.763731688089228E+002
  0.354513552872629E+001  0.106697122164580E+001 -0.758315147156584E+002 -0.811465885609135E+002
  0.353118777770827E+001  0.114891919132122E+001 -0.756555595051214E+002 -0.769842791494214E+002
  0.353580782199113E+001  0.113968366923208E+001 -0.758418119219595E+002 -0.764423192458161E+002
  0.352761165793099E+001  0.116720653692652E+001 -0.756970830934696E+002 -0.813116236827114E+002
  0.353124527597022E+001  0.116857530024840E+001 -0.759282060040365E+002 -0.762379197186597E+002
  0.354131573672631E+001  0.110014259232729E+001 -0.757990585068143E+002 -0.761979896500135E+002
  0.352558290836949E+001  0.119317993419041E+001 -0.759452899201976E+002 -0.788266485859009E+002
  0.352022792083553E+001  0.121254617920692E+001 -0.760085572039959E+002 -0.768605991940195E+002
  0.354387172703591E+001  0.106824180948955E+001 -0.757629072298443E+002 -0.764872508167522E+002
  0.352845832771381E+001  0.113661640234102E+001 -0.755619926047077E+002 -0.949576972668736E+002
  0.353032264263950E+001  0.112159708086996E+001 -0.755536351332945E+002 -0.848062868784505E+002
  0.354439072235717E+001  0.102044829862771E+001 -0.760774073459354E+002 -0.761510746152692E+002
  0.353625596833782E+001  0.106010258109555E+001 -0.758722216706387E+002 -0.770141084821679E+002
  0.352318569767130E+001  0.119560894016110E+001 -0.758733056372285E+002 -0.100217986356983E+003
  0.353373367221389E+001  0.116439617256860E+001 -0.760860089474080E+002 -0.762647329257368E+002
  0.354909233295032E+001  0.104634869073482E+001 -0.760210608098687E+002 -0.766629977957003E+002
  0.353796881262009E+001  0.111450523611855E+001 -0.756966834652414E+002 -0.762280105962107E+002
  0.353993663682150E+001  0.107422776854641E+001 -0.756404196822614E+002 -0.766116906379135E+002
  0.353510915597728E+001  0.107613625754265E+001 -0.757175395617253E+002 -0.768055130961450E+002
  0.352951252299150E+001  0.116668675823620E+001 -0.757768391351727E+002 -0.761747621768305E+002
  0.353299665539825E+001  0.106165481774658E+001 -0.761208952731759E+002 -0.762704935300680E+002
  0.354948642555625E+001  0.105034215067824E+001 -0.760747938156003E+002 -0.765423832126731E+002
  0.352836749438325E+001  0.114815225538295E+001 -0.755808040220059E+002 -0.766563220023608E+002
  0.352656015453098E+001  0.113038884211179E+001 -0.756515945858883E+002 -0.768683083510538E+002
  0.354429047494754E+001  0.103607822965959E+001 -0.758838882258315E+002 -0.761658932824965E+002
  0.352407176356735E+001  0.112329707915117E+001 -0.759192154697532E+002 -0.792893273098595E+002
  0.352422700304594E+001  0.113224969933903E+001 -0.757915053630731E+002 -0.764146518837308E+002
  0.352479321686174E+001  0.116265744182683E+001 -0.756400534181699E+002 -0.764871361483691E+002
  0.351539589680536E+001  0.121467372497407E+001 -0.760454824878325E+002 -0.762448665447840E+002
  0.354784437329867E+001  0.105930040531712E+001 -0.759913120991808E+002 -0.782826666713445E+002
  0.353228738272285E+001  0.110819976713268E+001 -0.755599683374002E+002 -0.812132143759252E+002
  0.352208163595258E+001  0.120891825171891E+001 -0.760198267524771E+002 -0.774888376323153E+002
  0.353526655149199E+001  0.113723511410129E+001 -0.757637290882268E+002 -0.771460109909319E+002
  0.354069202122702E+001  0.104692974984629E+001 -0.758386711900502E+002 -0.797228876442301E+002
  0.355067819118162E+001  0.102825527817085E+001 -0.760922685756525E+002 -0.762069536668658E+002
  0.353061316245163E+001  0.108579216481527E+001 -0.758892140840287E+002 -0.770749519330746E+002
  0.354671069138249E+001  0.101886860144770E+001 -0.760446885244164E+002 -0.762483760777079E+002
  0.354010950976325E+001  0.106643234554162E+001 -0.756742749363375E+002 -0.761897686335841E+002
  0.352462200346149E+001  0.118225885900420E+001 -0.757622361195108E+002 -0.766991037832369E+002
  0.353371739911937E+001  0.107302626363048E+001 -0.758447218000870E+002 -0.104393928045430E+003
  0.352295846656549E+001  0.120532662132981E+001 -0.760027894089022E+002 -0.761417214735370E+002
  0.352134290960884E+001  0.113402887665420E+001 -0.760495746002557E+002 -0.771207622390196E+002
  0.352608920202552E+001  0.119887473553464E+001 -0.760813602999207E+002 -0.917963661664901E+002
  0.353344330436778E+001  0.112460801205502E+001 -0.755620114285080E+002 -0.780201135538687E+002
  0.354007597641409E+001  0.107562249736398E+001 -0.756388637070311E+002 -0.761549456798589E+002
  0.352514176817268E+001  0.111869844692955E+001 -0.758812959103425E+002 -0.769920896775698E+002
  0.354317195638620E+001  0.104834593975621E+001 -0.757867873255670E+002 -0.782895894475708E+002
  0.354312141240344E+001  0.110095315077337E+001 -0.759769633348205E+002 -0.765525451983612E+002
  0.353212150151045E+001  0.113404305784938E+001 -0.755748396480435E+002 -0.834606414435632E+002
  0.353662117107481E+001  0.108898392355544E+001 -0.755807491931263E+002 -0.778091538121850E+002
  0.354800608626358E+001  0.103135986942424E+001 -0.759616662946602E+002 -0.764597846983852E+002
  0.352805765907129E+001  0.111761025795438E+001 -0.756688466778761E+002 -0.762449337231212E+002
  0.354589729277501E+001  0.103390869716265E+001 -0.759036222254730E+002 -0.927112464917896E+002
  0.353882364159480E+001  0.112583009402444E+001 -0.759077223690240E+002 -0.763414155656772E+002
  0.351551703056570E+001  0.121037284348169E+001 -0.760238741196956E+002 -0.765530648685061E+002
  0.351653972249473E+001  0.122072209471768E+001 -0.760656473803828E+002 -0.772795839848876E+002
  0.354650518751942E+001  0.102591221384750E+001 -0.759723830056038E+002 -0.761919837433686E+002
  0.354801658893436E+001  0.101255386947271E+001 -0.761080850030572E+002 -0.766583607519430E+002
  0.355003333416911E+001  0.102801226762718E+001 -0.760559649871492E+002 -0.766685918640275E+002
  0.353574670849479E+001  0.108516639220565E+001 -0.756116699857597E+002 -0.773022473486876E+002
  0.352188550894637E+001  0.118628255581037E+001 -0.757682811179075E+002 -0.766736930050067E+002
  0.352270562674204E+001  0.113191783895392E+001 -0.759337326573437E+002 -0.771833490151797E+002
  0.354445571537754E+001  0.102526733901765E+001 -0.760053560117243E+002 -0.877709964801754E+002
  0.354210715046259E+001  0.111410381136937E+001 -0.760706028952617E+002 -0.776760350573281E+002
  0.351605166055376E+001  0.120220298492056E+001 -0.759824172818164E+002 -0.769652530360271E+002
  0.354907885097414E+001  0.101923812197196E+001 -0.760560914346269E+002 -0.820595861835871E+002
  0.353041040312419E+001  0.114523180596578E+001 -0.755980036288128E+002 -0.804582402472542E+002
  0.355008778991020E+001  0.102111281695777E+001 -0.760769280336493E+002 -0.846334238857035E+002
  0.354014088149899E+001  0.110087647314568E+001 -0.757195865523005E+002 -0.791667942245202E+002
  0.353375915085322E+001  0.111994335804947E+001 -0.755514362073147E+002 -0.769151653346422E+002
  0.352411710123311E+001  0.116728840393279E+001 -0.756615392096611E+002 -0.768214176032246E+002
  0.354157482412671E+001  0.103847331908764E+001 -0.759178923450981E+002 -0.770744334748673E+002
  0.351761002712663E+001  0.119416423906986E+001 -0.759012266035126E+002 -0.761432809620130E+002
  0.352975025712613E+001  0.114540673036583E+001 -0.755843577656178E+002 -0.791339407223532E+002
  0.353827563940962E+001  0.114095349027712E+001 -0.761206514960786E+002 -0.762527359777430E+002
  0.352224748884180E+001  0.117453949506139E+001 -0.757136916875699E+002 -0.772702952574533E+002
  0.354613136132307E+001  0.106930284199841E+001 -0.759188951275789E+002 -0.767573680982719E+002
  0.353894155536488E+001  0.112790758429593E+001 -0.759531453811183E+002 -0.765348634844856E+002
  0.352067022946279E+001  0.115947612795678E+001 -0.758245449105612E+002 -0.782597142604389E+002
  0.353120092067781E+001  0.111373786642793E+001 -0.755616465988198E+002 -0.770470587000723E+002
  0.354001235872579E+001  0.106403225674212E+001 -0.756896851361033E+002 -0.761871951732044E+002
  0.354736856103463E+001  0.102436683377631E+001 -0.759906582968969E+002 -0.779855575643002E+002
  0.352885249274338E+001  0.117364763617098E+001 -0.758364630301688E+002 -0.841225804900705E+002
  0.354323415947665E+001  0.108273595619592E+001 -0.757937126172735E+002 -0.767797196031491E+002
  0.352760432663999E+001  0.115466115239265E+001 -0.756039199901342E+002 -0.763460927086542E+002
  0.352065208035031E+001  0.118972726951404E+001 -0.757989055554555E+002 -0.779022804825516E+002
  0.353208999672329E+001  0.113426410590023E+001 -0.755752357310040E+002 -0.763613678165880E+002
  0.353580202470399E+001  0.109314667731907E+001 -0.755699687376508E+002 -0.903367456903459E+002
  0.351343891024968E+001  0.121355065631614E+001 -0.761350255142130E+002 -0.762237757512291E+002
  0.352802627677855E+001  0.111933479571642E+001 -0.756556329603633E+002 -0.761582771112487E+002
  0.355010554807152E+001  0.103909567320855E+001 -0.760709226520083E+002 -0.769583538065065E+002
  0.353914889455702E+001  0.108904813680843E+001 -0.756143140088094E+002 -0.768135994777973E+002
  0.351692023440034E+001  0.116718061177551E+001 -0.760931677369614E+002 -0.777809323473735E+002
  0.352419559622362E+001  0.111459021887659E+001 -0.760474197793527E+002 -0.766939936745264E+002
  0.353310147645412E+001  0.113726113080096E+001 -0.756336885066560E+002 -0.790192128220074E+002
  0.354455952315263E+001  0.106567566060539E+001 -0.757922601924679E+002 -0.817052136936868E+002
  0.354093746639139E+001  0.109618866754546E+001 -0.757351922503807E+002 -0.897533257336550E+002
  0.353696530600792E+001  0.109427294145653E+001 -0.755709527924531E+002 -0.761540648702169E+002
  0.354438637574920E+001  0.109014029803336E+001 -0.759646224777277E+002 -0.823556441911572E+002
  0.353071482346111E+001  0.111482128892614E+001 -0.755700898071836E+002 -0.766055948328654E+002
  0.352955829846149E+001  0.112146407362373E+001 -0.755745092112794E+002 -0.794975543655242E+002
  0.353974719853144E+001  0.104887349319181E+001 -0.758491111855194E+002 -0.767313147193673E+002
  0.353644768299205E+001  0.111756337992662E+001 -0.756344726346426E+002 -0.778892611459397E+002
  0.353272786978624E+001  0.114583360039653E+001 -0.757014006589314E+002 -0.769791040886671E+002
  0.353514758916461E+001  0.109942296950941E+001 -0.755545511624024E+002 -0.767093529141133E+002
  0.353970763570469E+001  0.104843414678727E+001 -0.758567211144920E+002 -0.763835156325396E+002
  0.352278424164751E+001  0.115130302287639E+001 -0.757345616893742E+002 -0.768012006620320E+002
  0.354201553965215E+001  0.109801314095879E+001 -0.758346875168641E+002 -0.774798657683739E+002
  0.354359063345192E+001  0.104379323931388E+001 -0.758202165273063E+002 -0.767437826024485E+002
  0.352700298175677E+001  0.114556787451142E+001 -0.755841597319335E+002 -0.784779932088294E+002
  0.353109936958447E+001  0.109326899974305E+001 -0.757412662090825E+002 -0.767214938181297E+002
  0.351828825371854E+001  0.118361122755153E+001 -0.758723634311960E+002 -0.769022235657488E+002
  0.354112481633249E+001  0.104530587057589E+001 -0.758446290917018E+002 -0.762965635502431E+002
  0.352385664693063E+001  0.117259429257019E+001 -0.756842964632818E+002 -0.795434077704735E+002
  0.351516711996210E+001  0.118160789083955E+001 -0.761306839387126E+002 -0.762315437144447E+002
  0.352307555743846E+001  0.114638437167948E+001 -0.757486056078688E+002 -0.770210986308569E+002
  0.353462408786263E+001  0.114511423242231E+001 -0.758242461711716E+002 -0.762227607956445E+002
  0.353801946464716E+001  0.109179353729544E+001 -0.755883603624399E+002 -0.766161283339593E+002
  0.354390693632390E+001  0.105847065348921E+001 -0.757583054777102E+002 -0.766614340512115E+002
  0.352248543267866E+001  0.118301074232907E+001 -0.757459916844883E+002 -0.766046016380315E+002
  0.352847382529996E+001  0.113051225268348E+001 -0.755728486193240E+002 -0.886669986800305E+002
  0.352711564036588E+001  0.118123408663497E+001 -0.758471112236158E+002 -0.761758869098796E+002
  0.354983663254936E+001  0.101333888461409E+001 -0.761145982149218E+002 -0.775506538772441E+002
  0.353178652897627E+001  0.113993648295603E+001 -0.756026207513437E+002 -0.762273122470527E+002
  0.352902957936535E+001  0.111078211031225E+001 -0.756753685252212E+002 -0.770944963110190E+002
  0.352987896851961E+001  0.114606103028743E+001 -0.755906131583111E+002 -0.763259453451296E+002
  0.353925970896029E+001  0.112617924162574E+001 -0.759576994690877E+002 -0.761499443367186E+002
  0.354428024963584E+001  0.109750162158159E+001 -0.760539522864311E+002 -0.764426456007023E+002
  0.354065869923244E+001  0.106200821237906E+001 -0.756990777022264E+002 -0.764167283969669E+002
  0.352215347992039E+001  0.113698772204717E+001 -0.759206971171341E+002 -0.782188932555156E+002
  0.353146812559808E+001  0.110228731632299E+001 -0.756252718041166E+002 -0.802268188030660E+002
  0.353258770121767E+001  0.106335372183220E+001 -0.761274219694412E+002 -0.787974163728251E+002
  0.353972280618136E+001  0.105225319352415E+001 -0.758070520711000E+002 -0.772352385509117E+002
  0.354515587089589E+001  0.106023152819657E+001 -0.758110964842260E+002 -0.764756357095064E+002
  0.354335015590426E+001  0.106705051845735E+001 -0.757366866108881E+002 -0.787666215418447E+002
  0.353947175853005E+001  0.104850846004361E+001 -0.758662087345612E+002 -0.772436212897209E+002
  0.353644300022030E+001  0.113664255559513E+001 -0.758512586867225E+002 -0.771626402332356E+002
  0.352742018862172E+001  0.114149708926086E+001 -0.755776078296755E+002 -0.763048809680936E+002
  0.352297403989561E+001  0.120344941600880E+001 -0.759742088351084E+002 -0.765885497448455E+002
  0.351668270747567E+001  0.117807890706739E+001 -0.760150537995653E+002 -0.786840608636229E+002
  0.352948987273321E+001  0.108062952463196E+001 -0.760999999910716E+002 -0.784390843559115E+002
  0.353059114587343E+001  0.111262549309956E+001 -0.755860891926674E+002 -0.762208655320233E+002
  0.352674584550938E+001  0.115104429028900E+001 -0.755927234243529E+002 -0.763634826227206E+002
  0.353598471278175E+001  0.108715312325480E+001 -0.755949689198728E+002 -0.767760102081887E+002
  0.353361387627528E+001  0.113261070572168E+001 -0.756175654435166E+002 -0.772052243288886E+002
  0.351754398630027E+001  0.119232590017044E+001 -0.759034565891550E+002 -0.762254035988668E+002
  0.351884590405549E+001  0.117651802641937E+001 -0.758589326899993E+002 -0.879602638382643E+002
  0.353831848618426E+001  0.108124011291021E+001 -0.756071929974700E+002 -0.763165106933851E+002
  0.352595380819706E+001  0.113294038398678E+001 -0.756671471587456E+002 -0.763642708427379E+002
  0.353885690745962E+001  0.104135822447300E+001 -0.760165163842666E+002 -0.761687582937903E+002
  0.352216115326797E+001  0.116513839729775E+001 -0.757139059565102E+002 -0.771936313040471E+002
  0.352163863670891E+001  0.116646889863755E+001 -0.757346315188130E+002 -0.841889849430991E+002
  0.352565233346986E+001  0.111659867980266E+001 -0.758632723393331E+002 -0.770706560615178E+002
  0.354081993920292E+001  0.106500482120767E+001 -0.756824714833989E+002 -0.765277465036288E+002
  0.353406142412236E+001  0.108396313523503E+001 -0.756805373893818E+002 -0.761935232600233E+002
  0.352777544055309E+001  0.110138302181699E+001 -0.758942485297148E+002 -0.762792504022201E+002
  0.354466248437744E+001  0.105381167044233E+001 -0.757895936599484E+002 -0.782734036794805E+002
  0.352861557985626E+001  0.109217102529884E+001 -0.759688094269183E+002 -0.761824066836435E+002
  0.352252153136676E+001  0.120903949368925E+001 -0.760420863326151E+002 -0.762633538462977E+002
  0.353857709084224E+001  0.106204403878699E+001 -0.757349487216312E+002 -0.781860375559854E+002
  0.352513151402259E+001  0.110852167174314E+001 -0.760493658843113E+002 -0.995952307141890E+002
  0.353543137366137E+001  0.109709614118062E+001 -0.755595386886114E+002 -0.761908323701894E+002
  0.352228030582371E+001  0.116062492618952E+001 -0.757195687430696E+002 -0.131957662463357E+003
  0.353236424483900E+001  0.112166886120391E+001 -0.755371726854868E+002 -0.761981552988368E+002
  0.352136737743494E+001  0.116117629113038E+001 -0.757678305651403E+002 -0.769406152257685E+002
  0.354512383375208E+001  0.107704174985365E+001 -0.758964609414600E+002 -0.765659021598540E+002
  0.354155625410182E+001  0.112083845039408E+001 -0.761261949864608E+002 -0.765539380097155E+002
  0.352498761538558E+001  0.115626736110548E+001 -0.756273458372144E+002 -0.794608251189165E+002
  0.353277385727319E+001  0.117154778009358E+001 -0.761346721848395E+002 -0.779469956937786E+002
  0.353571216276166E+001  0.115372155422111E+001 -0.760830339050078E+002 -0.761424909671498E+002
  0.354337233746235E+001  0.105283911273142E+001 -0.757627414708053E+002 -0.766729427094330E+002
  0.352866249717866E+001  0.114064344990488E+001 -0.755612840929041E+002 -0.828082295462902E+002
  0.352684936114184E+001  0.113815856487698E+001 -0.755997428776198E+002 -0.812142220470929E+002
  0.353381481099109E+001  0.111538631142553E+001 -0.755416711852836E+002 -0.795336643606126E+002
  0.351592622124243E+001  0.121586213005141E+001 -0.760368391750506E+002 -0.803643793220867E+002
  0.352815671604534E+001  0.113503373895588E+001 -0.755699355732822E+002 -0.762567301322372E+002
  0.351851087914282E+001  0.118480681338262E+001 -0.758585077206972E+002 -0.807116850057722E+002
  0.354054027484039E+001  0.108563056625098E+001 -0.756564811940908E+002 -0.768456362497774E+002
  0.352968235138360E+001  0.112464628386127E+001 -0.755591116502121E+002 -0.825042915662253E+002
  0.355062776792469E+001  0.103661107128107E+001 -0.761025179206873E+002 -0.763077715380361E+002
  0.352447265268186E+001  0.114097761945102E+001 -0.756977523701182E+002 -0.763676706019181E+002
  0.352764955668283E+001  0.118171380086705E+001 -0.758855928180656E+002 -0.770447050210215E+002
  0.353342425010931E+001  0.113130189352505E+001 -0.755999426706237E+002 -0.766009588692349E+002
  0.352294042691669E+001  0.112070283602946E+001 -0.760861724371778E+002 -0.771010916481102E+002
  0.353160930715209E+001  0.107928037302988E+001 -0.759118191390669E+002 -0.763534498738219E+002
  0.353095316913864E+001  0.114113603597051E+001 -0.755858745476683E+002 -0.761928477919752E+002
  0.351653497303416E+001  0.122444896961209E+001 -0.761035053452387E+002 -0.763744415987806E+002
  0.352589292421988E+001  0.112817441419100E+001 -0.757093661517920E+002 -0.776968946750632E+002
  0.352726996940425E+001  0.109377986061300E+001 -0.760853308199125E+002 -0.770694883951766E+002
  0.353185663130382E+001  0.115710840168914E+001 -0.757915551083959E+002 -0.762064908000707E+002
  0.353536130263744E+001  0.114630193581037E+001 -0.759077398745989E+002 -0.770863832090775E+002
  0.353085152575179E+001  0.111032142617022E+001 -0.755909311740532E+002 -0.764306539467947E+002
  0.352957377822824E+001  0.113276018457484E+001 -0.755489132534372E+002 -0.762744467798386E+002
  0.352125887434867E+001  0.119624758417476E+001 -0.758430285629628E+002 -0.144038354899316E+003
  0.353749988476894E+001  0.107074181522643E+001 -0.756818949631935E+002 -0.983235209224021E+002
  0.354853129273244E+001  0.105028420577691E+001 -0.759954137369726E+002 -0.763900699185773E+002
  0.353278180309650E+001  0.112342098012927E+001 -0.755446263625640E+002 -0.764912921501558E+002
  0.353354584884526E+001  0.110840908472114E+001 -0.755419974029362E+002 -0.762035842370972E+002
  0.352287308719861E+001  0.112904142784577E+001 -0.759576643597692E+002 -0.763454250091292E+002
  0.352437672904570E+001  0.120399980506185E+001 -0.760588857917830E+002 -0.766262300888846E+002
  0.353361108270622E+001  0.109208813189720E+001 -0.756228607790525E+002 -0.764071962352716E+002
  0.355033876934039E+001  0.101898190806339E+001 -0.760955440367413E+002 -0.762026241224884E+002
  0.352389854603315E+001  0.119277352761228E+001 -0.758610369718007E+002 -0.772071865950802E+002
  0.353682359157657E+001  0.113804178852332E+001 -0.759086564958804E+002 -0.766790838416641E+002
  0.353195409580476E+001  0.114924720196682E+001 -0.756967957859039E+002 -0.763318248545078E+002
  0.353796950800602E+001  0.104876353810581E+001 -0.759458900110698E+002 -0.764635029679043E+002
  0.354764092935687E+001  0.106008366251346E+001 -0.759793913451506E+002 -0.766696695614210E+002
  0.354050492105595E+001  0.106679365106220E+001 -0.756727071941884E+002 -0.762186823168109E+002
  0.354018062305014E+001  0.105025415299308E+001 -0.758153626361039E+002 -0.771830462415513E+002
  0.354130188065551E+001  0.108061677496984E+001 -0.756748119140505E+002 -0.772967969966438E+002
  0.353412598871631E+001  0.116265411725088E+001 -0.760921992230885E+002 -0.806578616620501E+002
  0.353345141522608E+001  0.110577742880528E+001 -0.755492720959021E+002 -0.763890863134960E+002
  0.352541064232304E+001  0.113876142592076E+001 -0.756591632342963E+002 -0.766972029986921E+002
  0.354560614384750E+001  0.107667285807391E+001 -0.759353506966672E+002 -0.768123604675015E+002
  0.353911401287665E+001  0.111783905694300E+001 -0.758205654842681E+002 -0.778874702146366E+002
  0.352012865719599E+001  0.121695491273348E+001 -0.760683448462872E+002 -0.771910341946807E+002
  0.351809955233467E+001  0.119427690967244E+001 -0.758810866531295E+002 -0.768593927067344E+002
  0.351573379383397E+001  0.117727639319610E+001 -0.761127951553231E+002 -0.761957025540144E+002
  0.354261494458180E+001  0.102809193811752E+001 -0.760297923764980E+002 -0.762854437379665E+002
  0.353199315144200E+001  0.115852549821829E+001 -0.758221342218256E+002 -0.762531553471037E+002
  0.353838811012192E+001  0.109570781610406E+001 -0.756042153429590E+002 -0.765258480063980E+002
  0.353380283852480E+001  0.113341663807674E+001 -0.756328842321816E+002 -0.780912908882549E+002
  0.353056801425419E+001  0.116505086909606E+001 -0.758195076011259E+002 -0.763109517164335E+002
  0.353666422801410E+001  0.113194953468658E+001 -0.758022538334798E+002 -0.769791659553166E+002
  0.353876738585145E+001  0.109145602048246E+001 -0.756068152687577E+002 -0.773109971865405E+002
  0.353057969847483E+001  0.117157515612875E+001 -0.759263173142300E+002 -0.103963490134772E+003
  0.352935066499414E+001  0.111687057897163E+001 -0.756082333997090E+002 -0.761433787032263E+002
  0.353747534730765E+001  0.114166438525755E+001 -0.760413846207784E+002 -0.851864767556697E+002
  0.353706943633466E+001  0.113495863179706E+001 -0.758822770849883E+002 -0.765081567911852E+002
  0.354919981069581E+001  0.104533182553357E+001 -0.760251091103388E+002 -0.879842047981891E+002
  0.354463505770229E+001  0.104244666043002E+001 -0.758340994203664E+002 -0.761850502536120E+002
  0.353303251485425E+001  0.115496715101394E+001 -0.758470326430755E+002 -0.762388742270517E+002
  0.352835513340519E+001  0.109954331260637E+001 -0.758695294185967E+002 -0.776720939704337E+002
  0.352289297984972E+001  0.116567942633448E+001 -0.756862557717287E+002 -0.764515963276319E+002
  0.354519003748291E+001  0.107363206254956E+001 -0.758748597742749E+002 -0.762594652904485E+002
  0.354462494944967E+001  0.109451849836723E+001 -0.760489043353575E+002 -0.763159714866803E+002
  0.354994515962862E+001  0.104955863938280E+001 -0.761113711193915E+002 -0.768184951552944E+002
  0.353432960547969E+001  0.112674579719157E+001 -0.756038684367135E+002 -0.761688913557623E+002
  0.353972608149092E+001  0.111395669928474E+001 -0.758239809200503E+002 -0.765224855978988E+002
  0.351898609790363E+001  0.115677871544945E+001 -0.759956688061134E+002 -0.774240410920439E+002
  0.353618080716562E+001  0.113607400161759E+001 -0.758201858088611E+002 -0.812953202063758E+002
  0.352967684960516E+001  0.110424382715935E+001 -0.757037987749187E+002 -0.761849610268134E+002
  0.352694899526578E+001  0.113937785119911E+001 -0.755930253352370E+002 -0.835101935332546E+002
  0.352218448785305E+001  0.112999623717004E+001 -0.760176418040382E+002 -0.794639524533344E+002
  0.353297244270924E+001  0.110667678746907E+001 -0.755529415685510E+002 -0.763599303722751E+002
  0.351983026503772E+001  0.121682232254020E+001 -0.760570512277290E+002 -0.768754025738464E+002
  0.352428510560525E+001  0.112968417994875E+001 -0.758154625054053E+002 -0.812475461760047E+002
  0.352998320448668E+001  0.111200269941327E+001 -0.756148140792951E+002 -0.895758163852054E+002
  0.353553053645328E+001  0.108887476592914E+001 -0.755928462344003E+002 -0.790402368482006E+002
  0.352901984339412E+001  0.108200277731643E+001 -0.761251148779752E+002 -0.761793152616456E+002
  0.352502989039929E+001  0.113730248242883E+001 -0.756899248875655E+002 -0.762849391068599E+002
  0.352971644203203E+001  0.116508471015192E+001 -0.757670227038115E+002 -0.764724810009038E+002
  0.353417174236783E+001  0.115916841973884E+001 -0.760261214983252E+002 -0.102375507249349E+003
  0.352939640098827E+001  0.113247326121324E+001 -0.755508659447303E+002 -0.762317353130096E+002
  0.353190897759108E+001  0.110825036513740E+001 -0.755690604377615E+002 -0.766795786459910E+002
  0.354420322878779E+001  0.102581522578534E+001 -0.760048884387765E+002 -0.763410923921900E+002
  0.352843707123582E+001  0.109563297407556E+001 -0.759257867128551E+002 -0.762536992354594E+002
  0.351628530996770E+001  0.119654980555821E+001 -0.759691428593341E+002 -0.767351565653701E+002
  0.355043819716806E+001  0.103088763269701E+001 -0.760781933053619E+002 -0.762129122457761E+002
  0.353102949727504E+001  0.110638916277811E+001 -0.756114818934732E+002 -0.856967683236689E+002
  0.353334396070192E+001  0.108043136982609E+001 -0.757625172452521E+002 -0.765004298005611E+002
  0.353373702010095E+001  0.109258347756328E+001 -0.756144289376147E+002 -0.820826654009651E+002
  0.352713037257025E+001  0.113554923359683E+001 -0.755988677341080E+002 -0.769911047442042E+002
  0.353412839347614E+001  0.115416472092597E+001 -0.759284938562326E+002 -0.762267923837210E+002
  0.351811038157025E+001  0.116714590718795E+001 -0.759750975321983E+002 -0.798787409057914E+002
  0.351803952119341E+001  0.117157711162589E+001 -0.759454687623860E+002 -0.763699523726466E+002
  0.353774699598151E+001  0.110278911907340E+001 -0.756055885890935E+002 -0.763609987122763E+002
  0.354577438849070E+001  0.105679962755286E+001 -0.758373598160201E+002 -0.768517805701699E+002
  0.354202617184354E+001  0.108668845456083E+001 -0.757390104649240E+002 -0.765112533441352E+002
  0.354213267053370E+001  0.104409657183273E+001 -0.758328482165976E+002 -0.772536336444787E+002
  0.352951353236480E+001  0.114630502972833E+001 -0.755850687667190E+002 -0.771585553887418E+002
  0.353898357951526E+001  0.112014975240251E+001 -0.758398057940134E+002 -0.769883539878369E+002
  0.352787515287047E+001  0.109882528442713E+001 -0.759267608548553E+002 -0.763298845949641E+002
  0.353979741524959E+001  0.112353655803144E+001 -0.759707871446238E+002 -0.773571491101955E+002
  0.353404407825890E+001  0.115520847690692E+001 -0.759391338854757E+002 -0.769550049742917E+002
  0.354675773369983E+001  0.106082273448965E+001 -0.759139886091843E+002 -0.805883188852551E+002
  0.352836638386956E+001  0.115086666056546E+001 -0.755925944050338E+002 -0.764130229105979E+002
  0.354665231066817E+001  0.107792222955971E+001 -0.760515561625944E+002 -0.765756918437585E+002
  0.352829521444231E+001  0.109849056357056E+001 -0.758918423233344E+002 -0.761932106121984E+002
  0.352620177907337E+001  0.117911283744250E+001 -0.757766896743909E+002 -0.763308648616534E+002
  0.353564478877572E+001  0.112478309293698E+001 -0.756513876514680E+002 -0.787370081846677E+002
  0.353244251377295E+001  0.110345738881398E+001 -0.755806539870785E+002 -0.771951143050043E+002
  0.352929269125416E+001  0.109058042766041E+001 -0.759297807786378E+002 -0.799266272673304E+002
  0.354979161120149E+001  0.102965381728440E+001 -0.760412946820541E+002 -0.761855437810305E+002
  0.353479517832744E+001  0.115817992669259E+001 -0.760726572902561E+002 -0.801873046224206E+002
  0.353100891957844E+001  0.111473636015839E+001 -0.755622675137699E+002 -0.843387281871258E+002
  0.354219827447186E+001  0.110430184622779E+001 -0.759284374657843E+002 -0.761505415159768E+002
  0.352912641832474E+001  0.115713263617284E+001 -0.756524731469543E+002 -0.761529287392052E+002
  0.352245085995840E+001  0.112195412031497E+001 -0.761232880739338E+002 -0.762387297731841E+002
  0.354065498973030E+001  0.107794140785099E+001 -0.756491158833496E+002 -0.762747868346574E+002
  0.352433153615708E+001  0.113178804328264E+001 -0.757880762789532E+002 -0.763458248553089E+002
  0.352074167826074E+001  0.114409981771655E+001 -0.759706402677354E+002 -0.766200081213862E+002
  0.353835612176664E+001  0.108091150845544E+001 -0.756084051074752E+002 -0.778310952676610E+002
  0.354732421649804E+001  0.104767498740722E+001 -0.759083509113387E+002 -0.763054146654698E+002
  0.353098416526295E+001  0.113592074440476E+001 -0.755598810251108E+002 -0.763987423698539E+002
  0.354252220676848E+001  0.102291851987697E+001 -0.761231650288916E+002 -0.780178542272254E+002
  0.353553733206283E+001  0.109791587470781E+001 -0.755574524506516E+002 -0.834938891621710E+002
  0.352257185718425E+001  0.115665568356297E+001 -0.757193824902006E+002 -0.764207760117430E+002
  0.354588178290643E+001  0.102440354265435E+001 -0.759901171943907E+002 -0.108774387831793E+003
  0.353690863717218E+001  0.114215943473833E+001 -0.759889474712215E+002 -0.774465348842155E+002
  0.351792030007295E+001  0.119542478681325E+001 -0.758901998568560E+002 -0.762011539246751E+002
  0.352665673200792E+001  0.111917835246798E+001 -0.757465925421487E+002 -0.762387511865707E+002
  0.353692898165872E+001  0.108575792017264E+001 -0.755918079709593E+002 -0.837252075169194E+002
  0.351647407482939E+001  0.119019530817996E+001 -0.759690497123279E+002 -0.761815121918309E+002
  0.353928385166384E+001  0.110705417843535E+001 -0.757153342658646E+002 -0.767161691063872E+002
  0.351777964351395E+001  0.118803463705511E+001 -0.758936945920944E+002 -0.772133746436303E+002
  0.351495035373613E+001  0.119715661758669E+001 -0.760555748972288E+002 -0.762524097029519E+002
  0.351911441093428E+001  0.119527307372159E+001 -0.758532590469843E+002 -0.761969845938887E+002
  0.353165495435337E+001  0.108553796010904E+001 -0.758077832569144E+002 -0.795595620498297E+002
  0.353794892696093E+001  0.108647724645549E+001 -0.755913565335439E+002 -0.775827862671692E+002
  0.352260722316319E+001  0.114269773889280E+001 -0.758150563628194E+002 -0.763026520819721E+002
  0.354274547920773E+001  0.102377905841351E+001 -0.760956542049986E+002 -0.804568846070387E+002
  0.352068041116187E+001  0.115190004474650E+001 -0.758874456411588E+002 -0.761463471263926E+002
  0.353414781330280E+001  0.115146253272896E+001 -0.758840543454033E+002 -0.761779141190389E+002
  0.352056605995813E+001  0.114691514260153E+001 -0.759531412499375E+002 -0.765280511905310E+002
  0.353235256244699E+001  0.111950951507896E+001 -0.755356624064277E+002 -0.763801889852443E+002
  0.352461229094570E+001  0.116893062560237E+001 -0.756640857948011E+002 -0.762008751129343E+002
  0.352187779318506E+001  0.116028216841127E+001 -0.757421165736691E+002 -0.763471233576557E+002
  0.353513010174871E+001  0.114546655940683E+001 -0.758728477521126E+002 -0.763359221058289E+002
  0.354790924143611E+001  0.107337219628310E+001 -0.761343727919130E+002 -0.776909533116823E+002
  0.352694669636704E+001  0.112766889899246E+001 -0.756499963118184E+002 -0.771210994580306E+002
  0.351571152142090E+001  0.119105684636688E+001 -0.760207221510175E+002 -0.761845231238853E+002
  0.352146557419749E+001  0.115184376696801E+001 -0.758227524003842E+002 -0.761750785551631E+002
  0.351374030190983E+001  0.121643582179663E+001 -0.761217368103938E+002 -0.761704843640517E+002
  0.352498994677997E+001  0.120348931616601E+001 -0.760904473905994E+002 -0.765923190145458E+002
  0.353732749663206E+001  0.107496061883110E+001 -0.756507322274612E+002 -0.820117269557309E+002
  0.352227104762497E+001  0.113857394081530E+001 -0.758895355242220E+002 -0.823841490914024E+002
  0.352351374114948E+001  0.117681858182592E+001 -0.757072866393354E+002 -0.782505010880024E+002
  0.352937695904662E+001  0.118744839618653E+001 -0.761298454959937E+002 -0.801359568235827E+002
  0.353295842846153E+001  0.112492906064347E+001 -0.755523578317234E+002 -0.761580943676748E+002
  0.352053942422847E+001  0.116353046975496E+001 -0.758084818909445E+002 -0.763150453426489E+002
  0.354343923857877E+001  0.110111002064044E+001 -0.760135469706121E+002 -0.762386773403801E+002
  0.352455939616497E+001  0.119228664068955E+001 -0.758802404394329E+002 -0.765292247099642E+002
  0.353713020730056E+001  0.111862504530835E+001 -0.756820015191787E+002 -0.762698200164652E+002
  0.353830948653466E+001  0.104927603787589E+001 -0.759161697657090E+002 -0.782956480182924E+002
  0.354765860922465E+001  0.107364113165120E+001 -0.761094821735478E+002 -0.765439871825877E+002
  0.352513051051185E+001  0.114114956186151E+001 -0.756602073554880E+002 -0.763623604132458E+002
  0.354118680419757E+001  0.111612846397282E+001 -0.759995072452629E+002 -0.954491987488880E+002
  0.353501378204699E+001  0.110506988353245E+001 -0.755470504767454E+002 -0.774014019107173E+002
  0.354162850087900E+001  0.104515289688842E+001 -0.758325358534888E+002 -0.797284328407368E+002
  0.355012388361533E+001  0.101608215341204E+001 -0.761031957874152E+002 -0.761557647530091E+002
  0.351444960061568E+001  0.119040763761305E+001 -0.761312995299089E+002 -0.772275715297998E+002
  0.353990076686057E+001  0.107813967946221E+001 -0.756316382244584E+002 -0.763444813998068E+002
  0.352076184040859E+001  0.121893894004284E+001 -0.761251944331445E+002 -0.767164422011803E+002
  0.351880456657189E+001  0.122295746244014E+001 -0.761172065339231E+002 -0.788594964020106E+002
  0.352534157970734E+001  0.112432819494296E+001 -0.757902214167771E+002 -0.817547861630657E+002
  0.353797304590505E+001  0.114302735267711E+001 -0.761267797162199E+002 -0.773785127141428E+002
  0.353738993836488E+001  0.106504902852038E+001 -0.757444395912439E+002 -0.106890206571795E+003
  0.351958752527886E+001  0.118779069554447E+001 -0.758156944334809E+002 -0.765040396510588E+002
  0.353403107369234E+001  0.111956871387461E+001 -0.755560842730960E+002 -0.762543169784968E+002
  0.352794882595740E+001  0.117304606417068E+001 -0.757777273142444E+002 -0.763513208729684E+002
  0.352870072438390E+001  0.116498139437828E+001 -0.757151147795904E+002 -0.763465162981425E+002
  0.353520062741288E+001  0.108126741175139E+001 -0.756595468502426E+002 -0.762543197938913E+002
  0.353991268685398E+001  0.106096145369087E+001 -0.757139005172455E+002 -0.816389169547608E+002
  0.353403706099736E+001  0.109449657259439E+001 -0.755917492343976E+002 -0.767588827551849E+002
  0.351819394523815E+001  0.119124456599717E+001 -0.758729814186854E+002 -0.761940551402674E+002
  0.352872005419425E+001  0.115791209999310E+001 -0.756465224559361E+002 -0.791780538851919E+002
  0.353750448559897E+001  0.112266221442713E+001 -0.757501094256851E+002 -0.769415673242668E+002
  0.352804056181310E+001  0.111916275347291E+001 -0.756562779702435E+002 -0.790509513956151E+002
  0.352146378005188E+001  0.117864416562194E+001 -0.757417536478845E+002 -0.761796940475920E+002
  0.353767608070703E+001  0.111441234404800E+001 -0.756774421323144E+002 -0.774391389772178E+002
  0.353561988548126E+001  0.111855922871252E+001 -0.756028996174855E+002 -0.774945143555529E+002
  0.352720220845230E+001  0.114523130122318E+001 -0.755807708699635E+002 -0.788649676353100E+002
  0.353979716336458E+001  0.113137697867967E+001 -0.761131242888638E+002 -0.776954618990364E+002
  0.353685111844583E+001  0.109577622883321E+001 -0.755687354144650E+002 -0.762010306730701E+002
  0.351963180839591E+001  0.116252893350572E+001 -0.758822307356830E+002 -0.774250864017420E+002
  0.354547305336443E+001  0.103534500200686E+001 -0.758896945639613E+002 -0.762298247806231E+002
  0.354474390218974E+001  0.104329447562295E+001 -0.758302515892204E+002 -0.765695218598355E+002
  0.352774747905587E+001  0.109585506311438E+001 -0.759921882621614E+002 -0.765064112165819E+002
  0.353699032599820E+001  0.112290480162435E+001 -0.757159249664399E+002 -0.762362103222352E+002
  0.352694437078156E+001  0.111514650521122E+001 -0.757717196274206E+002 -0.768381957593541E+002
  0.352531449633351E+001  0.116920954172859E+001 -0.756670744293988E+002 -0.829204706833201E+002
  0.354062866562412E+001  0.109258161116117E+001 -0.756912266236087E+002 -0.915855710050038E+002
  0.354096569500461E+001  0.108119126537183E+001 -0.756626484014535E+002 -0.762262327164355E+002
  0.353829294898437E+001  0.105016961793399E+001 -0.759029399834544E+002 -0.860807961798767E+002
  0.352188969676960E+001  0.117375041341701E+001 -0.757215836438373E+002 -0.768388129776055E+002
  0.354649198477924E+001  0.105447813819545E+001 -0.758726343784219E+002 -0.766397997080982E+002
  0.354880849770949E+001  0.105810874309054E+001 -0.760695021118006E+002 -0.767033395436181E+002
  0.353681195617577E+001  0.112053068126960E+001 -0.756802625170996E+002 -0.775813724817551E+002
  0.354728094738478E+001  0.102557889719145E+001 -0.759801269529837E+002 -0.762117749360017E+002
  0.353877068439483E+001  0.105513914622628E+001 -0.758080507001786E+002 -0.762368650351226E+002
  0.353858618087410E+001  0.113980389571154E+001 -0.761348847860138E+002 -0.779765213001697E+002
  0.353791040489901E+001  0.105800087093773E+001 -0.758092911070088E+002 -0.761394749545207E+002
  0.351566602568438E+001  0.121355405376985E+001 -0.760313314533628E+002 -0.773914108864737E+002
  0.352225070208383E+001  0.113329875539038E+001 -0.759610361640196E+002 -0.762361662710792E+002
  0.351943329219580E+001  0.115784471935252E+001 -0.759410344242530E+002 -0.790278268024251E+002
  0.353735362544028E+001  0.111057571987396E+001 -0.756303659628900E+002 -0.780674776098523E+002
  0.353848836820491E+001  0.108501665408662E+001 -0.755998177865979E+002 -0.889170350742453E+002
  0.354463381195533E+001  0.105965899372554E+001 -0.757854227112604E+002 -0.769171677665925E+002
  0.354348147957865E+001  0.104690054880847E+001 -0.757974695684872E+002 -0.765503305385247E+002
  0.354047426353613E+001  0.107902250277681E+001 -0.756442149591931E+002 -0.121636280534501E+003
  0.353028334088893E+001  0.115767691171737E+001 -0.757057526966269E+002 -0.774103899728650E+002
  0.354897042610441E+001  0.101064857903912E+001 -0.761283623253800E+002 -0.765182627684650E+002
  0.354094081752597E+001  0.104948128162138E+001 -0.758020505870537E+002 -0.762199958191222E+002
  0.354011953478812E+001  0.104329145437129E+001 -0.759112613896714E+002 -0.770033903577034E+002
  0.353573784883608E+001  0.111161425031601E+001 -0.755720301109801E+002 -0.796947110478376E+002
  0.352500205317449E+001  0.112035347660914E+001 -0.758710564780654E+002 -0.813909998218799E+002
  0.352704368023271E+001  0.116330040647165E+001 -0.756490052121730E+002 -0.761692296130105E+002
  0.352434979186407E+001  0.120630851619934E+001 -0.761002380517936E+002 -0.853729000726090E+002
  0.351746760619879E+001  0.120724779930989E+001 -0.759501940483162E+002 -0.769423641906517E+002
  0.354081818456296E+001  0.111324651315569E+001 -0.759162859046850E+002 -0.762630402039695E+002
  0.354481638866801E+001  0.106822700181415E+001 -0.758166915350662E+002 -0.786144710958875E+002
  0.352933648230071E+001  0.115330379440167E+001 -0.756269872173238E+002 -0.761696987375213E+002
  0.351448943289875E+001  0.120467155739377E+001 -0.760716832657757E+002 -0.763193630451516E+002
  0.354252233391707E+001  0.104536907214696E+001 -0.758139767400604E+002 -0.765065627675044E+002
  0.353450563756530E+001  0.112145791311835E+001 -0.755778268473469E+002 -0.761570041413962E+002
  0.354277298632777E+001  0.110942805084060E+001 -0.760692654718732E+002 -0.778322135481918E+002
  0.353106559717855E+001  0.108767930253870E+001 -0.758213799569837E+002 -0.764018386638658E+002
  0.353704053426907E+001  0.107222880167862E+001 -0.756817062053117E+002 -0.775132567442806E+002
  0.353692079712513E+001  0.107271449016288E+001 -0.756808859761983E+002 -0.762467100763762E+002
  0.352514538293001E+001  0.120338071531052E+001 -0.760994575198330E+002 -0.761486799918703E+002
  0.352249216761105E+001  0.115648049336627E+001 -0.757245005060115E+002 -0.766717439875584E+002
  0.353970901164745E+001  0.105395567645742E+001 -0.757875235402561E+002 -0.861711939491892E+002
  0.354374507434566E+001  0.102932614957877E+001 -0.759704025023946E+002 -0.809928055234660E+002
  0.352898877040529E+001  0.111157878083069E+001 -0.756700539028169E+002 -0.770947534466292E+002
  0.354658838174025E+001  0.102436288982642E+001 -0.759870044722364E+002 -0.762532794466604E+002
  0.351503932313870E+001  0.119545745447010E+001 -0.760547066322591E+002 -0.761927183795704E+002
  0.352568932559698E+001  0.117307317605715E+001 -0.757003579410013E+002 -0.993661091068243E+002
  0.354562404807484E+001  0.107008217564777E+001 -0.758838268614999E+002 -0.762654087998649E+002
  0.353209046791757E+001  0.115402650341434E+001 -0.757644508119191E+002 -0.761492395469132E+002
  0.351744032319667E+001  0.118143277278857E+001 -0.759341257841430E+002 -0.765139776583305E+002
  0.351940166598545E+001  0.115198170488653E+001 -0.760098913629426E+002 -0.769361193695459E+002
  0.354550997858762E+001  0.101870890503086E+001 -0.760680044043247E+002 -0.767685514661965E+002
  0.353244519191409E+001  0.109588331206524E+001 -0.756374846486324E+002 -0.763184478903020E+002
  0.352974152034003E+001  0.118098620766155E+001 -0.760304880073482E+002 -0.762370651868980E+002
  0.355008711498347E+001  0.101510799513768E+001 -0.761081671545740E+002 -0.764203473467894E+002
  0.352582788591854E+001  0.119692054164658E+001 -0.760254810257206E+002 -0.763341016385261E+002
  0.351701434909107E+001  0.121414383168401E+001 -0.760046964759343E+002 -0.777353820716574E+002
  0.354571625872694E+001  0.105253741729048E+001 -0.758310445909504E+002 -0.773301450923259E+002
  0.353737507178993E+001  0.107948540868607E+001 -0.756192488599518E+002 -0.763096150944244E+002
  0.354203086850709E+001  0.109500559563412E+001 -0.758053162478266E+002 -0.791460180887473E+002
  0.352763531906695E+001  0.112505573174203E+001 -0.756326648601509E+002 -0.102943485265770E+003
  0.354551199955377E+001  0.103028156923342E+001 -0.759324187396528E+002 -0.764770271682593E+002
  0.353971533176941E+001  0.110953570109482E+001 -0.757712715818412E+002 -0.852445621430706E+002
  0.354367788689072E+001  0.105517965460516E+001 -0.757592746152020E+002 -0.764099681213649E+002
  0.353314791186153E+001  0.110496335870614E+001 -0.755565679020513E+002 -0.762876211068738E+002
  0.352784728382615E+001  0.115596511605235E+001 -0.756136668657342E+002 -0.802331278284984E+002
  0.353773053254690E+001  0.112186946380108E+001 -0.757578770619853E+002 -0.765785623947515E+002
  0.354251749925080E+001  0.102441213945432E+001 -0.760965876856349E+002 -0.763609457706983E+002
  0.352868608935462E+001  0.113382690923235E+001 -0.755606842681193E+002 -0.768648600163884E+002
  0.353370289847834E+001  0.109552048216324E+001 -0.755942460122279E+002 -0.770872695502658E+002
  0.353862297883799E+001  0.107321801941240E+001 -0.756430584729005E+002 -0.761850935086310E+002
  0.351523809165098E+001  0.119983626669772E+001 -0.760293807444689E+002 -0.762917970940757E+002
  0.354773245304307E+001  0.101804556292679E+001 -0.760496708781270E+002 -0.761387947738757E+002
  0.355076944087845E+001  0.103105307159008E+001 -0.761000229010511E+002 -0.762268353847495E+002
  0.354792095435231E+001  0.101396915710740E+001 -0.760924412125690E+002 -0.787392925951388E+002
  0.352835012282998E+001  0.113404913031955E+001 -0.755673125076772E+002 -0.761825786314537E+002
  0.354244658136050E+001  0.102549731303982E+001 -0.760813377884861E+002 -0.130007575613111E+003
  0.351727051072120E+001  0.118316578902556E+001 -0.759387684103295E+002 -0.763396535941154E+002
  0.355096659483877E+001  0.102660585913701E+001 -0.761099808246393E+002 -0.762110127345853E+002
  0.353587595084647E+001  0.112465980445639E+001 -0.756632365104572E+002 -0.762725944244829E+002
  0.354276511290323E+001  0.102983394551490E+001 -0.759963894715766E+002 -0.771533010128715E+002
  0.353870968579220E+001  0.105627892855858E+001 -0.757961765353157E+002 -0.783956430654620E+002
  0.354397999628415E+001  0.103117163248467E+001 -0.759412426956082E+002 -0.761663940369442E+002
  0.353497675194888E+001  0.105400387938261E+001 -0.760857707866289E+002 -0.762746577711398E+002
  0.353568541672013E+001  0.108384301296561E+001 -0.756225489582403E+002 -0.761772581544036E+002
  0.351775757818555E+001  0.118922083356562E+001 -0.758937040600992E+002 -0.820123009170343E+002
  0.354453047473940E+001  0.102749635005221E+001 -0.759746477738509E+002 -0.774844814541574E+002
  0.351877126239399E+001  0.118910561690275E+001 -0.758469480416966E+002 -0.844940300249274E+002
  0.354496015679065E+001  0.105663859484411E+001 -0.757984360080664E+002 -0.763425628541536E+002
  0.351520117813682E+001  0.118892250400050E+001 -0.760729595113934E+002 -0.761679807776465E+002
  0.351561023054797E+001  0.119782832781594E+001 -0.760085804116614E+002 -0.941807311996862E+002
  0.351948717078331E+001  0.121998269099372E+001 -0.760930593108098E+002 -0.761385459553714E+002
  0.354346236771425E+001  0.102900234617966E+001 -0.759833209701307E+002 -0.776187951618085E+002
  0.354134415031573E+001  0.104677813590273E+001 -0.758215104232161E+002 -0.364821736602833E+003
  0.352950398165849E+001  0.113778990671697E+001 -0.755541397929164E+002 -0.778565270836179E+002
  0.354469655465091E+001  0.105525978855305E+001 -0.757888155574327E+002 -0.812654534002063E+002
  0.353257486418532E+001  0.108457751060112E+001 -0.757565555681997E+002 -0.779288887719182E+002
  0.351542139453949E+001  0.118498469899493E+001 -0.760789988715724E+002 -0.769235013765942E+002
  0.352903057104463E+001  0.117530046127410E+001 -0.758736164870504E+002 -0.767572835666241E+002
  0.354074487437201E+001  0.110048589015403E+001 -0.757584553754772E+002 -0.764840296604003E+002
  0.353177830840060E+001  0.112104074094122E+001 -0.755363365767535E+002 -0.762172981240383E+002
  0.354024860955460E+001  0.111390238162549E+001 -0.758704234878962E+002 -0.765370570748889E+002
  0.351506121616974E+001  0.119454125332929E+001 -0.760565297650517E+002 -0.762725172450210E+002
  0.354365242841565E+001  0.102023925468712E+001 -0.761118792727141E+002 -0.770286948765760E+002
  0.353732275146695E+001  0.110061864020716E+001 -0.755839074335098E+002 -0.773491740566509E+002
  0.353815513856651E+001  0.108685695950296E+001 -0.755929805732972E+002 -0.763337864030340E+002
  0.353830281131551E+001  0.104698170750252E+001 -0.759544997699386E+002 -0.762225495070516E+002
  0.353121121127911E+001  0.115811268509101E+001 -0.757630646028958E+002 -0.764572006070873E+002
  0.354469085739320E+001  0.102511466143737E+001 -0.760014537283081E+002 -0.762400568263282E+002
  0.352712269403858E+001  0.110948133326986E+001 -0.758315212072866E+002 -0.777597509920093E+002
  0.354578846972347E+001  0.101453363349964E+001 -0.761211040046818E+002 -0.773460137626542E+002
  0.354355748073352E+001  0.104543163536369E+001 -0.758079221707309E+002 -0.792318013952732E+002
  0.353822713683193E+001  0.105491985703960E+001 -0.758359488262541E+002 -0.765087837647974E+002
  0.354755178215626E+001  0.103126178262127E+001 -0.759489350971009E+002 -0.763229411302669E+002
  0.354361654655834E+001  0.105818531200081E+001 -0.757501422772054E+002 -0.855167387560246E+002
  0.353718788944387E+001  0.113510097947341E+001 -0.758957320118919E+002 -0.989328167876371E+002
  0.353493683166973E+001  0.110432286065079E+001 -0.755469472193330E+002 -0.817971834531687E+002
  0.353761571898793E+001  0.106846022514237E+001 -0.756999745661037E+002 -0.879052973805104E+002
  0.354211966657202E+001  0.102745306809610E+001 -0.760647270623960E+002 -0.768227235100325E+002
  0.353811171502109E+001  0.106658838588531E+001 -0.757033792006090E+002 -0.851948873635607E+002
  0.353811776850329E+001  0.112410162051632E+001 -0.758175337749418E+002 -0.801594880815660E+002
  0.351379056515090E+001  0.120185841499771E+001 -0.761287734861901E+002 -0.764135594598536E+002
  0.353041087635455E+001  0.108899058755860E+001 -0.758547782723517E+002 -0.767375686776246E+002
  0.354601498809620E+001  0.105833909213820E+001 -0.758543943767081E+002 -0.778072702248402E+002
  0.352949881060764E+001  0.115152509355078E+001 -0.756179719657133E+002 -0.765991977322944E+002
  0.353935281880601E+001  0.113252542335964E+001 -0.760819881103487E+002 -0.775209384053992E+002
  0.353180868055512E+001  0.113313899222018E+001 -0.755627770644680E+002 -0.774209194203268E+002
  0.352586998413698E+001  0.118728288251911E+001 -0.758699386256159E+002 -0.776604334006225E+002
  0.351997242268314E+001  0.117416664591540E+001 -0.758002947361867E+002 -0.761456550620267E+002
  0.352973901383228E+001  0.116451716127761E+001 -0.757608239513829E+002 -0.761386788383171E+002
  0.354464792407740E+001  0.106717523238106E+001 -0.758021748171847E+002 -0.771039208195947E+002
  0.354360625937069E+001  0.105816239589071E+001 -0.757499058335965E+002 -0.761613319938786E+002
  0.352524908604583E+001  0.110515583178848E+001 -0.760994642844867E+002 -0.761818345574163E+002
  0.354519678730424E+001  0.102367647610085E+001 -0.760088752085721E+002 -0.772119511792195E+002
  0.353915946099612E+001  0.108834503371696E+001 -0.756136533874791E+002 -0.779229376695887E+002
  0.352731240737336E+001  0.118921287587108E+001 -0.759900852462609E+002 -0.797810677029616E+002
  0.353276842229337E+001  0.116201608824678E+001 -0.759437206633638E+002 -0.798631189963594E+002
  0.352808605892924E+001  0.110871605116590E+001 -0.757627645843725E+002 -0.762414611723163E+002
  0.354418543657646E+001  0.106663412549531E+001 -0.757749259493986E+002 -0.761872889101475E+002
  0.351934704251718E+001  0.121300688323741E+001 -0.759961966005861E+002 -0.780439879571591E+002
  0.353046575762036E+001  0.113881821073780E+001 -0.755641559834506E+002 -0.845984464983882E+002
  0.354191988528334E+001  0.111307722249307E+001 -0.760313938674363E+002 -0.763180422396805E+002
  0.352575152870328E+001  0.112889360995055E+001 -0.757122915492845E+002 -0.764135148845517E+002
  0.353563470590230E+001  0.114788252044649E+001 -0.759619041598035E+002 -0.774573303202131E+002
  0.354034327279976E+001  0.110401924652219E+001 -0.757623224967245E+002 -0.764176169479035E+002
  0.352606504838175E+001  0.117907841984169E+001 -0.757711827098101E+002 -0.771011862338316E+002
  0.352449467929374E+001  0.112329913064981E+001 -0.758779674486037E+002 -0.774411761262605E+002
  0.354662176613792E+001  0.105774422540570E+001 -0.758904974711755E+002 -0.767959767942624E+002
  0.353023611509462E+001  0.108744337819819E+001 -0.758952992467821E+002 -0.845802794222058E+002
  0.353969419953118E+001  0.103726029518043E+001 -0.760348538465132E+002 -0.764504539404375E+002
  0.354025285712861E+001  0.109165437267226E+001 -0.756663927462313E+002 -0.769218557501497E+002
  0.353819768748121E+001  0.112373542922511E+001 -0.758194639880755E+002 -0.769510338612036E+002
  0.354419307615548E+001  0.106708716819282E+001 -0.757765099903473E+002 -0.761547559322061E+002
  0.354171974503631E+001  0.109496896912637E+001 -0.757808530602890E+002 -0.772355644520302E+002
  0.354713053560880E+001  0.102429902237384E+001 -0.759892657736953E+002 -0.855908363485956E+002
  0.353189662207168E+001  0.112864467744897E+001 -0.755471855291694E+002 -0.765265644007096E+002
  0.354315236019577E+001  0.109797483028225E+001 -0.759397245261854E+002 -0.782629485635400E+002
  0.352812652917148E+001  0.109979327245636E+001 -0.758866638513204E+002 -0.762590493010496E+002
  0.353371482928899E+001  0.114635975822469E+001 -0.757722493621896E+002 -0.765184121961683E+002
  0.352669136112110E+001  0.118351484686757E+001 -0.758575214959921E+002 -0.762598497813427E+002
  0.353903410512451E+001  0.110398941662828E+001 -0.756747845569978E+002 -0.786001286046491E+002
  0.352140336254695E+001  0.118077601756876E+001 -0.757489091620765E+002 -0.775204631839673E+002
  0.353457455076180E+001  0.105503266031589E+001 -0.761027541974133E+002 -0.771831837804852E+002
  0.352297914472882E+001  0.116138229562731E+001 -0.756866248032506E+002 -0.789827898340343E+002
  0.352744633662511E+001  0.114105332620134E+001 -0.755774248838923E+002 -0.796643439275053E+002
  0.354392644361143E+001  0.108293700894482E+001 -0.758478047090284E+002 -0.761599932449930E+002
  0.353338459461012E+001  0.112242283870022E+001 -0.755520527396377E+002 -0.775903013598100E+002
  0.353296833362671E+001  0.114612999113159E+001 -0.757193143395102E+002 -0.763128082103202E+002
  0.353800966871783E+001  0.108989858612034E+001 -0.755882084211191E+002 -0.763683920550974E+002
  0.353753104528757E+001  0.106562420577417E+001 -0.757324050110179E+002 -0.762097011750137E+002
  0.352349310512106E+001  0.120000355815104E+001 -0.759451397700122E+002 -0.781427536423106E+002
  0.352234252553182E+001  0.121375970715330E+001 -0.761145637158652E+002 -0.763169321149444E+002
  0.351960718677384E+001  0.118264885805744E+001 -0.758084625075126E+002 -0.771491601027292E+002
  0.352232520019146E+001  0.117383093186803E+001 -0.757103664455853E+002 -0.761416358155789E+002
  0.353296931706396E+001  0.106501578073674E+001 -0.760531588584560E+002 -0.987704108916452E+002
  0.354832518055934E+001  0.102890782161633E+001 -0.759820985115041E+002 -0.770202155491649E+002
  0.353967071935516E+001  0.104974225667534E+001 -0.758407404193148E+002 -0.764645383450684E+002
  0.352367938144474E+001  0.120666583769663E+001 -0.760641354646640E+002 -0.762260977432979E+002
  0.352582993959438E+001  0.117130875412252E+001 -0.756884234641523E+002 -0.761618014248299E+002
  0.352424528743779E+001  0.115569900342992E+001 -0.756486842062764E+002 -0.786755318222631E+002
  0.351580007496527E+001  0.118173057488396E+001 -0.760679762452303E+002 -0.777767268517591E+002
  0.352872112666930E+001  0.116191174035381E+001 -0.756833874725613E+002 -0.764459459989241E+002
  0.352921768528872E+001  0.117108307909395E+001 -0.758211549273127E+002 -0.763560869547565E+002
  0.354380225160085E+001  0.104294767122606E+001 -0.758266168870777E+002 -0.762043731674259E+002
  0.353193489824928E+001  0.115100553958796E+001 -0.757162479293996E+002 -0.761775855691259E+002
  0.353798097290802E+001  0.104606382734435E+001 -0.759922674106665E+002 -0.766020025177467E+002
  0.352701930887218E+001  0.112602724362437E+001 -0.756582475524460E+002 -0.771578525794383E+002
  0.354513770391781E+001  0.107512178282358E+001 -0.758819274657355E+002 -0.762362159683656E+002
  0.354183004755572E+001  0.106707801663577E+001 -0.756885834378235E+002 -0.769432238490335E+002
  0.352482096450385E+001  0.111522491417657E+001 -0.759670534898247E+002 -0.784553505986235E+002
  0.354108546933068E+001  0.110906318386530E+001 -0.758840791350244E+002 -0.766002640903255E+002
  0.354842482662121E+001  0.106572846415270E+001 -0.761025684304910E+002 -0.784368368477908E+002
  0.353599262641783E+001  0.111788389544774E+001 -0.756148050071976E+002 -0.778398022576611E+002
  0.352488414548522E+001  0.112145297196723E+001 -0.758668301537224E+002 -0.763976857456292E+002
  0.352171377046013E+001  0.114027777089234E+001 -0.759218504244270E+002 -0.772058104740329E+002
  0.353103028349567E+001  0.113243049933759E+001 -0.755484417802300E+002 -0.761616687053989E+002
  0.353115450925275E+001  0.117744930670123E+001 -0.760916493327103E+002 -0.768186689517275E+002
  0.352120322837098E+001  0.115983335770852E+001 -0.757852857370169E+002 -0.864345832119988E+002
  0.352536849693432E+001  0.115940673053175E+001 -0.756250296336969E+002 -0.815222605679592E+002
  0.353399799519814E+001  0.108759801629384E+001 -0.756472087893963E+002 -0.781298829375963E+002
  0.354164260182987E+001  0.106717621683547E+001 -0.756845223681509E+002 -0.763861238001944E+002
  0.352844113176568E+001  0.117881957567118E+001 -0.758904987290884E+002 -0.762923752444502E+002
  0.352553045842624E+001  0.110248329539383E+001 -0.761182580860247E+002 -0.812501650816930E+002
  0.353042470698826E+001  0.110040722863836E+001 -0.756994473408621E+002 -0.765767673456866E+002
  0.352795303921756E+001  0.117714605731179E+001 -0.758343589774441E+002 -0.774999095096042E+002
  0.353798043101891E+001  0.106954219653698E+001 -0.756800214952321E+002 -0.762181662626898E+002
  0.353104371227351E+001  0.111964223303269E+001 -0.755452713084494E+002 -0.783387007520056E+002
  0.354674970183523E+001  0.105230466907928E+001 -0.758830148388969E+002 -0.765019081734171E+002
  0.355049123677169E+001  0.103233574832880E+001 -0.760829970266532E+002 -0.763139357286983E+002
  0.354210159632552E+001  0.108258341326683E+001 -0.757208500040668E+002 -0.765381802920025E+002
  0.352391756201059E+001  0.111402911612540E+001 -0.760905437386403E+002 -0.761666282444169E+002
  0.354975402881216E+001  0.103020968089344E+001 -0.760387116989739E+002 -0.767573184554174E+002
  0.352099181533940E+001  0.116447594066902E+001 -0.757753120349585E+002 -0.775280954159141E+002
  0.353157766387775E+001  0.107389791556183E+001 -0.760140043598833E+002 -0.763502204241240E+002
  0.354176498340619E+001  0.109865266508297E+001 -0.758203640506827E+002 -0.218265092665758E+003
  0.352658832310177E+001  0.114617662680597E+001 -0.755922235002544E+002 -0.764755006229089E+002
  0.354634342216037E+001  0.103650596601271E+001 -0.758941204433893E+002 -0.762382028206260E+002
  0.354346737747805E+001  0.107362323148669E+001 -0.757585886319193E+002 -0.764138842449574E+002
  0.352850849412194E+001  0.109774135511697E+001 -0.758840514781243E+002 -0.791467184186806E+002
  0.354090404587342E+001  0.106676269181308E+001 -0.756753568952786E+002 -0.761934783760609E+002
  0.352201288401344E+001  0.119824947459380E+001 -0.758739758254193E+002 -0.797328075283788E+002
  0.352197745018383E+001  0.119498301722041E+001 -0.758388122108261E+002 -0.764357791562351E+002
  0.354045773698609E+001  0.103617349432186E+001 -0.760070301166737E+002 -0.762164891812791E+002
  0.352704444561706E+001  0.115221664668861E+001 -0.755932895555169E+002 -0.762776164508741E+002
  0.353352340984350E+001  0.114801989207482E+001 -0.757813195404441E+002 -0.778809287382211E+002
  0.351528229289524E+001  0.121986900900891E+001 -0.760781495491432E+002 -0.764068041525661E+002
  0.352943796369327E+001  0.113958510084250E+001 -0.755580211653507E+002 -0.886377528160970E+002
  0.353276845849453E+001  0.109363499327597E+001 -0.756436418920139E+002 -0.775792401274254E+002
  0.352833775228955E+001  0.109453964387252E+001 -0.759546648780315E+002 -0.762079855002047E+002
  0.352920673868254E+001  0.111500514505235E+001 -0.756284890075393E+002 -0.765724644630955E+002
  0.352107521535760E+001  0.115052777444907E+001 -0.758665784230619E+002 -0.761394607082390E+002
  0.354770618300143E+001  0.102497015205275E+001 -0.759903314105384E+002 -0.762437293904847E+002
  0.352387422054875E+001  0.115359679991841E+001 -0.756673747852535E+002 -0.775324031969683E+002
  0.352495255603911E+001  0.120110523034940E+001 -0.760432307084808E+002 -0.188052676327269E+003
  0.354186199774737E+001  0.109082714679171E+001 -0.757568349074878E+002 -0.764030291776478E+002
  0.352148930510965E+001  0.119276917670049E+001 -0.758146866802616E+002 -0.763507294836787E+002
  0.352672372613666E+001  0.109640143394698E+001 -0.760968280655635E+002 -0.761925672514831E+002
  0.353742016802021E+001  0.114382673386138E+001 -0.760775254908188E+002 -0.818364917877798E+002
  0.353302743117258E+001  0.114860544133299E+001 -0.757544731343667E+002 -0.763804189292685E+002
  0.352060435741656E+001  0.120684383042385E+001 -0.759448468862932E+002 -0.764855239595038E+002
  0.354149351037391E+001  0.104426345931608E+001 -0.758462486564465E+002 -0.777138266989400E+002
  0.354191924492230E+001  0.111574890745212E+001 -0.760771187825215E+002 -0.763734542082750E+002
  0.353242223778445E+001  0.108539580376368E+001 -0.757556721531966E+002 -0.762105183880071E+002
  0.354591545991765E+001  0.107613609413378E+001 -0.759586144672431E+002 -0.767122101922149E+002
  0.351421576619746E+001  0.121794869216131E+001 -0.761038696162666E+002 -0.762751314792413E+002
  0.351908138840868E+001  0.120632754987039E+001 -0.759256300975141E+002 -0.767952348838806E+002
  0.351729963195988E+001  0.118740836302300E+001 -0.759228946981721E+002 -0.762121197426981E+002
  0.353719757189560E+001  0.106735868211596E+001 -0.757259634575446E+002 -0.764928481096405E+002
  0.353315043115998E+001  0.108141900908553E+001 -0.757615734062020E+002 -0.774015530371264E+002
  0.353941408989368E+001  0.106524477595595E+001 -0.756875849763359E+002 -0.775288736425931E+002
  0.354065851437160E+001  0.111652603773951E+001 -0.759491692013197E+002 -0.764249787732332E+002
  0.351883986249949E+001  0.119783278098139E+001 -0.758710333534862E+002 -0.767449162752135E+002
  0.352396457481871E+001  0.117007983517137E+001 -0.756728174128181E+002 -0.761551762654012E+002
  0.354673013139539E+001  0.107827769591084E+001 -0.760641990626721E+002 -0.789873602091955E+002
  0.353623984159952E+001  0.107694717278952E+001 -0.756634179282338E+002 -0.762251238302932E+002
  0.351649597331452E+001  0.121936903730738E+001 -0.760536796693814E+002 -0.768890761131192E+002
  0.353090665954181E+001  0.117022653832078E+001 -0.759292617242230E+002 -0.767663484876761E+002
  0.353269731790443E+001  0.117110251685263E+001 -0.761166841709090E+002 -0.766331425922364E+002
  0.352596506809130E+001  0.118013351933946E+001 -0.757798813000564E+002 -0.761582004894337E+002
  0.354426352939197E+001  0.103049767146214E+001 -0.759436165163984E+002 -0.765494267518452E+002
  0.351766862658424E+001  0.120393843131314E+001 -0.759277613743910E+002 -0.763071089328260E+002
  0.353994567507686E+001  0.106935444956488E+001 -0.756591086677975E+002 -0.762566553084744E+002
  0.353787472307854E+001  0.105817929077504E+001 -0.758086140752572E+002 -0.762403132253768E+002
  0.353841311510365E+001  0.109169428340141E+001 -0.755973627283429E+002 -0.780814071998704E+002
  0.353888145196605E+001  0.113250537837340E+001 -0.760271133109730E+002 -0.761910610681295E+002
  0.353307917452884E+001  0.111845815681482E+001 -0.755383268687077E+002 -0.763562419417521E+002
  0.353141546626555E+001  0.111187990045476E+001 -0.755644543753256E+002 -0.811755620635767E+002
  0.351886816565678E+001  0.121969740960177E+001 -0.760724981280710E+002 -0.776143460144069E+002
  0.352579714352955E+001  0.119301480803621E+001 -0.759552544973193E+002 -0.761551709355901E+002
  0.354177261280083E+001  0.108602893766930E+001 -0.757197238285766E+002 -0.763096227785318E+002
  0.353886057959791E+001  0.111708873440753E+001 -0.757898278800666E+002 -0.769985293861899E+002
  0.353640968510994E+001  0.105617212070337E+001 -0.759263100645118E+002 -0.766007891602800E+002
  0.353487201314319E+001  0.108899912496967E+001 -0.756066104827463E+002 -0.773599645971715E+002
  0.354027655625579E+001  0.110566911074129E+001 -0.757739288785801E+002 -0.770403428637341E+002
  0.352952637113091E+001  0.118637389725610E+001 -0.761211909671315E+002 -0.764105652016311E+002
  0.354154561701976E+001  0.112116812162086E+001 -0.761311474523762E+002 -0.782238231319588E+002
  0.351730529383251E+001  0.122513686558302E+001 -0.761168495708336E+002 -0.773101981564774E+002
  0.353618543788753E+001  0.114613875140233E+001 -0.759863048738812E+002 -0.761711216550104E+002
  0.353858745206992E+001  0.108379390274686E+001 -0.756029839476027E+002 -0.766659623276113E+002
  0.354696761670358E+001  0.106418611177884E+001 -0.759512515449488E+002 -0.767896236851774E+002
  0.353248124492888E+001  0.110202976904364E+001 -0.755883879476388E+002 -0.829451144955435E+002
  0.352753884250268E+001  0.119398682336746E+001 -0.761002133826424E+002 -0.762110375487500E+002
  0.354765325684183E+001  0.107504646163587E+001 -0.761264080912912E+002 -0.781039164425093E+002
  0.354010886212686E+001  0.106538515132442E+001 -0.756803965201886E+002 -0.764878870291489E+002
  0.354401807466824E+001  0.109457759516675E+001 -0.759837043585490E+002 -0.762601363937833E+002
  0.353615999726639E+001  0.105591407636872E+001 -0.759490172665790E+002 -0.761546495613290E+002
  0.354416594955115E+001  0.102343449775105E+001 -0.760400766793906E+002 -0.761633539620071E+002
  0.354668011876144E+001  0.104313563499685E+001 -0.758800739090616E+002 -0.761936397632344E+002
  0.352548888838262E+001  0.114075771419124E+001 -0.756446480006033E+002 -0.817754024175329E+002
  0.352115726822361E+001  0.115608402413255E+001 -0.758128660890227E+002 -0.842168008847492E+002
  0.352540070911131E+001  0.117812908095624E+001 -0.757403104230561E+002 -0.762810871450089E+002
  0.354777912582331E+001  0.101541451240971E+001 -0.760769594064218E+002 -0.762627736716215E+002
  0.352602691726724E+001  0.112689158905266E+001 -0.757121952636583E+002 -0.765418401487777E+002
  0.354518338871604E+001  0.102401175613663E+001 -0.760049127193911E+002 -0.763256366005793E+002
  0.353071530428104E+001  0.109136254035927E+001 -0.757945831848113E+002 -0.761881123580772E+002
  0.353714070004960E+001  0.108174498118091E+001 -0.756092909658550E+002 -0.794153415239411E+002
  0.352083414646811E+001  0.113428249079760E+001 -0.761054602554782E+002 -0.764214385736106E+002
  0.351812349213278E+001  0.118193270100911E+001 -0.758863117669720E+002 -0.761393284585920E+002
  0.352108333797111E+001  0.120622975223512E+001 -0.759479390214787E+002 -0.762027114688326E+002
  0.354238036454936E+001  0.108699811990774E+001 -0.757643547035310E+002 -0.779682944679167E+002
  0.351543599156785E+001  0.120736604504752E+001 -0.760196943827651E+002 -0.820969936022495E+002
  0.352740698969696E+001  0.117912550136006E+001 -0.758325063431288E+002 -0.767232731335922E+002
  0.354004670099913E+001  0.109595224853653E+001 -0.756787486302009E+002 -0.762289894454576E+002
  0.352659346477030E+001  0.119088730384478E+001 -0.759696686377490E+002 -0.771074844223363E+002
  0.352554398906090E+001  0.118112951799985E+001 -0.757765598580935E+002 -0.774005963561201E+002
  0.351991904772612E+001  0.119258082967976E+001 -0.758246293062703E+002 -0.766975931013939E+002
  0.354446062982396E+001  0.103651880000211E+001 -0.758788251821014E+002 -0.765596559109276E+002
  0.353390889917330E+001  0.112431490435874E+001 -0.755737254094819E+002 -0.802898488404233E+002
  0.353691372146610E+001  0.104753285648158E+001 -0.760458597986972E+002 -0.764622944019743E+002
  0.353158693125589E+001  0.111523862220197E+001 -0.755478366283407E+002 -0.764602802315441E+002
  0.354408902196187E+001  0.103058032801693E+001 -0.759460938713236E+002 -0.763434395543128E+002
  0.353252059280768E+001  0.114053448023274E+001 -0.756364379931481E+002 -0.784174538239005E+002
  0.353508740323565E+001  0.115004511516546E+001 -0.759466798343434E+002 -0.767981289637897E+002
  0.352161945452873E+001  0.118931242775730E+001 -0.757889702316531E+002 -0.767018852621508E+002
  0.352422238035463E+001  0.114951562667149E+001 -0.756656634530621E+002 -0.773796316267565E+002
  0.351565058139200E+001  0.119820672341358E+001 -0.760054760959538E+002 -0.761810044522329E+002
  0.354332176926666E+001  0.107325943882329E+001 -0.757492684162317E+002 -0.800332110213309E+002
  0.352789223011940E+001  0.113905593149287E+001 -0.755702209625880E+002 -0.776246603385194E+002
  0.352253198732915E+001  0.115717583954726E+001 -0.757193342064309E+002 -0.762268113180413E+002
  0.352919782072091E+001  0.113567498260330E+001 -0.755529528257711E+002 -0.763448369026571E+002
  0.352730621071541E+001  0.113158063710378E+001 -0.756091684341559E+002 -0.766665497703083E+002
  0.353077472686085E+001  0.110902351937480E+001 -0.756026552499369E+002 -0.763305734159774E+002
  0.354208398354523E+001  0.111707943070148E+001 -0.761212440009828E+002 -0.767351094412262E+002
  0.353712626075804E+001  0.109851527838828E+001 -0.755748800099763E+002 -0.780717414855883E+002
  0.354171086004035E+001  0.109473641071125E+001 -0.757781121739822E+002 -0.771118408512223E+002
  0.353308274355752E+001  0.109578469518023E+001 -0.756125217475437E+002 -0.762265575877775E+002
  0.353979889805571E+001  0.112845739972945E+001 -0.760574402131816E+002 -0.763265788578094E+002
  0.354872352765938E+001  0.101858256812815E+001 -0.760540187917530E+002 -0.773288000527659E+002
  0.354280582484339E+001  0.103021097549090E+001 -0.759891785405890E+002 -0.853036463281501E+002
  0.352947676767247E+001  0.108506892730072E+001 -0.760121699368889E+002 -0.809701859621109E+002
  0.353017568581912E+001  0.112475298391807E+001 -0.755487152064887E+002 -0.771221689286333E+002
  0.353729850450118E+001  0.108817490083315E+001 -0.755833804697984E+002 -0.782182884030051E+002
  0.353030251447318E+001  0.112264828766106E+001 -0.755511532955367E+002 -0.763395473072802E+002
  0.353445185459349E+001  0.110732548897684E+001 -0.755428802660083E+002 -0.790429613681379E+002
  0.353240876375654E+001  0.113859013591698E+001 -0.756152282290118E+002 -0.808394546217082E+002
  0.354970782557084E+001  0.104166419907079E+001 -0.760497230851651E+002 -0.767028897874205E+002
  0.352529185880841E+001  0.119810131043594E+001 -0.760112131555317E+002 -0.768748365899945E+002
  0.352723451058320E+001  0.116740696335008E+001 -0.756873479894444E+002 -0.794307166793922E+002
  0.354657754623334E+001  0.106271782625461E+001 -0.759109248069756E+002 -0.782508853216831E+002
  0.354929176262680E+001  0.102100917333412E+001 -0.760505237786953E+002 -0.768133352080764E+002
  0.352388260730598E+001  0.111182662495603E+001 -0.761369779816413E+002 -0.761835056840998E+002
  0.351668534881813E+001  0.119607345284926E+001 -0.759472330867802E+002 -0.762927558536149E+002
  0.351918417783457E+001  0.122212493142441E+001 -0.761159436030324E+002 -0.800501399124141E+002
  0.353294859963119E+001  0.112981281004555E+001 -0.755744503765199E+002 -0.762585095343702E+002
  0.353747409507593E+001  0.113389808092837E+001 -0.759038752193554E+002 -0.761866483465728E+002
  0.352333891426102E+001  0.112781903762899E+001 -0.759275207286151E+002 -0.785632746667419E+002
  0.353841822225543E+001  0.112579071818960E+001 -0.758682767919270E+002 -0.774995621228092E+002
  0.352066177645079E+001  0.114706166863700E+001 -0.759419291721599E+002 -0.764005290583511E+002
  0.351622957560028E+001  0.119974126834135E+001 -0.759716303049754E+002 -0.763058944140402E+002
  0.353785410959383E+001  0.106908819510728E+001 -0.756872197052043E+002 -0.767611250400836E+002
  0.351452757204137E+001  0.119889564091235E+001 -0.760816060895908E+002 -0.763185533805168E+002
  0.353959199675449E+001  0.106437357148552E+001 -0.756917253986956E+002 -0.770960471149295E+002
  0.352911197351802E+001  0.112023986784076E+001 -0.755969215008660E+002 -0.774040300462811E+002
  0.353013545546079E+001  0.113114153876163E+001 -0.755444581335541E+002 -0.762333417670318E+002
  0.352015450951425E+001  0.115647333403692E+001 -0.758896920789105E+002 -0.767759225121699E+002
  0.351675200604947E+001  0.118373205784065E+001 -0.759744898051393E+002 -0.761958337488502E+002
  0.352208656128442E+001  0.115593515544000E+001 -0.757509549210629E+002 -0.783789625055712E+002
  0.351874518115430E+001  0.121060786404544E+001 -0.759648439765670E+002 -0.763878390865287E+002
  0.355052335104700E+001  0.101911085578038E+001 -0.761023077963793E+002 -0.884450606787069E+002
  0.354919707801738E+001  0.105913903811641E+001 -0.761171490609862E+002 -0.761370156344505E+002
