  0.100000000000000E+001  0.121994562466341E+006  0.128393955612886E+001 -0.411682601346227E+001
  0.100000000000000E+001  0.619400460594753E+007 -0.169878676882464E+002 -0.693139871147455E+001
  0.100000000000000E+001  0.156222785563069E+006  0.104024749660666E+001 -0.510390438085660E+001
  0.100000000000000E+001  0.225614168239398E+005  0.533208049633928E+001 -0.267446099543990E+001
  0.100000000000000E+001  0.867928419199136E+006  0.125564110092400E+002 -0.515379410322801E+001
  0.100000000000000E+001  0.225454050665053E+007  0.167685661280424E+002  0.226373432051208E-001
  0.100000000000000E+001  0.308518925811746E+006  0.732903562792858E+001  0.766609050180641E+001
  0.100000000000000E+001  0.273306371556422E+006 -0.223335994770446E+001  0.926977606695761E+001
  0.100000000000000E+001  0.975039452142468E+006 -0.587066216088831E+001  0.621477671425908E+001
  0.100000000000000E+001  0.416356545036608E+007 -0.147815824142795E+002  0.431321179738500E+001
  0.100000000000000E+001  0.851311572976667E+005  0.165391549940691E+000  0.666842130025280E+001
  0.100000000000000E+001  0.279202787263971E+007 -0.106407858331017E+002 -0.175978389374425E+001
  0.100000000000000E+001  0.494043747260266E+006  0.979154228241403E+001  0.718684119957622E-001
  0.100000000000000E+001  0.985572746254609E+006  0.128653295271803E+002 -0.360336644894577E+001
  0.100000000000000E+001  0.326794490603543E+006 -0.260882776464573E+001  0.886810678142768E+001
  0.100000000000000E+001  0.122748781084934E+006  0.369438179531383E+000  0.163473545934522E+001
  0.100000000000000E+001  0.191978283621392E+007 -0.858418293341846E+001  0.109936444661839E+001
  0.100000000000000E+001  0.187476357395997E+007 -0.720208557696527E+001 -0.697401877923545E+001
  0.100000000000000E+001  0.210652953866028E+007  0.176183899379113E+002 -0.871771109189000E+001
  0.100000000000000E+001  0.184846142592368E+005  0.389078127277436E+001 -0.740627012160637E+001
  0.100000000000000E+001  0.234147161059220E+005  0.334207099756792E+001  0.958999538712110E+001
  0.100000000000000E+001  0.196969007664566E+007 -0.912081636924724E+001  0.363407933494980E+001
  0.100000000000000E+001  0.874249711510562E+007 -0.218709988658709E+002 -0.169981411891349E+001
  0.100000000000000E+001  0.137245494824518E+007  0.138746589528225E+002  0.117467953252188E+000
  0.100000000000000E+001  0.101417948287827E+006 -0.149057723167734E+000  0.724438263899708E+001
  0.100000000000000E+001  0.390753752551789E+006 -0.401425190428984E+000 -0.868409745561852E+001
  0.100000000000000E+001  0.912024034458780E+007 -0.236715698562254E+002  0.660340532712604E+001
  0.100000000000000E+001  0.408678661273898E+007 -0.136303274490578E+002 -0.222352497786349E+001
  0.100000000000000E+001  0.206820620232106E+005  0.360622001768943E+001  0.781820046766607E+001
  0.100000000000000E+001  0.723629508363937E+007 -0.199845887750301E+002  0.121672681279876E+001
  0.100000000000000E+001  0.611866109645445E+005  0.284401196953114E+001 -0.778547672581533E+001
  0.100000000000000E+001  0.343209127907593E+005  0.513793731238177E+001  0.968660824756174E+000
  0.100000000000000E+001  0.760271400045108E+003  0.313195511431273E+001  0.223176717139280E+001
  0.100000000000000E+001  0.205842325648467E+005  0.127447641402475E+001  0.888612336061583E+001
  0.100000000000000E+001  0.401498824921752E+007 -0.143319274239119E+002  0.345078558622329E+001
  0.100000000000000E+001  0.241192921176353E+007  0.181790857952189E+002 -0.646341913624409E+001
  0.100000000000000E+001  0.259245733245271E+005  0.419303389716274E+001  0.550952202152991E+001
  0.100000000000000E+001  0.154318584694421E+007 -0.625751012112062E+001 -0.591420887538829E+001
  0.100000000000000E+001  0.601641331412294E+004  0.216370915323214E+001  0.708651797791925E+001
  0.100000000000000E+001  0.492596172760757E+004  0.462447630546929E+001 -0.528063456168086E+001
  0.100000000000000E+001  0.975232534483028E+007 -0.233698942729657E+002 -0.137344686337759E+001
  0.100000000000000E+001  0.576814620358907E+005  0.658301326090941E+001 -0.613493641369278E+001
  0.100000000000000E+001  0.609745627387329E+007 -0.179570013516709E+002  0.544143225919873E+000
  0.100000000000000E+001  0.616178043846779E+007 -0.170843822721613E+002 -0.593414214102705E+001
  0.100000000000000E+001  0.125254587081936E+007 -0.634254739134323E+001  0.164950100548109E+001
  0.100000000000000E+001  0.119510436197779E+007 -0.706331487003356E+001  0.805421548349371E+001
  0.100000000000000E+001  0.163588169401039E+005  0.508172106178583E+001 -0.229951834693123E+001
  0.100000000000000E+001  0.153802749691365E+007  0.130886273716619E+002  0.916433292553144E+001
  0.100000000000000E+001  0.970884033486080E+006 -0.379838223326114E+001 -0.725865874586404E+001
  0.100000000000000E+001  0.465466037153983E+006 -0.248556765843201E+001  0.135624974414258E+001
  0.100000000000000E+001  0.220745345305037E+007 -0.950132176516750E+001  0.138378806975933E+001
  0.100000000000000E+001  0.210064745026034E+007 -0.819717448269252E+001 -0.507705464254632E+001
  0.100000000000000E+001  0.935788329507856E+005  0.739639985745183E+001 -0.785115549569751E+001
  0.100000000000000E+001  0.776668454087162E+006 -0.334219485501443E+001 -0.437395590579124E+001
  0.100000000000000E+001  0.155249136877681E+004  0.341888481344267E+001 -0.282406168316058E+000
  0.100000000000000E+001  0.126862703346674E+007  0.130525455040770E+002  0.295243647282497E+001
  0.100000000000000E+001  0.179009199706197E+007  0.152284948208187E+002  0.773312438707920E+000
  0.100000000000000E+001  0.147246012145001E+006 -0.697258745963871E+000  0.702553429987643E+001
  0.100000000000000E+001  0.954587036958112E+006 -0.619303458210343E+001  0.906465755358293E+001
  0.100000000000000E+001  0.110191638768279E+007 -0.510857059360730E+001 -0.247515426510470E+001
  0.100000000000000E+001  0.776060846998899E+005  0.848525845346691E+000  0.263096496284964E+001
  0.100000000000000E+001  0.199024235567799E+007 -0.778532713921608E+001 -0.555892971776178E+001
  0.100000000000000E+001  0.427602976637060E+006 -0.167380892393877E+001 -0.232725249055799E+001
  0.100000000000000E+001  0.139848909921362E+007 -0.526329374724425E+001 -0.891763536785534E+001
  0.100000000000000E+001  0.352266812857421E+007 -0.114545730948096E+002 -0.815739916125114E+001
  0.100000000000000E+001  0.111967765828531E+007 -0.692923712861146E+001  0.924674901583480E+001
  0.100000000000000E+001  0.856708667691648E+006  0.110379584909963E+002  0.466738927514694E+001
  0.100000000000000E+001  0.815147318498575E+006  0.117911871467045E+002 -0.163883886501960E+001
  0.100000000000000E+001  0.174234137976460E+005  0.241622680449220E+001  0.723745458811351E+000
  0.100000000000000E+001  0.188233994992161E+005  0.498648025566641E+001 -0.925825990615827E+000
  0.100000000000000E+001  0.727279428251653E+007 -0.189963471918727E+002 -0.567704297597863E+001
  0.100000000000000E+001  0.692077027114339E+007 -0.204086238942890E+002  0.750419287082524E+001
  0.100000000000000E+001  0.821830760362348E+005  0.478252700176969E+001  0.865015979279305E+001
  0.100000000000000E+001  0.550502872582672E+005  0.880710168506251E+000  0.512698365452585E+001
  0.100000000000000E+001  0.290041976672722E+007 -0.103092055071748E+002 -0.574883448811972E+001
  0.100000000000000E+001  0.927323110379972E+006 -0.404432119927940E+001 -0.445162956826831E+001
  0.100000000000000E+001  0.442701791515550E+005  0.293264522966241E+001 -0.639168706352113E+001
  0.100000000000000E+001  0.330901765267753E+007 -0.123516012961079E+002  0.997535267364116E+000
  0.100000000000000E+001  0.171052297394908E+007 -0.814054218210526E+001  0.265734420508275E+001
  0.100000000000000E+001  0.127027285504980E+007 -0.462377177541216E+001 -0.987936726548995E+001
  0.100000000000000E+001  0.133928813858640E+007 -0.566242423785341E+001 -0.496654657734414E+001
  0.100000000000000E+001  0.528193861363009E+006  0.102080032440562E+002 -0.133006299163372E+001
  0.100000000000000E+001  0.782443038767225E+006 -0.531119512385112E+001  0.856166219000923E+001
  0.100000000000000E+001  0.240733190154292E+007 -0.858083957240571E+001 -0.835283953020980E+001
  0.100000000000000E+001  0.193226713801809E+007  0.161656505457883E+002 -0.245634388055547E+001
  0.100000000000000E+001  0.196521059576406E+007 -0.726603817861452E+001 -0.838888379687123E+001
  0.100000000000000E+001  0.770763170617633E+005  0.186944413832137E+001 -0.381815690772795E+001
  0.100000000000000E+001  0.237560638318960E+007 -0.109834629222806E+002  0.808654344378509E+001
  0.100000000000000E+001  0.730426870113770E+006 -0.506040208707738E+001  0.863928836234613E+001
  0.100000000000000E+001  0.709596973607527E+007 -0.181870076745012E+002 -0.907042869847606E+001
  0.100000000000000E+001  0.578166104649812E+007 -0.187971420947421E+002  0.995727799770539E+001
  0.100000000000000E+001  0.328005476715957E+007 -0.133974530948547E+002  0.847915033872572E+001
  0.100000000000000E+001  0.811285904535336E+007 -0.205008575957481E+002 -0.448458067408569E+001
  0.100000000000000E+001  0.254542973460181E+007 -0.881868336003903E+001 -0.928509463029748E+001
  0.100000000000000E+001  0.139463511693868E+008 -0.276421681541402E+002 -0.836733256209311E+001
  0.100000000000000E+001  0.843281868277652E+006  0.108192726779143E+002  0.567163896937643E+001
  0.100000000000000E+001  0.235726620786130E+007  0.163635154850427E+002  0.464999418431199E+001
  0.100000000000000E+001  0.378482490260129E+007  0.204413969024384E+002  0.135968743297170E+001
  0.100000000000000E+001  0.568759372501006E+006 -0.233081240720171E+001 -0.373243888462812E+001
  0.100000000000000E+001  0.615917705261714E+007 -0.165729027787336E+002 -0.922693957898299E+001
  0.100000000000000E+001  0.665343512563158E+005  0.150258215063578E+001 -0.490797369824790E+000
  0.100000000000000E+001  0.377747649622900E+006 -0.251706965024788E+001  0.556602128240511E+001
  0.100000000000000E+001  0.418688746194629E+006  0.104644218871201E+002 -0.801653054015763E+001
  0.100000000000000E+001  0.461082155089561E+007  0.236787531073682E+002 -0.856770451791716E+001
  0.100000000000000E+001  0.310388406072336E+007 -0.102436650295115E+002 -0.947400401099495E+001
  0.100000000000000E+001  0.900154346137216E+005  0.206340110183722E+001 -0.613055544628637E+001
  0.100000000000000E+001  0.353512921907396E+005  0.399022170019944E+001  0.802272904034419E+001
  0.100000000000000E+001  0.234571967509650E+006  0.814081054060416E+001 -0.167994187454312E+001
  0.100000000000000E+001  0.204496269816198E+007 -0.930854247907142E+001  0.333885222011703E+001
  0.100000000000000E+001  0.214313734248118E+005  0.572277374769513E+001 -0.651812986555339E+001
  0.100000000000000E+001  0.433999552271127E+007 -0.147949506374900E+002  0.191327579846660E+001
  0.100000000000000E+001  0.385123871646134E+007 -0.144831867326068E+002  0.688324972703708E+001
  0.100000000000000E+001  0.408863140715229E+005  0.182187717449403E+001  0.591528091865515E+000
  0.100000000000000E+001  0.302958323099394E+007 -0.119743715440741E+002  0.304367529621278E+001
  0.100000000000000E+001  0.324104207221830E+007 -0.111459532123901E+002 -0.582896108564523E+001
  0.100000000000000E+001  0.204822997686811E+007 -0.828629168377150E+001 -0.346868695854380E+001
  0.100000000000000E+001  0.383141873925725E+004  0.241589915388414E+001  0.649817814518413E+001
  0.100000000000000E+001  0.316095854051842E+007  0.183572155417925E+002  0.545849204401453E+001
  0.100000000000000E+001  0.276537344941716E+007 -0.113275078228327E+002  0.324763726313073E+001
  0.100000000000000E+001  0.194313179751499E+007  0.166048460694033E+002 -0.520370556016648E+001
  0.100000000000000E+001  0.606725209225316E+007 -0.175254972057114E+002 -0.195151519259553E+001
  0.100000000000000E+001  0.255970374454541E+006 -0.216848356264961E+001  0.988687379538450E+001
  0.100000000000000E+001  0.677027504935937E+005  0.448979497739386E+000  0.665001684918550E+001
  0.100000000000000E+001  0.148861253741561E+005  0.521414212868930E+001 -0.391147984086283E+001
  0.100000000000000E+001  0.126159033822201E+007  0.133023833269136E+002  0.112069609339430E+001
  0.100000000000000E+001  0.198807420785475E+007 -0.807548083446851E+001 -0.363735354582648E+001
  0.100000000000000E+001  0.552996429180059E+004  0.251072291260880E+001  0.850202420526411E+001
  0.100000000000000E+001  0.167488713763700E+007 -0.855944371899549E+001  0.628017867419918E+001
  0.100000000000000E+001  0.599234035603673E+006  0.915635270255128E+001  0.823450568728010E+001
  0.100000000000000E+001  0.661257627659831E+005  0.624893299006893E+001 -0.239226387892128E+001
  0.100000000000000E+001  0.417913932870973E+006  0.103852509272732E+002 -0.748174025758121E+001
  0.100000000000000E+001  0.605846619471607E+006 -0.154231684311980E+001 -0.997756597843371E+001
  0.100000000000000E+001  0.532926548932872E+007 -0.178044828023528E+002  0.891079115260305E+001
  0.100000000000000E+001  0.203769578155287E+007 -0.963469073671462E+001  0.567999288235013E+001
  0.100000000000000E+001  0.206540585807206E+005  0.175413619378100E+001  0.465339338561848E+001
  0.100000000000000E+001  0.453286140449408E+006 -0.769818312044106E+000 -0.903170427245172E+001
  0.100000000000000E+001  0.249455829321745E+007 -0.105939650306679E+002  0.321648226661480E+001
  0.100000000000000E+001  0.282099020172919E+006  0.819257130713031E+001  0.740112760333025E+000
  0.100000000000000E+001  0.157535945341627E+007 -0.773772901784012E+001  0.304075406409164E+001
  0.100000000000000E+001  0.489529329516898E+006  0.926866484792134E+001  0.334402821307766E+001
  0.100000000000000E+001  0.785057175973398E+005  0.628093679944280E+001 -0.117584337084149E+001
  0.100000000000000E+001  0.832374008483694E+005  0.140945514263509E+001 -0.159409457015866E+001
  0.100000000000000E+001  0.518995226357641E+004  0.404221645194454E+001 -0.463715269863478E+001
  0.100000000000000E+001  0.323698731384293E+006 -0.628870144479158E+000 -0.423887533862472E+001
  0.100000000000000E+001  0.432782479128227E+005  0.658037235752846E+001 -0.885075115120241E+001
  0.100000000000000E+001  0.525810629523843E+005  0.619270696222490E+001 -0.381900875674073E+001
  0.100000000000000E+001  0.511989289326261E+006  0.992909348410711E+001 -0.110079170291906E+000
  0.100000000000000E+001  0.141295665805542E+007 -0.689141699899531E+001  0.126681473672984E+001
  0.100000000000000E+001  0.296183112597653E+006  0.283787521488686E+000 -0.849581223565630E+001
  0.100000000000000E+001  0.281703487581800E+007 -0.998792087961171E+001 -0.643355828535252E+001
  0.100000000000000E+001  0.413273319856032E+005  0.346462956028811E+001 -0.878301626527301E+001
  0.100000000000000E+001  0.602694833063287E+006 -0.383963239087385E+001  0.494075357010778E+001
  0.100000000000000E+001  0.504250686203498E+007 -0.168949430441894E+002  0.648386670040399E+001
  0.100000000000000E+001  0.560201463321910E+005  0.131192406117664E+001  0.197193453235203E+001
  0.100000000000000E+001  0.629803300988585E+006 -0.435391696834788E+001  0.744141241624940E+001
  0.100000000000000E+001  0.239996196561838E+006 -0.125854750266537E+001  0.440937341973942E+001
  0.100000000000000E+001  0.592916485948115E+007 -0.177544010139136E+002  0.118569654112697E+001
  0.100000000000000E+001  0.285643233290980E+007 -0.112754951526175E+002  0.132433361484296E+001
  0.100000000000000E+001  0.102112265445937E+006  0.692706603790242E+000  0.127389350929573E+001
  0.100000000000000E+001  0.239791401593147E+006  0.836675482864818E+001 -0.292240855132144E+001
  0.100000000000000E+001  0.366144396398210E+006 -0.231683691932551E+001  0.475995665135691E+001
  0.100000000000000E+001  0.274307015413136E+006 -0.187099419060224E+001  0.661176587390543E+001
  0.100000000000000E+001  0.146197390785405E+007 -0.700749692753750E+001  0.854098958301288E+000
  0.100000000000000E+001  0.267058834221183E+007  0.174057308050301E+002  0.347130817523651E+001
  0.100000000000000E+001  0.199956164950750E+006 -0.464825395799234E+000  0.156238082235122E+001
  0.100000000000000E+001  0.233982141827062E+007 -0.101936829317661E+002  0.344400166984881E+001
  0.100000000000000E+001  0.361097847220356E+006 -0.219123831605445E+001  0.415092807813202E+001
  0.100000000000000E+001  0.832280034209413E+006  0.121769628108053E+002 -0.370468852272169E+001
  0.100000000000000E+001  0.106541969918998E+007  0.134362935377501E+002 -0.515621476925319E+001
  0.100000000000000E+001  0.420165072204483E+007 -0.127160102914663E+002 -0.976296742250459E+001
  0.100000000000000E+001  0.456857655387293E+006 -0.907637244692853E+000 -0.833414823686011E+001
  0.100000000000000E+001  0.126259584270467E+006  0.768094774097413E+001 -0.656836130624923E+001
  0.100000000000000E+001  0.241060302172232E+007 -0.101245751672458E+002  0.164809623348555E+001
  0.100000000000000E+001  0.387796429152636E+007 -0.122894149720393E+002 -0.797827152832320E+001
  0.100000000000000E+001  0.293648042881491E+007  0.188370299574321E+002 -0.143095523494296E+001
  0.100000000000000E+001  0.543580648875695E+007 -0.175049036056180E+002  0.554392320371627E+001
  0.100000000000000E+001  0.202528246845204E+007 -0.735560107557094E+001 -0.900307596138576E+001
  0.100000000000000E+001  0.342381612249428E+007 -0.135672374564636E+002  0.730660396358005E+001
  0.100000000000000E+001  0.631803629875115E+005  0.463112284140806E+001  0.768646220197703E+001
  0.100000000000000E+001  0.157489137170924E+006 -0.708976009251788E+000  0.627561483799723E+001
  0.100000000000000E+001  0.429667184832220E+006 -0.346246567840361E+001  0.969945391471910E+001
  0.100000000000000E+001  0.662929072941332E+006 -0.206997454028880E+001 -0.867515873460615E+001
  0.100000000000000E+001  0.178235085595213E+006  0.853709474562761E+000 -0.541683304046436E+001
  0.100000000000000E+001  0.157673233096031E+005  0.463838425893925E+001 -0.970426545696230E+001
  0.100000000000000E+001  0.337065779532657E+006 -0.175526604028343E+001  0.240374087985340E+001
  0.100000000000000E+001  0.364515213093157E+007 -0.127864325074052E+002 -0.132576922958929E+001
  0.100000000000000E+001  0.118563116264077E+006  0.339416904536822E+000  0.218816613377857E+001
  0.100000000000000E+001  0.117816475085761E+007 -0.707643776353589E+001  0.861338990976315E+001
  0.100000000000000E+001  0.274988311456107E+005  0.373296100318842E+001 -0.819868820983864E+001
  0.100000000000000E+001  0.165731122543645E+007  0.140262027555696E+002  0.577690129720233E+001
  0.100000000000000E+001  0.358416317476237E+007 -0.119514617595276E+002 -0.586622635753267E+001
  0.100000000000000E+001  0.116108739156405E+006  0.143332981529565E+000  0.373973325729290E+001
  0.100000000000000E+001  0.322487264076333E+005  0.621356120626181E+001 -0.806519032677318E+001
  0.100000000000000E+001  0.448928161453394E+006 -0.311986467175472E+001  0.638306480930669E+001
  0.100000000000000E+001  0.845102238300245E+006 -0.294994476693174E+001 -0.894548116149100E+001
  0.100000000000000E+001  0.208658193508208E+007 -0.103406802023678E+002  0.947355099244724E+001
  0.100000000000000E+001  0.436774548520591E+006  0.985360791120998E+001 -0.284211982855003E+001
  0.100000000000000E+001  0.467951184332108E+006  0.839460727042537E+001  0.806185825962557E+001
  0.100000000000000E+001  0.148886664167405E+006  0.818362565673605E+001 -0.833589326685875E+001
  0.100000000000000E+001  0.303710796174207E+006  0.264978551050761E+000 -0.874831693761773E+001
  0.100000000000000E+001  0.302604767081342E+007 -0.127456020831143E+002  0.829499395319786E+001
  0.100000000000000E+001  0.166804476083481E+006  0.598306760211696E+001  0.797530423262139E+001
  0.100000000000000E+001  0.179867094421020E+006  0.120617721149759E+001 -0.762304181388002E+001
  0.100000000000000E+001  0.159717173476813E+006 -0.993674085242099E-003  0.123689360048801E+001
  0.100000000000000E+001  0.444972020985245E+006 -0.141837775240576E+001 -0.468299126260028E+001
  0.100000000000000E+001  0.136014435113708E+006  0.559050966669948E+001  0.822329888804062E+001
  0.100000000000000E+001  0.416876491124642E+005  0.550962331498249E+001 -0.443985586622889E+000
  0.100000000000000E+001  0.277704695826294E+006  0.837509210868111E+001 -0.733160519289074E+000
  0.100000000000000E+001  0.130429791672227E+006  0.165558531962130E+001 -0.695395149976060E+001
  0.100000000000000E+001  0.198046267841141E+007  0.168944029837301E+002 -0.638755499873560E+001
  0.100000000000000E+001  0.507077712060671E+004  0.228099484071701E+001  0.645839296187750E+001
  0.100000000000000E+001  0.276529221306557E+006 -0.181320772471256E+001  0.607514441995242E+001
  0.100000000000000E+001  0.167262111710114E+007 -0.730372314786569E+001 -0.202809581382045E+001
  0.100000000000000E+001  0.121911492732774E+007  0.141486685781255E+002 -0.573014418493072E+001
  0.100000000000000E+001  0.165566261437483E+005  0.348543344200546E+001  0.766711413671812E+001
  0.100000000000000E+001  0.377912741533081E+007  0.204252434551042E+002  0.138204887174422E+001
  0.100000000000000E+001  0.419619414291119E+006  0.956645045947363E+001 -0.165908680271566E+001
  0.100000000000000E+001  0.132000926918296E+007 -0.600490116073504E+001 -0.227855460929601E+001
  0.100000000000000E+001  0.494301080441951E+007 -0.156557974258772E+002 -0.477217010756867E+000
  0.100000000000000E+001  0.178515494941135E+007 -0.699039819032223E+001 -0.647500129172027E+001
  0.100000000000000E+001  0.525168621441607E+007 -0.162308963871272E+002 -0.619044830474325E+000
  0.100000000000000E+001  0.389778013228414E+007 -0.148093054372487E+002  0.839014968629142E+001
  0.100000000000000E+001  0.394639248187847E+006 -0.228165390986009E+001  0.314759590529659E+001
  0.100000000000000E+001  0.676243558711953E+006 -0.294155691745464E+001 -0.363956720033002E+001
  0.100000000000000E+001  0.271074718888945E+006 -0.740820190599211E+000 -0.834836540301922E+000
  0.100000000000000E+001  0.277102340058716E+006  0.865104289946261E+001 -0.266248996366664E+001
  0.100000000000000E+001  0.389400526464384E+005  0.436077431257616E+001  0.643375490177029E+001
  0.100000000000000E+001  0.161543131458947E+007 -0.700053098267982E+001 -0.273568084407953E+001
  0.100000000000000E+001  0.452364374986711E+004  0.323737796884826E+001 -0.753341784595987E+000
  0.100000000000000E+001  0.283757660100275E+007  0.192197738845329E+002 -0.572863517026178E+001
  0.100000000000000E+001  0.100450547041545E+007  0.124420946803895E+002 -0.180840035647730E+000
  0.100000000000000E+001  0.138063252040773E+007 -0.531724301551870E+001 -0.815737457182647E+001
  0.100000000000000E+001  0.519996180224761E+006  0.841377755055164E+001  0.996894622925202E+001
  0.100000000000000E+001  0.685325894118782E+006 -0.375245958791632E+001  0.133187351968922E+001
  0.100000000000000E+001  0.878139705890763E+006  0.125461399789793E+002 -0.475269465371177E+001
  0.100000000000000E+001  0.120083780079077E+007 -0.711431400994743E+001  0.824768341075299E+001
  0.100000000000000E+001  0.180234458902642E+006  0.132994326605527E+001 -0.837050143313305E+001
  0.100000000000000E+001  0.284736347221736E+005  0.144762875694025E+001  0.528029911464384E+001
  0.100000000000000E+001  0.115774508587422E+007 -0.433405168912332E+001 -0.888727614139197E+001
  0.100000000000000E+001  0.324950724067717E+006  0.783616464898454E+001  0.527946929443251E+001
  0.100000000000000E+001  0.682405482073140E+004  0.297661792111785E+001  0.761331486536040E+001
  0.100000000000000E+001  0.502861811243976E+006 -0.372430296412206E+001  0.821306569373965E+001
  0.100000000000000E+001  0.157117064655619E+006  0.205469391672296E+000  0.685452508578450E-001
  0.100000000000000E+001  0.357622397571591E+007 -0.134555003580395E+002  0.416352739176259E+001
  0.100000000000000E+001  0.491725678841165E+006 -0.216085447500764E+001 -0.185350392028869E+001
  0.100000000000000E+001  0.388560759968074E+006 -0.189234037422484E+000 -0.986819548060459E+001
  0.100000000000000E+001  0.165142668417261E+006 -0.742167722679085E+000  0.591481183331012E+001
  0.100000000000000E+001  0.106618102144284E+006  0.235061891230771E+001 -0.911492176809094E+001
  0.100000000000000E+001  0.141882832409713E+007  0.146063154448104E+002 -0.365776744172912E+001
  0.100000000000000E+001  0.319138967628984E+006 -0.139497749355859E+001  0.915172565273854E+000
  0.100000000000000E+001  0.594256962279531E+006 -0.292023980025631E+001 -0.872282313622492E+000
  0.100000000000000E+001  0.683286956107424E+005  0.432708913653968E+001  0.991364773275032E+001
  0.100000000000000E+001  0.100718474113555E+006  0.674977690465445E+001 -0.218126370412517E+001
  0.100000000000000E+001  0.986997697047588E+006 -0.490355979056041E+001 -0.608965411541933E+000
  0.100000000000000E+001  0.956958994280582E+006 -0.377822323724794E+001 -0.699380156551391E+001
  0.100000000000000E+001  0.190633429570609E+006  0.123730609242083E+001 -0.846173872883546E+001
  0.100000000000000E+001  0.115046405425010E+007  0.129641763888890E+002  0.432551233287031E+000
  0.100000000000000E+001  0.879036763067838E+006  0.125743372165982E+002 -0.491841353976210E+001
  0.100000000000000E+001  0.449687907120252E+007 -0.138687399641589E+002 -0.630985996472163E+001
  0.100000000000000E+001  0.331305651847864E+006 -0.933249952537848E+000 -0.268313278759091E+001
  0.100000000000000E+001  0.355544578030223E+007 -0.138511611945454E+002  0.714661113630564E+001
  0.100000000000000E+001  0.246270134518853E+007 -0.104821895340562E+002  0.305964922540109E+001
  0.100000000000000E+001  0.111141791751704E+006  0.746403720928870E+001 -0.641454113594132E+001
  0.100000000000000E+001  0.171393063727376E+007 -0.698660405632755E+001 -0.498625072345703E+001
  0.100000000000000E+001  0.377224557504014E+003  0.370590151048403E+001 -0.173890084484981E+000
  0.100000000000000E+001  0.935305194909776E+006 -0.352018245911735E+001 -0.800419290913024E+001
  0.100000000000000E+001  0.260320399407747E+007 -0.112163046532377E+002  0.539845417107947E+001
  0.100000000000000E+001  0.167958936268874E+006 -0.648595918566577E+000  0.504100558130321E+001
  0.100000000000000E+001  0.376998722993659E+007  0.191953395886028E+002  0.930833779663685E+001
  0.100000000000000E+001  0.260296343596178E+005  0.587976353356784E+001 -0.655942813281606E+001
  0.100000000000000E+001  0.619884490330075E+005  0.694134720938157E+001 -0.849101133763984E+001
  0.100000000000000E+001  0.148676107362949E+007 -0.792615260960821E+001  0.641841508988097E+001
  0.100000000000000E+001  0.357524280447696E+007 -0.124157740426015E+002 -0.270510062215641E+001
  0.100000000000000E+001  0.803654365689639E+005  0.137735524428528E+001 -0.111566864743061E+001
  0.100000000000000E+001  0.812579097541852E+006  0.117619110688450E+002 -0.152490425520917E+001
  0.100000000000000E+001  0.528326108875944E+006  0.112016462807112E+002 -0.826190865737575E+001
  0.100000000000000E+001  0.139602404664070E+006 -0.454313175056958E+000  0.591484476262080E+001
  0.100000000000000E+001  0.102425640867255E+005  0.349304474722136E+001 -0.380124493909217E+001
  0.100000000000000E+001  0.276897599307567E+007 -0.113986126085346E+002  0.365968229364984E+001
  0.100000000000000E+001  0.342950688803040E+005  0.579223869218178E+001 -0.380382627865204E+001
  0.100000000000000E+001  0.622242467845663E+004  0.250389789300619E+001  0.885091229498445E+001
  0.100000000000000E+001  0.962831294644427E+006 -0.430888520122310E+001 -0.377785971161925E+001
  0.100000000000000E+001  0.191605747995652E+003  0.355701141038315E+001  0.662209540532146E+000
  0.100000000000000E+001  0.227267710955401E+007 -0.969998330838707E+001  0.144033420681792E+001
  0.100000000000000E+001  0.251565839694236E+005  0.228921832660388E+001  0.437156641256937E-001
  0.100000000000000E+001  0.391097516502929E+006 -0.123423447219803E+001 -0.353948569861113E+001
  0.100000000000000E+001  0.293956398029771E+006  0.705767142004944E+001  0.862183836632354E+001
  0.100000000000000E+001  0.579269968126231E+006  0.115659718227788E+002 -0.871430096986134E+001
  0.100000000000000E+001  0.467577867774474E+006 -0.172988358731422E+001 -0.363895357005880E+001
  0.100000000000000E+001  0.945169350488959E+007 -0.224523518215579E+002 -0.462483931374833E+001
  0.100000000000000E+001  0.184797212073754E+007 -0.932496681041218E+001  0.761221908044620E+001
  0.100000000000000E+001  0.704416807131862E+005  0.124632469916230E+001  0.741938964096899E+000
  0.100000000000000E+001  0.403339245214013E+007  0.197186512021296E+002  0.969094853928365E+001
  0.100000000000000E+001  0.160662363454624E+007  0.150723736303792E+002 -0.229708535906207E+001
  0.100000000000000E+001  0.533244328534049E+004  0.343441344265742E+001  0.511493927267182E+001
  0.100000000000000E+001  0.395900074504785E+006 -0.101531814922990E+001 -0.512920336368413E+001
  0.100000000000000E+001  0.189310400629229E+006 -0.117532152084147E+001  0.720662469230025E+001
  0.100000000000000E+001  0.378762597587719E+007 -0.147834903360382E+002  0.988138188249476E+001
  0.100000000000000E+001  0.744573654667248E+006  0.982263998554752E+001  0.893808131504987E+001
  0.100000000000000E+001  0.274085933925849E+007 -0.118164695338893E+002  0.696836202553952E+001
  0.100000000000000E+001  0.785279524093202E+006 -0.364137307940599E+001 -0.272564471041643E+001
  0.100000000000000E+001  0.746262909735778E+006 -0.459551064570188E+001  0.488147323585367E+001
  0.100000000000000E+001  0.113300215877782E+007  0.115776408096906E+002  0.899749562398766E+001
  0.100000000000000E+001  0.204322480248439E+006  0.776381588301647E+001 -0.103083138938972E+001
  0.100000000000000E+001  0.875945691759011E+005  0.254286458777798E+001 -0.861623879555088E+001
  0.100000000000000E+001  0.133418430684258E+007 -0.629536989939211E+001 -0.730549731204786E+000
  0.100000000000000E+001  0.552400201228961E+006 -0.281706914629150E+001  0.316807466000633E-001
  0.100000000000000E+001  0.160372020398467E+006  0.639347809995496E+001  0.501190466580258E+001
  0.100000000000000E+001  0.414084636455996E+007 -0.128716646055782E+002 -0.792178573142818E+001
  0.100000000000000E+001  0.233016199087417E+007  0.168940234783229E+002  0.638464297887779E+000
  0.100000000000000E+001  0.489200175046949E+006 -0.275906675822226E+001  0.217895593325942E+001
  0.100000000000000E+001  0.236968611984800E+007 -0.108071929862785E+002  0.700297893445453E+001
  0.100000000000000E+001  0.408172907310997E+007 -0.134643883700375E+002 -0.323975812290279E+001
  0.100000000000000E+001  0.426717051016698E+006 -0.257857314332429E+001  0.367726693632777E+001
  0.100000000000000E+001  0.146235332473696E+007  0.132167821560132E+002  0.660370713070221E+001
  0.100000000000000E+001  0.271269361239174E+007 -0.117090752563322E+002  0.674553087071929E+001
  0.100000000000000E+001  0.638071176846821E+007 -0.178673606994587E+002 -0.330814606549371E+001
  0.100000000000000E+001  0.135278296903346E+007 -0.556589523853894E+001 -0.591154753743766E+001
  0.100000000000000E+001  0.232985097852503E+007  0.174464999420040E+002 -0.306877506367536E+001
  0.100000000000000E+001  0.286730550055371E+007  0.184405460053659E+002  0.340504950658733E-001
  0.100000000000000E+001  0.489175540417976E+007 -0.170057429644969E+002  0.922438644462591E+001
  0.100000000000000E+001  0.401446106783331E+006 -0.330956575650519E+001  0.998633119605826E+001
  0.100000000000000E+001  0.217925072818581E+007 -0.100465623844215E+002  0.558745922127720E+001
  0.100000000000000E+001  0.725636295168498E+004  0.352902240668059E+001 -0.316846258017239E+001
  0.100000000000000E+001  0.133384831549170E+005  0.173016032779940E+001  0.715153661141827E+001
  0.100000000000000E+001  0.415135155223633E+006 -0.923801954204583E+000 -0.652345616970702E+001
  0.100000000000000E+001  0.202062929912628E+006  0.657082736894063E+001  0.659380733511209E+001
  0.100000000000000E+001  0.565439681763934E+006  0.102547121693727E+002 -0.161731249099809E+000
  0.100000000000000E+001  0.917192964805885E+006  0.122744271928501E+002 -0.166838303827131E+001
  0.100000000000000E+001  0.974540641610288E+005  0.594585437431254E+001  0.294282855861225E+001
  0.100000000000000E+001  0.470758134507856E+006  0.833773546457225E+001  0.853026175264730E+001
  0.100000000000000E+001  0.945718535810610E+005  0.741915913313414E+001 -0.791570593312820E+001
  0.100000000000000E+001  0.115056602234773E+007  0.135368314696916E+002 -0.342339494464016E+001
  0.100000000000000E+001  0.540761283791293E+006 -0.190620063077070E+001 -0.538034359330799E+001
  0.100000000000000E+001  0.447145754467690E+005  0.200061453005373E+001 -0.105815766459923E+001
  0.100000000000000E+001  0.209963868119362E+006 -0.141589572924387E+001  0.747251137583377E+001
  0.100000000000000E+001  0.474875753806867E+007 -0.159144129286636E+002  0.379589962234288E+001
  0.100000000000000E+001  0.186275039486481E+007  0.145472799753157E+002  0.678516069002061E+001
  0.100000000000000E+001  0.143127207625818E+007 -0.776964661711243E+001  0.671875738515275E+001
  0.100000000000000E+001  0.497170009559015E+007 -0.146277747567625E+002 -0.756894965830095E+001
  0.100000000000000E+001  0.135344225387701E+007 -0.653665104189986E+001  0.380518471531152E+000
  0.100000000000000E+001  0.333781270938364E+006  0.936368616013838E+001 -0.450243003402735E+001
  0.100000000000000E+001  0.210452528378377E+007 -0.989993472288928E+001  0.610260803127499E+001
  0.100000000000000E+001  0.900873559229056E+005 -0.230202402350541E+000  0.912227980635380E+001
  0.100000000000000E+001  0.114375589577831E+007 -0.524626418977472E+001 -0.270048715769427E+001
  0.100000000000000E+001  0.218147473451268E+007 -0.999506176140549E+001  0.519592907176220E+001
  0.100000000000000E+001  0.276995522777294E+007 -0.108426476544931E+002 -0.512295897091146E-001
  0.100000000000000E+001  0.125634306625446E+007 -0.565078185987035E+001 -0.298827291511875E+001
  0.100000000000000E+001  0.199910355324628E+007 -0.833395092543127E+001 -0.217491710158623E+001
  0.100000000000000E+001  0.120877336117398E+006  0.591424055282626E+001  0.511231253374998E+001
  0.100000000000000E+001  0.653345815096410E+005  0.630516010893362E+001 -0.290319963026350E+001
  0.100000000000000E+001  0.396439288555616E+007 -0.121709456691091E+002 -0.996804342640133E+001
  0.100000000000000E+001  0.623390673361465E+006 -0.338486350372291E+001  0.111036896566864E+001
  0.100000000000000E+001  0.128770216567678E+007  0.143675062687653E+002 -0.539283614470190E+001
  0.100000000000000E+001  0.236852876017988E+007  0.183258491772064E+002 -0.831221131431478E+001
  0.100000000000000E+001  0.793500344702216E+006 -0.465162427660431E+001  0.367064429337690E+001
  0.100000000000000E+001  0.211361603986534E+006 -0.145501152985616E+001  0.765788192768287E+001
  0.100000000000000E+001  0.179308560706879E+006  0.653711453101288E+001  0.537585276718926E+001
  0.100000000000000E+001  0.219479038515351E+006 -0.444208863802654E+000  0.199092416064204E+000
  0.100000000000000E+001  0.849284150384136E+004  0.276978097243314E+001  0.702728635706389E+000
  0.100000000000000E+001  0.612508914456861E+004  0.385212100120118E+001  0.315145432374694E+001
  0.100000000000000E+001  0.128916097381218E+007  0.149833148776765E+002 -0.963565315750145E+001
  0.100000000000000E+001  0.798801005080958E+006 -0.497559121661063E+001  0.569195898179630E+001
  0.100000000000000E+001  0.371437672465723E+007  0.205927297823152E+002 -0.703483359599444E+000
  0.100000000000000E+001  0.240870886606846E+007  0.163026310685152E+002  0.599824406202877E+001
  0.100000000000000E+001  0.225674095131696E+006  0.657081743398394E+001  0.797961704268118E+001
  0.100000000000000E+001  0.122304595358181E+007 -0.472525258316658E+001 -0.807506968208457E+001
  0.100000000000000E+001  0.296006996502294E+007 -0.109461535077673E+002 -0.259264961102124E+001
  0.100000000000000E+001  0.503601513959175E+006  0.881823186344327E+001  0.680326056511631E+001
  0.100000000000000E+001  0.389916898519643E+007 -0.121517680476636E+002 -0.916773315366960E+001
  0.100000000000000E+001  0.603891694798423E+006 -0.389394963064770E+001  0.526564616086169E+001
  0.100000000000000E+001  0.491782518812420E+007 -0.149278727854540E+002 -0.492970913054664E+001
  0.100000000000000E+001  0.264375586612758E+005  0.315198652508620E+001 -0.514487344831668E+001
  0.100000000000000E+001  0.411676785007276E+007 -0.134716280345374E+002 -0.368649133086818E+001
  0.100000000000000E+001  0.129476572878122E+008  0.335735256942425E+002  0.985815968315983E+001
  0.100000000000000E+001  0.419209067081156E+005  0.112573587420227E+001  0.527761224944658E+001
  0.100000000000000E+001  0.459939239267164E+007 -0.157659925988310E+002  0.481932507815420E+001
  0.100000000000000E+001  0.300255698631634E+007 -0.124889482491530E+002  0.695589540543317E+001
  0.100000000000000E+001  0.133729259562664E+006 -0.388676641629617E+000  0.594537045547948E+001
  0.100000000000000E+001  0.931372022804312E+006  0.122629012470134E+002 -0.115624498224991E+001
  0.100000000000000E+001  0.878770417786023E+006  0.116894809412691E+002  0.106584023242806E+001
  0.100000000000000E+001  0.292767319631774E+006  0.750711825258027E+001  0.575917901881968E+001
  0.100000000000000E+001  0.706136772730626E+003  0.305723318846443E+001  0.346330185059646E+001
  0.100000000000000E+001  0.187029162815057E+007  0.154743422081554E+002  0.858549268581347E+000
  0.100000000000000E+001  0.443608370088600E+006  0.107419768514172E+002 -0.881724483741381E+001
  0.100000000000000E+001  0.613738802528192E+007  0.241598190314013E+002  0.743805555344720E+001
  0.100000000000000E+001  0.305612058243807E+005  0.296289731746724E+001 -0.475021008363996E+001
  0.100000000000000E+001  0.857647907021815E+006 -0.286313145143789E+001 -0.985493308560165E+001
  0.100000000000000E+001  0.297450099515697E+005  0.190098097553882E+001  0.178641204746474E+001
  0.100000000000000E+001  0.231393257409056E+007 -0.946992468481090E+001 -0.864728956788294E+000
  0.100000000000000E+001  0.308708006960326E+006  0.716811908638189E+001  0.867040706360967E+001
  0.100000000000000E+001  0.755765963118999E+005  0.532667764902239E+001  0.478823642827736E+001
  0.100000000000000E+001  0.292559956310004E+006  0.472163642788518E-001 -0.688997676439345E+001
  0.100000000000000E+001  0.344098295627699E+007  0.190582901287056E+002  0.527309768083865E+001
  0.100000000000000E+001  0.145994248505452E+006 -0.361695287089684E+000  0.473438243792459E+001
  0.100000000000000E+001  0.689165612937724E+005  0.574443564646385E+001  0.142617062000713E+001
  0.100000000000000E+001  0.268343220248272E+007  0.187337576831469E+002 -0.517907014131456E+001
  0.100000000000000E+001  0.842248436932140E+006 -0.293687036407738E+001 -0.894194001325071E+001
  0.100000000000000E+001  0.817561156006030E+005 -0.179423946020548E-001  0.846453827374735E+001
  0.100000000000000E+001  0.700700679613706E+005  0.117312571101221E+001  0.126411788152761E+001
  0.100000000000000E+001  0.191371410246238E+007  0.153011173391146E+002  0.291654644119165E+001
  0.100000000000000E+001  0.722052693950353E+006  0.983976869264187E+001  0.810182944074388E+001
  0.100000000000000E+001  0.140580808333803E+007 -0.581707962035573E+001 -0.556679770182917E+001
  0.100000000000000E+001  0.195360891306841E+006  0.832205382498659E+001 -0.560042638909712E+001
  0.100000000000000E+001  0.209396078816718E+006  0.769206784754638E+001 -0.210745293524051E+000
  0.100000000000000E+001  0.134863589426772E+005  0.516562059045065E+001 -0.399838509769016E+001
  0.100000000000000E+001  0.143366889782065E+007 -0.782843307908707E+001  0.705997871648805E+001
  0.100000000000000E+001  0.274485466996614E+007 -0.117691734851560E+002  0.657724416531888E+001
  0.100000000000000E+001  0.122204419756302E+006  0.216517770647320E+000  0.270904498578448E+001
  0.100000000000000E+001  0.427556897657537E+003  0.376021103121763E+001 -0.162568051538905E+000
  0.100000000000000E+001  0.237397182857125E+004  0.428630734132254E+001 -0.273966464529717E+001
  0.100000000000000E+001  0.129130057399197E+007  0.133193933744417E+002  0.176863621060072E+001
  0.100000000000000E+001  0.234046867670449E+006  0.735275197189851E+001  0.354251223973905E+001
  0.100000000000000E+001  0.640581068594465E+006  0.114447258957068E+002 -0.541256490741291E+001
  0.100000000000000E+001  0.265520963637352E+007 -0.982779580267131E+001 -0.470405076211692E+001
  0.100000000000000E+001  0.253056315755645E+006 -0.176432763232877E+001  0.714345729847599E+001
  0.100000000000000E+001  0.254524714083253E+006 -0.126874456607492E-001 -0.455346280861264E+001
  0.100000000000000E+001  0.293214492617337E+006  0.848668814164365E+001 -0.630096902488976E+000
  0.100000000000000E+001  0.821809826275339E+005  0.546062447099315E+001  0.459934412219049E+001
  0.100000000000000E+001  0.792520131149715E+006 -0.302475053308731E+001 -0.688284020843200E+001
  0.100000000000000E+001  0.256664122781681E+006  0.610229145648243E+000 -0.844940720685822E+001
  0.100000000000000E+001  0.690172791402225E+007 -0.179137894403606E+002 -0.876321502764353E+001
  0.100000000000000E+001  0.227414419464024E+007 -0.100478250783621E+002  0.373056897441271E+001
  0.100000000000000E+001  0.172667804706667E+007 -0.812792122870527E+001  0.221480230484284E+001
  0.100000000000000E+001  0.683102910017706E+006 -0.317740574254036E+001 -0.235607672413479E+001
  0.100000000000000E+001  0.691575166544000E+007  0.259857691050368E+002  0.418241198244736E+001
  0.100000000000000E+001  0.507683820095096E+007 -0.160372074467605E+002  0.319372561543572E+000
  0.100000000000000E+001  0.273907504737025E+007 -0.950351346503361E+001 -0.823594892371945E+001
  0.100000000000000E+001  0.227392546207611E+006  0.818687996662302E+000 -0.811378253927649E+001
  0.100000000000000E+001  0.841062216667070E+006 -0.356111577941316E+001 -0.497547764114972E+001
  0.100000000000000E+001  0.609500807123654E+005  0.123296269174094E+001  0.190374788987838E+001
  0.100000000000000E+001  0.727896796723242E+005  0.165467231768497E+001 -0.209526915304483E+001
  0.100000000000000E+001  0.257413966238661E+006 -0.123546635229350E+001  0.320884035178777E+001
  0.100000000000000E+001  0.497407862081248E+005  0.925701202209900E+000  0.555651227761996E+001
  0.100000000000000E+001  0.302915392038886E+006  0.789181494001038E+001  0.381888618824115E+001
  0.100000000000000E+001  0.575013517621442E+006 -0.198264111088952E+001 -0.616289718203199E+001
  0.100000000000000E+001  0.475649827196375E+006  0.919946094711639E+001  0.322646647440509E+001
  0.100000000000000E+001  0.123904464686749E+006  0.523611106725540E+001  0.942853834571783E+001
  0.100000000000000E+001  0.920416153713655E+006  0.128272984190347E+002 -0.534798815909748E+001
  0.100000000000000E+001  0.457578502169228E+007 -0.163892563540946E+002  0.934395365739243E+001
  0.100000000000000E+001  0.828895723988887E+005  0.931180501950157E+000  0.152530555085712E+001
  0.100000000000000E+001  0.166759634317528E+006  0.583803335586145E+001  0.884441898030383E+001
  0.100000000000000E+001  0.662696516109243E+005  0.964728613606955E+000  0.310338459660240E+001
  0.100000000000000E+001  0.547403214527730E+007 -0.152683325169926E+002 -0.963627616680269E+001
  0.100000000000000E+001  0.212135554095076E+007 -0.777491924706418E+001 -0.819050991821046E+001
  0.100000000000000E+001  0.466824169959781E+006 -0.243822331849696E+001  0.985186832502610E+000
  0.100000000000000E+001  0.113895434632907E+006  0.545131808754500E+001  0.739217963262078E+001
  0.100000000000000E+001  0.585724925637303E+007 -0.173893015512031E+002 -0.375208618319283E+000
  0.100000000000000E+001  0.104901102003305E+006  0.929191647623144E+000 -0.514383819426513E+000
  0.100000000000000E+001  0.748352928885238E+006 -0.324143643153399E+001 -0.411168392239698E+001
  0.100000000000000E+001  0.264616733057278E+007 -0.931085972161024E+001 -0.788432581023970E+001
  0.100000000000000E+001  0.552341959340788E+007 -0.164673074414941E+002 -0.242637376536687E+001
  0.100000000000000E+001  0.786745292999812E+006 -0.544895014464851E+001  0.937563179554337E+001
  0.100000000000000E+001  0.248309441233594E+005  0.404973599191307E+001 -0.920699927553148E+001
  0.100000000000000E+001  0.531794483177549E+005  0.527623004722768E+001  0.266069816721780E+001
  0.100000000000000E+001  0.295262441775884E+007 -0.119598308764081E+002  0.424456482732356E+001
  0.100000000000000E+001  0.312318982362434E+006 -0.213994764007144E+001  0.633839487779462E+001
  0.100000000000000E+001  0.516463986481682E+006 -0.126286827183710E+001 -0.846605718609818E+001
  0.100000000000000E+001  0.325502862492783E+007  0.180174841383883E+002  0.916058568113270E+001
  0.100000000000000E+001  0.225924987358096E+006 -0.166008172121474E+001  0.814806412692479E+001
  0.100000000000000E+001  0.472581367514030E+006 -0.106569133183378E+001 -0.798866981822894E+001
  0.100000000000000E+001  0.234428870749089E+005  0.460029674936855E+001  0.263970035663843E+001
  0.100000000000000E+001  0.194505807763219E+006 -0.112449174235086E+001  0.646850031809283E+001
  0.100000000000000E+001  0.537193303697462E+005  0.620122136084404E+001 -0.371471530965101E+001
  0.100000000000000E+001  0.179924838634127E+006 -0.211443316736177E+000  0.121255671716916E+001
  0.100000000000000E+001  0.159298419149717E+004  0.305102366545884E+001  0.193465226063680E+001
  0.100000000000000E+001  0.120092269038189E+007 -0.605567769518385E+001  0.109556112658511E+001
  0.100000000000000E+001  0.656317409640575E+004  0.422741181078424E+001  0.942291352052001E+000
  0.100000000000000E+001  0.746390244628774E+006  0.100987680740619E+002  0.724544906617189E+001
  0.100000000000000E+001  0.100626928217778E+006  0.562281925867115E+000  0.228219427116404E+001
  0.100000000000000E+001  0.501662947479108E+007 -0.151376029035584E+002 -0.482376743678100E+001
  0.100000000000000E+001  0.219942069644138E+005  0.247302701189176E+001 -0.538032553344550E+000
  0.100000000000000E+001  0.151637601321743E+006  0.110651490207865E+001 -0.519162244075202E+001
  0.100000000000000E+001  0.978152488279759E+005  0.262546242377196E+001 -0.991799164629527E+001
  0.100000000000000E+001  0.127947751256088E+006  0.734487580740228E+001 -0.390486383436678E+001
  0.100000000000000E+001  0.362313091466056E+006 -0.181716923475063E+001  0.157292006096541E+001
  0.100000000000000E+001  0.210977517839158E+007 -0.102517478837753E+002  0.838608833924039E+001
  0.100000000000000E+001  0.639802788927844E+004  0.238198395959017E+001  0.913481250198839E+001
  0.100000000000000E+001  0.520131769254198E+005  0.664069804686790E+001 -0.758970518471630E+001
  0.100000000000000E+001  0.158767020607910E+007 -0.785246282957774E+001  0.352282736885046E+001
  0.100000000000000E+001  0.155999569620500E+007  0.137635597414544E+002  0.530614672129557E+001
  0.100000000000000E+001  0.941871748147123E+006  0.113225991338020E+002  0.536530529594678E+001
  0.100000000000000E+001  0.168324310296180E+006  0.582961311553774E+001  0.899613241082263E+001
  0.100000000000000E+001  0.886803703217827E+006 -0.395781148862178E+001 -0.381358179900755E+001
  0.100000000000000E+001  0.169566706821895E+006 -0.752500997518278E+000  0.565147404184536E+001
  0.100000000000000E+001  0.432702767567649E+006  0.106001606108203E+002 -0.831415794610385E+001
  0.100000000000000E+001  0.359315403870661E+007  0.197458958345913E+002  0.308017118154516E+001
  0.100000000000000E+001  0.114408424624557E+008 -0.246254451295651E+002 -0.799963084265328E+001
  0.100000000000000E+001  0.229395784936206E+007  0.160063748610633E+002  0.579995213493387E+001
  0.100000000000000E+001  0.416877838852628E+005  0.623337631472875E+001 -0.600534583192512E+001
  0.100000000000000E+001  0.179392269873458E+006 -0.596879568067146E+000  0.384897963810718E+001
  0.100000000000000E+001  0.271039036330269E+007 -0.105113694611978E+002 -0.119917593038178E+001
  0.100000000000000E+001  0.260883954509489E+006 -0.116086370363071E+001  0.250428246053760E+001
  0.100000000000000E+001  0.688534915332223E+005  0.461323151047781E+001  0.836128218744474E+001
  0.100000000000000E+001  0.774964768939681E+006  0.125781708251941E+002 -0.845634883060660E+001
  0.100000000000000E+001  0.378237049801608E+005  0.197070381167341E+001  0.684513968152558E-001
  0.100000000000000E+001  0.190106205988639E+007 -0.789253231777190E+001 -0.305540031784992E+001
  0.100000000000000E+001  0.745685067839283E+006 -0.443377716203810E+001  0.380608464692009E+001
  0.100000000000000E+001  0.751275415595913E+006  0.126142313496194E+002 -0.956385424399933E+001
  0.100000000000000E+001  0.112988173721820E+008 -0.250135316947515E+002 -0.425481004140240E+001
  0.100000000000000E+001  0.804451739183023E+007 -0.220723362724457E+002  0.662922869394406E+001
  0.100000000000000E+001  0.200561881829270E+006  0.125510711768581E+001 -0.915215739692379E+001
  0.100000000000000E+001  0.260786228841978E+006  0.915548946782978E-001 -0.553196877077120E+001
  0.100000000000000E+001  0.117084745885722E+006  0.677014677341736E+001 -0.803213488672922E+000
  0.100000000000000E+001  0.730049243709019E+007 -0.212185935359617E+002  0.877309150565714E+001
  0.100000000000000E+001  0.248499579952863E+007 -0.953807592475857E+001 -0.357354008751793E+001
  0.100000000000000E+001  0.235923332843003E+006  0.893189657903197E+001 -0.724103456831956E+001
  0.100000000000000E+001  0.160784089767688E+007 -0.600570484059298E+001 -0.895391299573242E+001
  0.100000000000000E+001  0.487193517199414E+006 -0.255740363542205E+001  0.922244517695368E+000
  0.100000000000000E+001  0.213129980048641E+003  0.357672700125639E+001  0.109417059497967E+001
  0.100000000000000E+001  0.209952853489307E+007  0.153657820254730E+002  0.624161980021351E+001
  0.100000000000000E+001  0.383186404098931E+006 -0.844431427461612E+000 -0.563720023534123E+001
  0.100000000000000E+001  0.406681620879885E+005  0.245793751437541E+001 -0.328689395452138E+001
  0.100000000000000E+001  0.223616824267499E+006  0.882361324403921E+001 -0.728305776745612E+001
  0.100000000000000E+001  0.345052269488981E+006 -0.198558986353142E+001  0.355441630470309E+001
  0.100000000000000E+001  0.140777503575104E+007 -0.584034786454689E+001 -0.546402934033937E+001
  0.100000000000000E+001  0.226368277482040E+007 -0.905111637866111E+001 -0.265962891068929E+001
  0.100000000000000E+001  0.754860364376423E+007  0.277151109495566E+002 -0.471380540750522E+000
  0.100000000000000E+001  0.261881458651021E+006  0.713763164835829E+001  0.646669033123883E+001
  0.100000000000000E+001  0.895134252958837E+006 -0.398180690349739E+001 -0.390720344770754E+001
  0.100000000000000E+001  0.563097473275040E+006  0.985581224043903E+001  0.239863675263207E+001
  0.100000000000000E+001  0.288587636027394E+006  0.335641533052094E+000 -0.843299117999288E+001
  0.100000000000000E+001  0.239304416923446E+006  0.905622781717178E+001 -0.793784741629868E+001
  0.100000000000000E+001  0.691485798324459E+007 -0.179071731723397E+002 -0.894757920722137E+001
  0.100000000000000E+001  0.109057009555631E+006  0.675407791745758E+001 -0.141642338914744E+001
  0.100000000000000E+001  0.228343249200526E+007 -0.100239641746106E+002  0.339127489266638E+001
  0.100000000000000E+001  0.124077895958422E+007 -0.571911254405764E+001 -0.214892097204668E+001
  0.100000000000000E+001  0.234671428644121E+006  0.837198882104234E+001 -0.328214054756037E+001
  0.100000000000000E+001  0.507951140369197E+007 -0.163125590440664E+002  0.211092049885227E+001
  0.100000000000000E+001  0.106974325727833E+007 -0.655935794179668E+001  0.813198783507679E+001
  0.100000000000000E+001  0.368753299983746E+007  0.204522832259255E+002 -0.172807553024001E+000
  0.100000000000000E+001  0.765968117421651E+006  0.114076438380345E+002 -0.680512924593202E+000
  0.100000000000000E+001  0.391583290747332E+007 -0.145712832720597E+002  0.651272982240398E+001
  0.100000000000000E+001  0.107498330785658E+007 -0.608475841603711E+001  0.473907886683392E+001
  0.100000000000000E+001  0.230980557478515E+006  0.922345324265951E+001 -0.979047438668427E+001
  0.100000000000000E+001  0.268492938358799E+006  0.913285896087385E+001 -0.660681316403368E+001
  0.100000000000000E+001  0.789129320085749E+006 -0.307842704397794E+001 -0.643952673645004E+001
  0.100000000000000E+001  0.237997708842350E+007 -0.103026470077904E+002  0.340993545582069E+001
  0.100000000000000E+001  0.224082303135036E+007 -0.965177421114041E+001  0.173450533137143E+001
  0.100000000000000E+001  0.249875141205102E+006 -0.186846067277321E+001  0.808939019065214E+001
  0.100000000000000E+001  0.236683159121522E+007 -0.882947695276778E+001 -0.601953515642616E+001
  0.100000000000000E+001  0.243801797886924E+006  0.892325250068877E+001 -0.665149298720644E+001
  0.100000000000000E+001  0.142322059913043E+007 -0.782365905817501E+001  0.728817186666161E+001
  0.100000000000000E+001  0.374449923222381E+007  0.218304830618914E+002 -0.860661286628827E+001
  0.100000000000000E+001  0.665751064494630E+003  0.362734541103469E+001 -0.489898237678810E+000
  0.100000000000000E+001  0.232881553785541E+007  0.169105917476480E+002  0.502623085901465E+000
  0.100000000000000E+001  0.574279110539819E+006 -0.350926871207445E+001  0.379590544031952E+001
  0.100000000000000E+001  0.258444730568769E+007 -0.937963624006499E+001 -0.636872897556324E+001
  0.100000000000000E+001  0.570894517629363E+005  0.111120102699250E+001  0.321106746700983E+001
  0.100000000000000E+001  0.780166885175871E+004  0.486896897347986E+001 -0.391540617563646E+001
  0.100000000000000E+001  0.440144115871193E+006 -0.321821272124630E+001  0.747190270431774E+001
  0.100000000000000E+001  0.480601753150522E+007  0.229364869977044E+002 -0.912719409541056E+000
  0.100000000000000E+001  0.524303819931339E+006 -0.251330942652243E+001 -0.861844687118428E+000
  0.100000000000000E+001  0.739022194060272E+005  0.486956594711878E+001  0.737246940897637E+001
  0.100000000000000E+001  0.777945949191010E+006 -0.519309637994346E+001  0.789550212468467E+001
  0.100000000000000E+001  0.144837315073441E+007 -0.708357935240735E+001  0.168477468211014E+001
  0.100000000000000E+001  0.190962000590914E+006 -0.123088726563001E+001  0.748741021002255E+001
  0.100000000000000E+001  0.776167730493634E+004  0.226860941264901E+001  0.462629534652177E+001
  0.100000000000000E+001  0.451072439886805E+007 -0.159877007932762E+002  0.752869624114193E+001
  0.100000000000000E+001  0.462621105347672E+007 -0.152129270875119E+002  0.773218010627030E+000
  0.100000000000000E+001  0.280492469126321E+006  0.692498212385645E+001  0.875673177975034E+001
  0.100000000000000E+001  0.579440929235884E+004  0.217370937607891E+001  0.817360156272301E+001
  0.100000000000000E+001  0.848089576772690E+007 -0.205824725279578E+002 -0.759559128965489E+001
  0.100000000000000E+001  0.110256961740520E+006  0.598548077306612E+001  0.380163227542326E+001
  0.100000000000000E+001  0.342234205951845E+007  0.183851399370446E+002  0.936928051002907E+001
  0.100000000000000E+001  0.339834937341140E+007 -0.121654484130913E+002 -0.163507612585815E+001
  0.100000000000000E+001  0.162338918740941E+006 -0.227491455991421E+000  0.256081016017695E+001
  0.100000000000000E+001  0.380750545700337E+007 -0.137442726561958E+002  0.258499982242735E+001
  0.100000000000000E+001  0.127343919899157E+008 -0.265912987954851E+002 -0.576516413260552E+001
  0.100000000000000E+001  0.935732698812085E+004  0.180962324063168E+001  0.991130353139642E+001
  0.100000000000000E+001  0.487166914573525E+006 -0.993034215604231E+000 -0.900102904402039E+001
  0.100000000000000E+001  0.353911522153176E+007  0.186085900170194E+002  0.969199619885633E+001
  0.100000000000000E+001  0.191477051571988E+007 -0.878369324544720E+001  0.253038605150240E+001
  0.100000000000000E+001  0.183773157139324E+007 -0.781140123087347E+001 -0.226599011305724E+001
  0.100000000000000E+001  0.336005044651644E+006 -0.995881948639110E+000 -0.251067144431261E+001
  0.100000000000000E+001  0.555117276907541E+006  0.869832854317437E+001  0.950860307368864E+001
  0.100000000000000E+001  0.131906796439562E+007  0.139043272434824E+002 -0.142722005333420E+001
  0.100000000000000E+001  0.106845708522313E+007 -0.677402779143446E+001  0.965767687540193E+001
  0.100000000000000E+001  0.453674139610872E+006 -0.272788777928624E+001  0.348709357178887E+001
  0.100000000000000E+001  0.949900587775973E+006 -0.453742618393032E+001 -0.192558731502164E+001
  0.100000000000000E+001  0.109524703843436E+006  0.635506938289743E+001  0.133943768208213E+001
  0.100000000000000E+001  0.512507034874938E+006 -0.168516384375759E+001 -0.569662459828338E+001
  0.100000000000000E+001  0.118123308751828E+007  0.139441110755647E+002 -0.536245069416879E+001
  0.100000000000000E+001  0.483682847910002E+007 -0.169823624716202E+002  0.980315139667032E+001
  0.100000000000000E+001  0.448673381664731E+006 -0.108534893111107E+001 -0.691243534460482E+001
  0.100000000000000E+001  0.185025287195742E+006 -0.315731316887751E+000  0.155881981911139E+001
  0.100000000000000E+001  0.160214451858206E+007 -0.769320302876448E+001  0.212506912363631E+001
  0.100000000000000E+001  0.760813824242850E+006 -0.490310658904039E+001  0.648311659661539E+001
  0.100000000000000E+001  0.216019598075237E+007 -0.105111652199355E+002  0.912904168543779E+001
  0.100000000000000E+001  0.896598764396157E+004  0.390503082565511E+001 -0.534020186351311E+001
  0.100000000000000E+001  0.262675459696168E+006 -0.129780048695065E+001  0.332601843187652E+001
  0.100000000000000E+001  0.346268891914019E+007 -0.125372762292355E+002 -0.184436725282282E+000
  0.100000000000000E+001  0.524927019862040E+006  0.108098929563168E+002 -0.562132492335691E+001
  0.100000000000000E+001  0.133915060466535E+007 -0.614342774595577E+001 -0.184781185091414E+001
  0.100000000000000E+001  0.318271025937227E+007 -0.108285029099067E+002 -0.696301340491711E+001
  0.100000000000000E+001  0.110723077879377E+005  0.496840329136462E+001 -0.900661526534025E+001
  0.100000000000000E+001  0.490788969659182E+007 -0.146495894623263E+002 -0.661405393404046E+001
  0.100000000000000E+001  0.919668418673523E+004  0.233520663224931E+001  0.349829364887621E+001
  0.100000000000000E+001  0.496835500155759E+007  0.217574481391658E+002  0.896388452746189E+001
  0.100000000000000E+001  0.599890048773857E+007 -0.182784427914800E+002  0.384286665786626E+001
  0.100000000000000E+001  0.363943255002752E+005  0.534975813004333E+001 -0.148963093296249E+000
  0.100000000000000E+001  0.607305480136201E+005  0.106249004880695E+001  0.309305271278703E+001
  0.100000000000000E+001  0.223116436236095E+007 -0.929730385962323E+001 -0.423995054452620E+000
  0.100000000000000E+001  0.447974239936900E+007 -0.136349541055631E+002 -0.759671061234232E+001
  0.100000000000000E+001  0.667877148171998E+007 -0.200990428964320E+002  0.814677301897519E+001
  0.100000000000000E+001  0.265472123310250E+007  0.192890117605636E+002 -0.950712628583674E+001
  0.100000000000000E+001  0.560886560358145E+007  0.254791470746098E+002 -0.768388433051417E+001
  0.100000000000000E+001  0.470157308579083E+007 -0.148215273434556E+002 -0.281002517647688E+001
  0.100000000000000E+001  0.326870003025529E+006 -0.200201824415653E+001  0.460159148161123E+001
  0.100000000000000E+001  0.242035092890664E+007 -0.102204239553323E+002  0.210327962345836E+001
  0.100000000000000E+001  0.364925185553249E+005  0.156248061785714E+001  0.299359302156749E+001
  0.100000000000000E+001  0.876023544383830E+005 -0.215462141375003E+000  0.930431271118444E+001
  0.100000000000000E+001  0.616981143011435E+006  0.105743180060263E+002 -0.342936309913673E+000
  0.100000000000000E+001  0.209761415299822E+007 -0.968303857070496E+001  0.477995508065779E+001
  0.100000000000000E+001  0.372055869042878E+007  0.209747972157590E+002 -0.316974354276800E+001
  0.100000000000000E+001  0.974986830563040E+007 -0.235527917553846E+002 -0.142332478345379E+000
  0.100000000000000E+001  0.448100384749281E+006 -0.334992254870912E+001  0.803003686377904E+001
  0.100000000000000E+001  0.165791107886551E+006  0.749049691999290E+001 -0.185171673524972E+001
  0.100000000000000E+001  0.657367904310021E+006 -0.346364580195543E+001  0.406936734010351E+000
  0.100000000000000E+001  0.118026658970701E+007  0.126326778045101E+002  0.342118566390589E+001
  0.100000000000000E+001  0.193811933328299E+007 -0.918873656586001E+001  0.475179526092828E+001
  0.100000000000000E+001  0.369105978384318E+007 -0.142473484139918E+002  0.772241712834111E+001
  0.100000000000000E+001  0.485160744319699E+005  0.112453682051934E+001  0.427703109993956E+001
  0.100000000000000E+001  0.163540515056019E+007 -0.747056129363843E+001 -0.104939693661239E+000
  0.100000000000000E+001  0.535926054422467E+007 -0.162602136493789E+002 -0.176884670313009E+001
  0.100000000000000E+001  0.263083953060804E+006  0.872359925331539E+001 -0.399900812233486E+001
  0.100000000000000E+001  0.155393501065353E+007 -0.767154380839479E+001  0.309794469049257E+001
  0.100000000000000E+001  0.465974047555272E+004  0.427352290091080E+001 -0.506653607307554E+001
  0.100000000000000E+001  0.279368664915091E+007 -0.943514495569131E+001 -0.959231646901876E+001
  0.100000000000000E+001  0.787649346176483E+006  0.110621845375353E+002  0.233362912106343E+001
  0.100000000000000E+001  0.239753644457148E+007  0.165335369996288E+002  0.428258969083033E+001
  0.100000000000000E+001  0.101649104655840E+007 -0.520135262382223E+001  0.504256634534261E+000
  0.100000000000000E+001  0.370568273540577E+007 -0.125402102059577E+002 -0.384269130998234E+001
  0.100000000000000E+001  0.110858885656581E+006  0.719726217603518E+001 -0.442746879419412E+001
  0.100000000000000E+001  0.411583851923552E+006 -0.290432384360629E+001  0.661768485587694E+001
  0.100000000000000E+001  0.142866455734844E+006  0.640551215828132E+001  0.368603787845366E+001
  0.100000000000000E+001  0.246075593771992E+007  0.160242007001617E+002  0.874884050232107E+001
  0.100000000000000E+001  0.129205499414974E+006 -0.442804173677157E+000  0.673368286137011E+001
  0.100000000000000E+001  0.112123182575976E+004  0.304462309240147E+001  0.442141343366338E+001
  0.100000000000000E+001  0.108297141300059E+007  0.118324424412123E+002  0.603136189112977E+001
  0.100000000000000E+001  0.887198484838890E+006  0.108709885339811E+002  0.666670163251361E+001
  0.100000000000000E+001  0.869873887652033E+007  0.298219804131114E+002 -0.277470097506482E+001
  0.100000000000000E+001  0.401347324782533E+005  0.177395827145843E+001  0.101098757997057E+001
  0.100000000000000E+001  0.230945002730450E+007  0.154082817315805E+002  0.995786503832907E+001
  0.100000000000000E+001  0.190028101123771E+006  0.596051773048716E+001  0.957520507270650E+001
  0.100000000000000E+001  0.406812306872192E+007 -0.153061852408428E+002  0.923253929204460E+001
  0.100000000000000E+001  0.199531467212042E+007  0.152440697981267E+002  0.496234927930918E+001
  0.100000000000000E+001  0.941524103672273E+006 -0.340625604108582E+001 -0.889355743634946E+001
  0.100000000000000E+001  0.354593600873830E+005  0.638803626120239E+001 -0.895408975181236E+001
  0.100000000000000E+001  0.326762210198288E+007 -0.108265815468216E+002 -0.830638238972915E+001
  0.100000000000000E+001  0.354882935237225E+006  0.102721399759956E+002 -0.994813693794199E+001
  0.100000000000000E+001  0.853892030741232E+007 -0.216839651736442E+002 -0.940112289782959E+000
  0.100000000000000E+001  0.304526748346150E+006 -0.232940054185649E+001  0.811481179272648E+001
  0.100000000000000E+001  0.110984038278907E+007 -0.400744223210995E+001 -0.969715688399639E+001
  0.100000000000000E+001  0.870543208257740E+004  0.277670812155867E+001  0.894421541286279E+001
  0.100000000000000E+001  0.102882237914470E+007  0.112281617581194E+002  0.843094423190768E+001
  0.100000000000000E+001  0.662948686402568E+006 -0.257283900325584E+001 -0.553294540073905E+001
  0.100000000000000E+001  0.209557495352515E+007  0.148908938731000E+002  0.923494039300530E+001
  0.100000000000000E+001  0.959416233381894E+006  0.129537741369879E+002 -0.500637076719124E+001
  0.100000000000000E+001  0.367368891299281E+007 -0.117345756041972E+002 -0.859421314515472E+001
  0.100000000000000E+001  0.342021468691464E+007  0.186136439759177E+002  0.785519051133456E+001
  0.100000000000000E+001  0.130309691196840E+006  0.974241341138518E+000 -0.284944182269593E+001
  0.100000000000000E+001  0.565038100417258E+006 -0.342646436702386E+001  0.359756530687236E+001
  0.100000000000000E+001  0.386301622922133E+007 -0.124435200226349E+002 -0.676749186471147E+001
  0.100000000000000E+001  0.260381354761644E+007 -0.977161490763055E+001 -0.417002127091316E+001
  0.100000000000000E+001  0.138501497061876E+006  0.767604310577696E+001 -0.539875280314848E+001
  0.100000000000000E+001  0.538386384244872E+006  0.965648393344068E+001  0.275342125933022E+001
  0.100000000000000E+001  0.238868733351179E+007  0.162547136142829E+002  0.594276707288221E+001
  0.100000000000000E+001  0.341609244945770E+007  0.183377716962378E+002  0.958012953550271E+001
  0.100000000000000E+001  0.105667521742524E+007 -0.644356413485144E+001  0.771582701462737E+001
  0.100000000000000E+001  0.536440449103317E+007 -0.165825319860520E+002  0.293989219066663E+000
  0.100000000000000E+001  0.568641324106650E+006  0.894435263574019E+001  0.846450752344849E+001
  0.100000000000000E+001  0.264124174688160E+006  0.425053749115763E+000 -0.773130896831473E+001
  0.100000000000000E+001  0.188510362960591E+007  0.148324131080090E+002  0.539497748873215E+001
  0.100000000000000E+001  0.135555066834999E+007 -0.740238871016419E+001  0.612608703185190E+001
  0.100000000000000E+001  0.305710802727298E+006 -0.374553397717664E+000 -0.494782686691013E+001
  0.100000000000000E+001  0.778706210228298E+007 -0.218349826552796E+002  0.771695608038690E+001
  0.100000000000000E+001  0.911475482597008E+004  0.317303615610939E+001 -0.185176631367865E+001
  0.100000000000000E+001  0.609720496152824E+005  0.496807495065835E+001  0.546877016667799E+001
  0.100000000000000E+001  0.170537304355005E+007 -0.662015706551065E+001 -0.715486907272313E+001
  0.100000000000000E+001  0.211744713474523E+006  0.851968748398161E+001 -0.587181850571262E+001
  0.100000000000000E+001  0.342787227662193E+006 -0.171891696035537E+001  0.187431253347002E+001
  0.100000000000000E+001  0.143172434069721E+007 -0.681086638242042E+001  0.279834637086353E+000
  0.100000000000000E+001  0.159303619971527E+006  0.768918360063545E+001 -0.375403904071540E+001
  0.100000000000000E+001  0.366668901204869E+004  0.349697158878474E+001  0.417166883885072E+001
  0.100000000000000E+001  0.411790103251379E+007  0.215402165124095E+002 -0.108733307919773E+001
  0.100000000000000E+001  0.144983919603543E+007  0.128862040175726E+002  0.844068545043023E+001
  0.100000000000000E+001  0.106547072853543E+005  0.252926739648478E+001  0.164196341694340E+001
  0.100000000000000E+001  0.105885905544151E+007 -0.411275987333771E+001 -0.768902663574239E+001
  0.100000000000000E+001  0.587067149399911E+007  0.234043032433515E+002  0.926718641720534E+001
  0.100000000000000E+001  0.772284920364532E+006  0.106098736765878E+002  0.479392652225732E+001
  0.100000000000000E+001  0.267716696587562E+007 -0.945479733547249E+001 -0.749306745472083E+001
  0.100000000000000E+001  0.692740033713913E+006  0.942916120355134E+001  0.972628974568093E+001
  0.100000000000000E+001  0.105893237940463E+006  0.168302487045625E+001 -0.523874803777166E+001
  0.100000000000000E+001  0.224431276590006E+007 -0.919279740154661E+001 -0.136336207641485E+001
  0.100000000000000E+001  0.163388984089199E+007 -0.677713546600868E+001 -0.459402428677346E+001
  0.100000000000000E+001  0.127075405210826E+007 -0.673683852100610E+001  0.381137847859246E+001
  0.100000000000000E+001  0.126646578325940E+007 -0.509977826776422E+001 -0.678070252294368E+001
  0.100000000000000E+001  0.606456077014144E+004  0.464721639003990E+001 -0.628416673254355E+001
  0.100000000000000E+001  0.309429402866978E+006  0.791172738041244E+001  0.402238936701621E+001
  0.100000000000000E+001  0.168165779266763E+007 -0.804467257099688E+001  0.266294352915368E+001
  0.100000000000000E+001  0.351992120564947E+006  0.956103333134878E+001 -0.493258337669908E+001
  0.100000000000000E+001  0.174202932608209E+006  0.799710656033491E+001 -0.481655793344152E+001
  0.100000000000000E+001  0.428436377968201E+006  0.853235078637966E+001  0.555390195521420E+001
  0.100000000000000E+001  0.240116707259984E+005  0.183232974775305E+001  0.332971713719805E+001
  0.100000000000000E+001  0.819533804709852E+007 -0.214930741593978E+002  0.122613149975710E+001
  0.100000000000000E+001  0.126776076849252E+008 -0.287042567765378E+002  0.871495184178866E+001
  0.100000000000000E+001  0.234128056555722E+007 -0.949236414980747E+001 -0.123134957722918E+001
  0.100000000000000E+001  0.179692006449494E+006 -0.337487414973589E+000  0.206801577018496E+001
  0.100000000000000E+001  0.305180036703387E+006 -0.164417962402145E+001  0.331100342945744E+001
  0.100000000000000E+001  0.937520076027538E+006  0.126438576100047E+002 -0.355301105486929E+001
  0.100000000000000E+001  0.907739835844521E+006 -0.586516417081392E+001  0.826331394134700E+001
  0.100000000000000E+001  0.150028329487264E+006  0.191681528661791E+000  0.675075719661409E+000
  0.100000000000000E+001  0.227953143414520E+007  0.157735751823305E+002  0.704340166311712E+001
  0.100000000000000E+001  0.166572121878137E+008 -0.308277842574293E+002 -0.733171923501875E+001
  0.100000000000000E+001  0.487099214700279E+007 -0.154987599456371E+002 -0.577453269316518E+000
  0.100000000000000E+001  0.466213837867036E+006 -0.210130399384107E+001 -0.119654612776927E+001
  0.100000000000000E+001  0.126782997023933E+006  0.670958492407550E+001  0.435833839392252E+000
  0.100000000000000E+001  0.211246752273833E+006  0.269924914476514E+000 -0.385880821966490E+001
  0.100000000000000E+001  0.275011290955959E+007 -0.103586865015748E+002 -0.288751720123540E+001
  0.100000000000000E+001  0.166845722625491E+007  0.161739030312059E+002 -0.839058022539636E+001
  0.100000000000000E+001  0.134243649704230E+007  0.131025227183047E+002  0.447264517485733E+001
  0.100000000000000E+001  0.294077522210953E+005  0.107750207927878E+001  0.812544092708767E+001
  0.100000000000000E+001  0.260690783469882E+008 -0.397642922609593E+002 -0.736030585574458E+001
  0.100000000000000E+001  0.143455749892575E+006  0.734555087253777E+001 -0.258207406520830E+001
  0.100000000000000E+001  0.676985859104009E+007  0.262106290700298E+002  0.108563517784982E+001
  0.100000000000000E+001  0.163722165053882E+007 -0.607764436475883E+001 -0.913770452369430E+001
  0.100000000000000E+001  0.129462366019819E+007 -0.559540569978329E+001 -0.430341576133785E+001
  0.100000000000000E+001  0.597975492316097E+006 -0.227325406125399E+001 -0.516089885158730E+001
  0.100000000000000E+001  0.521507080218097E+007  0.222576567016854E+002  0.881506366505287E+001
  0.100000000000000E+001  0.658768369604279E+005  0.156458688906054E+001 -0.813055730531524E+000
  0.100000000000000E+001  0.326398399454505E+007 -0.130818754357123E+002  0.660537459303820E+001
  0.100000000000000E+001  0.160206500399787E+006  0.754083069983484E+000 -0.362500334494460E+001
  0.100000000000000E+001  0.125976148776452E+006  0.104739198254130E+001 -0.297287474273681E+001
  0.100000000000000E+001  0.191789525254927E+006 -0.830852815410849E+000  0.459516735872937E+001
  0.100000000000000E+001  0.437362415839874E+006 -0.111047529116956E+001 -0.629399535810288E+001
  0.100000000000000E+001  0.838293885019547E+007 -0.200891917398013E+002 -0.984493824939693E+001
  0.100000000000000E+001  0.412588499446477E+006 -0.737741839737491E+000 -0.756178698838022E+001
  0.100000000000000E+001  0.370519226354246E+007  0.204515129173083E+002  0.992864085169707E-001
  0.100000000000000E+001  0.753320825237728E+007 -0.210001056161952E+002  0.480354065034262E+001
  0.100000000000000E+001  0.427290757351948E+007 -0.152600100527301E+002  0.596361984830163E+001
  0.100000000000000E+001  0.384356264907902E+006  0.968663837666078E+001 -0.417016558419468E+001
  0.100000000000000E+001  0.163105182664515E+007 -0.861811110049315E+001  0.769356812779357E+001
  0.100000000000000E+001  0.470831647689796E+007  0.220165035473343E+002  0.389152011176123E+001
  0.100000000000000E+001  0.380587169396842E+004  0.451226037959939E+001 -0.409379104808921E+001
  0.100000000000000E+001  0.184558409712261E+006  0.623983610886757E+001  0.755226763156047E+001
  0.100000000000000E+001  0.420723866729232E+006  0.102031518011172E+002 -0.604025876376564E+001
  0.100000000000000E+001  0.620932174733786E+004  0.291234902616791E+001  0.764734722323320E+001
  0.100000000000000E+001  0.114478901066787E+005  0.382730393539645E+001 -0.564553574929830E+001
  0.100000000000000E+001  0.846873720400630E+005  0.584744811375909E+001  0.238272029014593E+001
  0.100000000000000E+001  0.776388953466587E+006 -0.383224094201813E+001 -0.120171578144175E+001
  0.100000000000000E+001  0.105987264967569E+008 -0.236464687690818E+002 -0.716111136006426E+001
  0.100000000000000E+001  0.134590408980110E+005  0.546658049823493E+001 -0.844708637049971E+001
  0.100000000000000E+001  0.300647319759483E+007 -0.125325865906482E+002  0.718437388069920E+001
  0.100000000000000E+001  0.124528698062252E+007 -0.748347621603816E+001  0.958425586649187E+001
  0.100000000000000E+001  0.286776394833830E+006  0.453672808835832E+000 -0.904722562170692E+001
  0.100000000000000E+001  0.465148044576217E+006 -0.241712731716349E+001  0.916556249341060E+000
  0.100000000000000E+001  0.947073354189976E+006 -0.356049966205351E+001 -0.808490606196032E+001
  0.100000000000000E+001  0.207657026837268E+007 -0.891994185006361E+001  0.118836633141502E+000
  0.100000000000000E+001  0.137337254075078E+007 -0.499897235203703E+001 -0.999261787759841E+001
  0.100000000000000E+001  0.103695958141277E+007 -0.607173436829449E+001  0.574692067235505E+001
  0.100000000000000E+001  0.107785385599479E+007 -0.479158426157986E+001 -0.387442782952666E+001
  0.100000000000000E+001  0.122839105755123E+007 -0.643205506465888E+001  0.287688241683482E+001
  0.100000000000000E+001  0.894583630171600E+004  0.508724295280569E+001 -0.707077782501918E+001
  0.100000000000000E+001  0.117773755287749E+008  0.349804979732765E+002 -0.914517398842856E+001
  0.100000000000000E+001  0.144111584464881E+007  0.152538621321040E+002 -0.754575140475542E+001
  0.100000000000000E+001  0.209091386150636E+006 -0.148793544464880E+001  0.805454846974594E+001
  0.100000000000000E+001  0.959647565176047E+005  0.264233179913911E-001  0.651446891167902E+001
  0.100000000000000E+001  0.415884359296143E+005  0.529633570991988E+001  0.100135704962960E+001
  0.100000000000000E+001  0.634502050389774E+006 -0.267332619639347E+001 -0.391303592168527E+001
  0.100000000000000E+001  0.992180099918422E+006  0.128518574072402E+002 -0.331321796315000E+001
  0.100000000000000E+001  0.132765493664545E+006  0.240345320137594E+000  0.167961571868276E+001
  0.100000000000000E+001  0.124285982656379E+007 -0.697275589331148E+001  0.614119042328822E+001
  0.100000000000000E+001  0.170213934470158E+007 -0.822669108544442E+001  0.342036663757165E+001
  0.100000000000000E+001  0.107149592659083E+007 -0.471561604766984E+001 -0.419093681408204E+001
  0.100000000000000E+001  0.527822258002029E+007 -0.154867365397426E+002 -0.582908428233452E+001
  0.100000000000000E+001  0.105787721809750E+007 -0.580934203194745E+001  0.337066713426441E+001
  0.100000000000000E+001  0.995914713916943E+007 -0.234588927255782E+002 -0.268156260463702E+001
  0.100000000000000E+001  0.129808096696209E+007  0.141996551041492E+002 -0.397048332572878E+001
  0.100000000000000E+001  0.707275120879285E+005  0.268721847327083E+001 -0.787913768048511E+001
  0.100000000000000E+001  0.471125322496531E+005  0.641292744757193E+001 -0.650974510665169E+001
  0.100000000000000E+001  0.393410056850108E+005  0.283351528973053E+001 -0.524042807229669E+001
  0.100000000000000E+001  0.134220864263373E+007 -0.523632237703730E+001 -0.775678034449750E+001
  0.100000000000000E+001  0.121394754621750E+006  0.164454125372559E+001 -0.622249370570828E+001
  0.100000000000000E+001  0.928744605015699E+006 -0.591138517453036E+001  0.791963396571031E+001
  0.100000000000000E+001  0.316293150202667E+006 -0.307450585106879E+000 -0.587952565184138E+001
  0.100000000000000E+001  0.662266743460319E+004  0.288319800760789E+001  0.789664207448304E+001
  0.100000000000000E+001  0.989894793425829E+005 -0.881706997670646E-002  0.645817445406039E+001
  0.100000000000000E+001  0.936244278983888E+006 -0.322967822399513E+001 -0.984400662950908E+001
  0.100000000000000E+001  0.550468704330524E+007  0.227591589275959E+002  0.910551925447301E+001
  0.100000000000000E+001  0.281868870120068E+006  0.370969883466325E+000 -0.831023174389835E+001
  0.100000000000000E+001  0.524317762084416E+006  0.975348307380003E+001  0.155908594403538E+001
  0.100000000000000E+001  0.194752339109763E+007  0.166105312504080E+002 -0.514867526057486E+001
  0.100000000000000E+001  0.545224706220168E+006 -0.375868781055596E+001  0.666384930194086E+001
  0.100000000000000E+001  0.116220988036357E+007 -0.656762987686645E+001  0.557074511716224E+001
  0.100000000000000E+001  0.488246747464264E+007 -0.159951425104322E+002  0.256185648654328E+001
  0.100000000000000E+001  0.115628674430292E+005  0.336421180605638E+001  0.719644021692557E+001
  0.100000000000000E+001  0.488185171149126E+006 -0.344034547833129E+001  0.686545275126634E+001
  0.100000000000000E+001  0.170809379536442E+006  0.749785338868971E+001 -0.153136136775828E+001
  0.100000000000000E+001  0.154074620296868E+006  0.149787050193528E+001 -0.767520032156318E+001
  0.100000000000000E+001  0.198741014151352E+007 -0.810697040720994E+001 -0.341926710257818E+001
  0.100000000000000E+001  0.228817409824223E+006 -0.724488811962627E+000  0.147906956805432E+001
  0.100000000000000E+001  0.785244302347247E+006  0.990115481622097E+001  0.972656538710826E+001
  0.100000000000000E+001  0.625590416644889E+006  0.998307240239227E+001  0.388196291781161E+001
  0.100000000000000E+001  0.270874262948404E+007 -0.962096891135314E+001 -0.696468939836589E+001
  0.100000000000000E+001  0.404051132692700E+006  0.100182689729916E+002 -0.553710567914428E+001
  0.100000000000000E+001  0.571907694793840E+005  0.534486375954057E+000  0.744686559742386E+001
  0.100000000000000E+001  0.144151597863466E+007 -0.726262588888913E+001  0.304431468093173E+001
  0.100000000000000E+001  0.144599438753971E+007 -0.535118179197981E+001 -0.946368744053952E+001
  0.100000000000000E+001  0.128084820134100E+006  0.104571408584655E+001 -0.312340329329446E+001
  0.100000000000000E+001  0.843199841323395E+006 -0.421865688133406E+001 -0.794760909683504E+000
  0.100000000000000E+001  0.179144035420785E+007  0.153186746078205E+002  0.202124730136411E+000
  0.100000000000000E+001  0.202386957458049E+007 -0.782167150512096E+001 -0.599285618563127E+001
  0.100000000000000E+001  0.389281503280077E+006  0.897897873463106E+001  0.896835390339080E+000
  0.100000000000000E+001  0.248553293668442E+005  0.340268129474536E+001 -0.618729977733955E+001
  0.100000000000000E+001  0.183530723904316E+007  0.167651098661981E+002 -0.866456891140713E+001
  0.100000000000000E+001  0.272214603992872E+007 -0.923793953766959E+001 -0.964871428275938E+001
  0.100000000000000E+001  0.473017788839727E+007 -0.148399574185363E+002 -0.306609130988845E+001
  0.100000000000000E+001  0.948939542509384E+005 -0.228101778031262E+000  0.855020194713730E+001
  0.100000000000000E+001  0.852480504623985E+006 -0.460195190566780E+001  0.144138344717465E+001
  0.100000000000000E+001  0.118670968278509E+005  0.409419609953596E+001 -0.685578741359024E+001
  0.100000000000000E+001  0.790450049735126E+006 -0.256082657131639E+001 -0.971116824415020E+001
  0.100000000000000E+001  0.210823209024263E+004  0.421604977235613E+001 -0.285939265126409E+001
  0.100000000000000E+001  0.261614449877112E+004  0.362300407257606E+001  0.302703207213602E+001
  0.100000000000000E+001  0.215009198585173E+006 -0.105414150435362E+000 -0.171921258254550E+001
  0.100000000000000E+001  0.935040319560713E+006 -0.572963450749003E+001  0.647332248503238E+001
  0.100000000000000E+001  0.389892601347000E+006 -0.281322362299072E+001  0.703015073434431E+001
  0.100000000000000E+001  0.116293179717876E+006  0.101729478166474E+001 -0.202436888524328E+001
  0.100000000000000E+001  0.163456436399172E+006  0.563350600794005E+001  0.984308978241555E+001
  0.100000000000000E+001  0.287524184622332E+007  0.174256847957278E+002  0.685200435105238E+001
  0.100000000000000E+001  0.773639938570377E+006 -0.331750598477668E+001 -0.443557934742957E+001
  0.100000000000000E+001  0.192370631810781E+007 -0.777421736163688E+001 -0.428814175054574E+001
  0.100000000000000E+001  0.294278491904912E+006 -0.160465460642121E+001  0.363304498382655E+001
  0.100000000000000E+001  0.398236633777972E+004  0.365221027756438E+001  0.348849135700310E+001
  0.100000000000000E+001  0.328510238240217E+007 -0.108022283468064E+002 -0.873411589205790E+001
  0.100000000000000E+001  0.192677153618041E+006  0.743498378942994E+000 -0.564772962132824E+001
  0.100000000000000E+001  0.409436208675479E+007 -0.136000658912841E+002 -0.252936899676305E+001
  0.100000000000000E+001  0.131492569634659E+007 -0.553674464510774E+001 -0.518017870090693E+001
  0.100000000000000E+001  0.866997579118904E+006  0.105107045855298E+002  0.836500819720646E+001
  0.100000000000000E+001  0.200387493893784E+007  0.155859582497964E+002  0.289191775859782E+001
  0.100000000000000E+001  0.881731628246663E+005  0.702133294763873E+000  0.253495389516571E+001
  0.100000000000000E+001  0.116539419551728E+008 -0.262912904074648E+002  0.115971309793414E+001
  0.100000000000000E+001  0.124107734582302E+007 -0.648251620291900E+001  0.288118248821094E+001
  0.100000000000000E+001  0.100819197728874E+006  0.187683472748298E-001  0.606944121372612E+001
  0.100000000000000E+001  0.144498103567998E+007  0.135482096956241E+002  0.403768110389325E+001
  0.100000000000000E+001  0.304452019162417E+005  0.126377424661467E+001  0.631886720277660E+001
  0.100000000000000E+001  0.222573595679848E+007 -0.870440429761717E+001 -0.419726008704734E+001
  0.100000000000000E+001  0.250747340093964E+007 -0.928644049849501E+001 -0.560975836564484E+001
  0.100000000000000E+001  0.259252914511801E+006  0.757904080936318E+001  0.351337637709644E+001
  0.100000000000000E+001  0.345049886844406E+006 -0.269467370029079E+001  0.848987518544286E+001
  0.100000000000000E+001  0.424854854524543E+004  0.372629469850359E+001 -0.304751216947972E+001
  0.100000000000000E+001  0.630921428537783E+005  0.259351811712450E+001 -0.661229777758128E+001
  0.100000000000000E+001  0.882223691340584E+006 -0.348681973810053E+001 -0.667819408527677E+001
  0.100000000000000E+001  0.106216476787791E+006  0.723136096576629E+001 -0.514972071892901E+001
  0.100000000000000E+001  0.680016434994818E+006 -0.309465109966844E+001 -0.278471605212575E+001
  0.100000000000000E+001  0.138807103720727E+006  0.144921901415796E+001 -0.634310898112931E+001
  0.100000000000000E+001  0.169765742802062E+007 -0.759483975913677E+001 -0.671900223921561E+000
  0.100000000000000E+001  0.139814783181416E+007  0.126460219080295E+002  0.876614432150942E+001
  0.100000000000000E+001  0.380376622798985E+006  0.864780469322315E+001  0.267072935288599E+001
  0.100000000000000E+001  0.687088150598407E+005  0.584958053509542E+001  0.701143435338169E+000
  0.100000000000000E+001  0.884840400169914E+005  0.780108413899024E+000  0.197738113988628E+001
  0.100000000000000E+001  0.581968088574698E+006 -0.200185662075529E+001 -0.629373579770235E+001
  0.100000000000000E+001  0.455386056457157E+006  0.843734837821205E+001  0.728345237113825E+001
  0.100000000000000E+001  0.204400612986358E+006  0.791327998796442E+001 -0.205587472350446E+001
  0.100000000000000E+001  0.851000775611205E+006 -0.551141513469979E+001  0.764705566266280E+001
  0.100000000000000E+001  0.307050284517531E+007  0.176590692087258E+002  0.854738204975181E+001
  0.100000000000000E+001  0.675710143797601E+006 -0.303178307936848E+001 -0.304230501405782E+001
  0.100000000000000E+001  0.132090982235319E+007  0.137990473250760E+002 -0.673205828493513E+000
  0.100000000000000E+001  0.112207487398691E+006  0.112419239101879E+000  0.430674003763295E+001
  0.100000000000000E+001  0.800165608948612E+006  0.116003514507733E+002 -0.842178548392972E+000
  0.100000000000000E+001  0.414960898136875E+007 -0.150198517961453E+002  0.611192270852306E+001
  0.100000000000000E+001  0.278999843250388E+007 -0.116825341691978E+002  0.519468777455214E+001
  0.100000000000000E+001  0.280885356102819E+007 -0.100293442422057E+002 -0.602823430571968E+001
  0.100000000000000E+001  0.622712591102923E+006 -0.288475542435725E+001 -0.213712178472646E+001
  0.100000000000000E+001  0.101679050832922E+007 -0.562753711600793E+001  0.333208376324883E+001
  0.100000000000000E+001  0.738681372037199E+006 -0.350869765631027E+001 -0.207546817001013E+001
  0.100000000000000E+001  0.662529482371853E+006 -0.343756334242063E+001  0.528697504239801E-001
  0.100000000000000E+001  0.207381200947078E+006  0.713876454973843E+001  0.332215699263755E+001
  0.100000000000000E+001  0.313180336128200E+006  0.900659224254779E+001 -0.311242310961879E+001
  0.100000000000000E+001  0.906423880370127E+005  0.491633320324020E+001  0.862719046795807E+001
  0.100000000000000E+001  0.722266780410218E+006 -0.514190278258985E+001  0.950446592895118E+001
  0.100000000000000E+001  0.450332637565248E+007 -0.153872832032058E+002  0.360095097376413E+001
  0.100000000000000E+001  0.161627803339949E+006 -0.102302797135734E+001  0.822683125236240E+001
  0.100000000000000E+001  0.144744726703327E+008 -0.290709139657716E+002 -0.300428103051420E+001
  0.100000000000000E+001  0.100052398656351E+007 -0.520570928836119E+001  0.991629411791628E+000
  0.100000000000000E+001  0.538434322187251E+005  0.432123694581134E+000  0.879469656576209E+001
  0.100000000000000E+001  0.210309896208684E+006  0.660548527165678E+000 -0.619741498985016E+001
  0.100000000000000E+001  0.305113854503699E+007 -0.109839039396286E+002 -0.384371390770199E+001
  0.100000000000000E+001  0.448643983186538E+006 -0.190666684363442E+001 -0.172217818288950E+001
  0.100000000000000E+001  0.157196479694501E+006  0.117375275579934E+001 -0.597170407512111E+001
  0.100000000000000E+001  0.113231260344607E+007 -0.705476998488595E+001  0.975689725974998E+001
  0.100000000000000E+001  0.684299016369324E+006 -0.484871142239407E+001  0.883933509988652E+001
  0.100000000000000E+001  0.281935073186700E+007 -0.120619174916433E+002  0.723872453159228E+001
  0.100000000000000E+001  0.392998020215024E+006 -0.577086143489448E+000 -0.771205675852766E+001
  0.100000000000000E+001  0.409899010782083E+007 -0.150793598884859E+002  0.724576588817565E+001
  0.100000000000000E+001  0.210381711683044E+007 -0.855757960747646E+001 -0.279851948761568E+001
  0.100000000000000E+001  0.217058910822131E+006  0.459220858292312E+000 -0.536613580501644E+001
  0.100000000000000E+001  0.195191853400156E+005  0.276158817245326E+001 -0.181067943889829E+001
  0.100000000000000E+001  0.196667672913690E+006  0.741444245686303E+001  0.826741953867657E+000
  0.100000000000000E+001  0.551437218041444E+007 -0.159679795853426E+002 -0.558479359296722E+001
  0.100000000000000E+001  0.138667971851451E+008 -0.277295697817228E+002 -0.718696724747212E+001
  0.100000000000000E+001  0.593715842213039E+004  0.271617127406239E+001  0.194160887066831E+001
  0.100000000000000E+001  0.364103255311401E+007 -0.127892498015542E+002 -0.124526384316595E+001
  0.100000000000000E+001  0.135272915024649E+007  0.133756161182825E+002  0.293612834359795E+001
  0.100000000000000E+001  0.342620305623292E+006 -0.279930679308988E+001  0.937257717591285E+001
  0.100000000000000E+001  0.440908698259450E+006  0.971263442543373E+001 -0.168906205160721E+001
  0.100000000000000E+001  0.565185556310603E+006  0.983375464502172E+001  0.262338239689463E+001
  0.100000000000000E+001  0.111883318195856E+006  0.628121695952488E+001  0.203051670240124E+001
  0.100000000000000E+001  0.115009564491021E+007 -0.571207999909800E+001  0.176813980897716E+000
  0.100000000000000E+001  0.174815409738447E+007  0.164576246168337E+002 -0.850786908715461E+001
  0.100000000000000E+001  0.396175189124198E+005  0.617233574479669E+001 -0.589499227019364E+001
  0.100000000000000E+001  0.427829649723921E+005  0.140049348753303E+001  0.315615758979209E+001
  0.100000000000000E+001  0.153767088268837E+006  0.805458680654309E+001 -0.690722684783725E+001
  0.100000000000000E+001  0.294980859962421E+006 -0.231519300831939E+001  0.856348466732084E+001
  0.100000000000000E+001  0.964827040444148E+006  0.114523232370462E+002  0.518996893740803E+001
  0.100000000000000E+001  0.517305887550950E+005  0.429719498156073E+001  0.834446623281254E+001
  0.100000000000000E+001  0.495324383521014E+005  0.577187830315842E+001 -0.115459464490188E+001
  0.100000000000000E+001  0.198916981279042E+007  0.156765290005860E+002  0.199401293930942E+001
  0.100000000000000E+001  0.580932491497253E+007 -0.162674798351101E+002 -0.715776521274816E+001
  0.100000000000000E+001  0.984052869121347E+006 -0.574937768116649E+001  0.511827545747920E+001
  0.100000000000000E+001  0.129090826473395E+007  0.128560402806526E+002  0.480182178358513E+001
  0.100000000000000E+001  0.343652776474003E+007 -0.113435451482911E+002 -0.757273253266668E+001
  0.100000000000000E+001  0.728577069296617E+006 -0.494408356375263E+001  0.789505737103780E+001
  0.100000000000000E+001  0.146876979983289E+007 -0.694968029373715E+001  0.310121027693409E+000
  0.100000000000000E+001  0.799330415409311E+005  0.204288654746546E+001 -0.510962278510710E+001
  0.100000000000000E+001  0.603308267296766E+006 -0.261994452268281E+001 -0.314516653884831E+001
  0.100000000000000E+001  0.732085458418013E+006  0.118275408306195E+002 -0.471142917456048E+001
  0.100000000000000E+001  0.137348210698069E+007 -0.605157922245140E+001 -0.328243218603725E+001
  0.100000000000000E+001  0.263207393061249E+004  0.428287904836916E+001 -0.185355994159161E+001
  0.100000000000000E+001  0.695130663023250E+006  0.101155725544412E+002  0.544538961216178E+001
  0.100000000000000E+001  0.124776038419587E+007 -0.498108907527973E+001 -0.707118858484739E+001
  0.100000000000000E+001  0.206524603952022E+007  0.171544581155089E+002 -0.638457216180230E+001
  0.100000000000000E+001  0.846211641915252E+007 -0.221746199045677E+002  0.307468804171100E+001
  0.100000000000000E+001  0.133926582950921E+007 -0.776457965621240E+001  0.902688095091638E+001
  0.100000000000000E+001  0.408790050765739E+006 -0.173617024338515E+001 -0.110456215468353E+001
  0.100000000000000E+001  0.159768068372266E+006  0.841168510531392E+001 -0.914466315642853E+001
  0.100000000000000E+001  0.301252697256682E+007 -0.106960658046084E+002 -0.508650960549313E+001
  0.100000000000000E+001  0.106962446283327E+007 -0.436729428918164E+001 -0.636694702945000E+001
  0.100000000000000E+001  0.751132213150825E+003  0.304137451263635E+001  0.336620397049461E+001
  0.100000000000000E+001  0.687498460412762E+007 -0.199142670242561E+002  0.469974036233083E+001
  0.100000000000000E+001  0.117121645887243E+007 -0.653963330282473E+001  0.513401687767498E+001
  0.100000000000000E+001  0.612389403232994E+004  0.296120374323589E+001  0.276019763490460E+000
  0.100000000000000E+001  0.429046163280644E+006 -0.128487979575689E+001 -0.485853574185918E+001
  0.100000000000000E+001  0.225655291419971E+007 -0.966365292399969E+001  0.150947469277693E+001
  0.100000000000000E+001  0.222601871326173E+006  0.862823787879834E+001 -0.591270954223183E+001
  0.100000000000000E+001  0.747227599188835E+004  0.200652559231193E+001  0.785253580416070E+001
  0.100000000000000E+001  0.154218903916334E+005  0.465684371407959E+001 -0.967769433326047E+001
  0.100000000000000E+001  0.310254072376564E+007 -0.113186895008987E+002 -0.249181509209407E+001
  0.100000000000000E+001  0.184532808674442E+006  0.149773131093474E+001 -0.960318797765327E+001
  0.100000000000000E+001  0.280833126570733E+007  0.173124683147947E+002  0.646093017781425E+001
  0.100000000000000E+001  0.114809628079998E+007 -0.708777296462990E+001  0.953659900322576E+001
  0.100000000000000E+001  0.349783287212640E+006  0.101834077997962E+002 -0.957049422339287E+001
  0.100000000000000E+001  0.198340114984790E+007 -0.987052178993957E+001  0.841827957707127E+001
  0.100000000000000E+001  0.659208394264808E+006 -0.278318054897872E+001 -0.406937030169071E+001
  0.100000000000000E+001  0.191419050155764E+006 -0.130592178914595E+001  0.799900945486216E+001
  0.100000000000000E+001  0.325812445147194E+007 -0.118492565951093E+002 -0.150876617300498E+001
  0.100000000000000E+001  0.786333777536524E+005  0.701447402659806E-001  0.816526644469041E+001
  0.100000000000000E+001  0.316283470523445E+007 -0.125691299209886E+002  0.481210680812249E+001
  0.100000000000000E+001  0.924292236509067E+006 -0.333377104230204E+001 -0.885731815245939E+001
  0.100000000000000E+001  0.171403090652996E+007  0.160011921458150E+002 -0.614061926672806E+001
  0.100000000000000E+001  0.384013186551076E+005  0.710699274065378E+000  0.931248150194093E+001
  0.100000000000000E+001  0.244895238515402E+007 -0.103118532252362E+002  0.217947857071817E+001
  0.100000000000000E+001  0.193048766911965E+007 -0.960076008640839E+001  0.770472771428255E+001
  0.100000000000000E+001  0.219694957110209E+006  0.721323514318263E+001  0.359322282660532E+001
  0.100000000000000E+001  0.162072314202220E+005  0.455285727776702E+001  0.148717137863238E+001
  0.100000000000000E+001  0.756143130209040E+006  0.104456060099799E+002  0.533510869081325E+001
  0.100000000000000E+001  0.328336799290224E+005  0.231107551502157E+001 -0.132691229198064E+001
  0.100000000000000E+001  0.151095404926995E+008 -0.315957292237838E+002  0.899422666992653E+001
  0.100000000000000E+001  0.485498138615738E+006 -0.298151243876004E+001  0.383111497234798E+001
  0.100000000000000E+001  0.185344208277625E+007  0.152533442728381E+002  0.196680586415864E+001
  0.100000000000000E+001  0.209296529223347E+006  0.783400754013993E+001 -0.118418596403835E+001
  0.100000000000000E+001  0.523296184343366E+007 -0.148296108972336E+002 -0.953046586955324E+001
  0.100000000000000E+001  0.940599881449818E+006 -0.411078067503762E+001 -0.441056950756388E+001
  0.100000000000000E+001  0.328193511419007E+006  0.718114393840808E+001  0.952382376614186E+001
  0.100000000000000E+001  0.796843765031589E+007 -0.201840992233163E+002 -0.510351382321294E+001
  0.100000000000000E+001  0.200682525225292E+007 -0.101421744385335E+002  0.978364958597750E+001
  0.100000000000000E+001  0.382535259173787E+007 -0.143127954783946E+002  0.612376868318163E+001
  0.100000000000000E+001  0.771432303186915E+006 -0.418982750413826E+001  0.131167656904630E+001
  0.100000000000000E+001  0.143558787670116E+007 -0.743345360279414E+001  0.433536389027883E+001
  0.100000000000000E+001  0.230999935810913E+006 -0.130936416202249E+001  0.532368306207199E+001
  0.100000000000000E+001  0.962648285644556E+003  0.380793782893650E+001 -0.137940224978477E+001
  0.100000000000000E+001  0.112579342920482E+008 -0.250040096421631E+002 -0.396835079514960E+001
  0.100000000000000E+001  0.208372562425320E+007  0.173220730003872E+002 -0.714986525253751E+001
  0.100000000000000E+001  0.718105892342641E+006 -0.482998780422173E+001  0.747722963854581E+001
  0.100000000000000E+001  0.426800085797615E+006  0.104529373071729E+002 -0.753550607451892E+001
  0.100000000000000E+001  0.734231893923393E+006  0.111641200093482E+002 -0.119337316228512E+000
  0.100000000000000E+001  0.574043666454863E+006  0.102829331737930E+002 -0.173242325599450E-001
  0.100000000000000E+001  0.137940698026627E+004  0.320980236871736E+001  0.421937568072529E+001
  0.100000000000000E+001  0.504848991536440E+006 -0.379277996769655E+001  0.860913131639131E+001
  0.100000000000000E+001  0.648248502667955E+006 -0.230381158059458E+001 -0.672475184280631E+001
  0.100000000000000E+001  0.156154962709059E+005  0.562044998500537E+001 -0.902688831378858E+001
  0.100000000000000E+001  0.347506627423405E+006 -0.584911202068028E+000 -0.563774824020807E+001
  0.100000000000000E+001  0.215005744945937E+007 -0.802568592997051E+001 -0.713491782219656E+001
  0.100000000000000E+001  0.147795582332207E+007  0.151641627314407E+002 -0.600512200395972E+001
  0.100000000000000E+001  0.974082751651092E+007 -0.244464360428926E+002  0.588662414653111E+001
  0.100000000000000E+001  0.115298881126442E+005  0.374762825534193E+001 -0.531113470627371E+001
  0.100000000000000E+001  0.898784850920617E+004  0.424852242301914E+001  0.161177741980761E+001
  0.100000000000000E+001  0.167266890169163E+006  0.461089169425256E+000 -0.227450393046489E+001
  0.100000000000000E+001  0.324912428622068E+007 -0.109277051032294E+002 -0.736675725234132E+001
  0.100000000000000E+001  0.103778138999051E+007 -0.631328053059193E+001  0.737481608667780E+001
  0.100000000000000E+001  0.118806410623304E+006  0.710082457142619E+001 -0.297149188627718E+001
  0.100000000000000E+001  0.278687169285371E+006  0.377864650934888E+000 -0.819184641224151E+001
  0.100000000000000E+001  0.126106166009356E+007  0.139931207083972E+002 -0.353714192218922E+001
  0.100000000000000E+001  0.378226604991575E+007  0.203693776080985E+002  0.179903592829990E+001
  0.100000000000000E+001  0.612105517256132E+007  0.244875458097337E+002  0.510047476020528E+001
  0.100000000000000E+001  0.835813317570406E+004  0.485118448847254E+001 -0.335474535080448E+001
  0.100000000000000E+001  0.267421592420340E+006 -0.214779825475658E+001  0.901054954239572E+001
  0.100000000000000E+001  0.553687645863432E+006  0.973704793662764E+001  0.281775102997959E+001
  0.100000000000000E+001  0.594387372169999E+005  0.315707268283224E+001 -0.925586215428599E+001
  0.100000000000000E+001  0.331774701031944E+005  0.340491022673144E+001 -0.742634653175108E+001
  0.100000000000000E+001  0.246671632915746E+005  0.215276818337391E+001  0.100933808456136E+001
  0.100000000000000E+001  0.224033161237905E+006  0.885191170400412E+001 -0.746489408835975E+001
  0.100000000000000E+001  0.151040947476139E+007  0.135939100776122E+002  0.527322414673233E+001
  0.100000000000000E+001  0.701726715324759E+004  0.410432812350635E+001 -0.551926728372638E+001
  0.100000000000000E+001  0.401062774752616E+006 -0.216588166141720E+001  0.207214119217150E+001
  0.100000000000000E+001  0.237608329988721E+007  0.161141417418235E+002  0.662592870306541E+001
  0.100000000000000E+001  0.599325897291753E+006  0.108607533170659E+002 -0.295796669690497E+001
  0.100000000000000E+001  0.220447758811961E+007 -0.833828459149107E+001 -0.616139757096509E+001
  0.100000000000000E+001  0.554223654316393E+007 -0.158545652217784E+002 -0.666017582546267E+001
  0.100000000000000E+001  0.329203466940877E+005  0.621406646698622E+001 -0.787400200119309E+001
  0.100000000000000E+001  0.351786372212972E+006  0.916311868337353E+001 -0.216853015596421E+001
  0.100000000000000E+001  0.284447761652533E+006  0.792228686281196E+001  0.265339520587960E+001
  0.100000000000000E+001  0.733971096846819E+006  0.101598451875975E+002  0.645151677150189E+001
  0.100000000000000E+001  0.877240027556671E+005  0.233596086398359E+001 -0.748083820059278E+001
