  0.345128779096195E+001  0.142375898275437E+001 -0.710781121272114E+002
  0.347875284415210E+001  0.133590595702053E+001 -0.711500551019557E+002
  0.347258844533884E+001  0.127819958507087E+001 -0.710777283847933E+002
  0.344976545509476E+001  0.143216737211157E+001 -0.711643428341957E+002
  0.345907493413829E+001  0.136668139638238E+001 -0.708635464657515E+002
  0.346259896921001E+001  0.135983310540824E+001 -0.706967827639298E+002
  0.346842580538194E+001  0.135272992577349E+001 -0.706192233897637E+002
  0.348198040913244E+001  0.125061591170100E+001 -0.710897463528318E+002
  0.345682316302169E+001  0.138168578203637E+001 -0.709029257256995E+002
  0.346823075255789E+001  0.135384501188577E+001 -0.706194124227128E+002
  0.347793512165096E+001  0.127000752373788E+001 -0.709347190249530E+002
  0.348270813851358E+001  0.127204245474053E+001 -0.709730862923078E+002
  0.347499484638665E+001  0.131913643463783E+001 -0.706989496141023E+002
  0.344935382313644E+001  0.144547467702230E+001 -0.711898427094429E+002
  0.347119001306104E+001  0.135334621711633E+001 -0.707194745224843E+002
  0.345887284951317E+001  0.137625580580565E+001 -0.707986311293427E+002
  0.345167183287205E+001  0.145436365067838E+001 -0.711845944490581E+002
  0.346314817903062E+001  0.136138898649780E+001 -0.706665874394312E+002
  0.345910881839586E+001  0.135775170333603E+001 -0.709654329586818E+002
  0.345425815918975E+001  0.138495655399275E+001 -0.711062724031503E+002
  0.346585384171406E+001  0.132313591965015E+001 -0.708597054017997E+002
  0.345909475183249E+001  0.135579846983554E+001 -0.709939632871260E+002
  0.346936198591331E+001  0.132448093642609E+001 -0.706642199133753E+002
  0.344887749759051E+001  0.144499433590290E+001 -0.712148607848611E+002
  0.345455662973640E+001  0.141498967479797E+001 -0.709064337272695E+002
  0.347869475859450E+001  0.129060491148540E+001 -0.708040225834024E+002
  0.347584046014067E+001  0.129431859683468E+001 -0.707533154740774E+002
  0.347094393734390E+001  0.136700188214705E+001 -0.708556027137198E+002
  0.346721010216902E+001  0.135552597922197E+001 -0.706122869916559E+002
  0.345354381935753E+001  0.141049941298777E+001 -0.709676877135219E+002
  0.345816232490713E+001  0.135054299080609E+001 -0.711835648248299E+002
  0.347957755586006E+001  0.132200822971557E+001 -0.710366468267734E+002
  0.346032943509458E+001  0.141282230118545E+001 -0.708542671114296E+002
  0.346504441130716E+001  0.136047229753448E+001 -0.706224422107801E+002
  0.345504829454238E+001  0.137518394745465E+001 -0.711497756992013E+002
  0.348226525135629E+001  0.124124538437251E+001 -0.712039596207397E+002
  0.346986187995762E+001  0.132645787859327E+001 -0.706420356794465E+002
  0.347853901704271E+001  0.129011470459294E+001 -0.708007797231585E+002
  0.347058449635306E+001  0.130444487231606E+001 -0.708025635652990E+002
  0.345201213862161E+001  0.143710021260752E+001 -0.710524731395103E+002
  0.346028178125989E+001  0.137669916493756E+001 -0.707217280135924E+002
  0.348016656115407E+001  0.132111792912068E+001 -0.710866959910891E+002
  0.347884485406015E+001  0.131555102437032E+001 -0.709010148673004E+002
  0.346559682743432E+001  0.131150742932296E+001 -0.710753105969707E+002
  0.345221638046293E+001  0.143195887042095E+001 -0.710277955451198E+002
  0.347495182010312E+001  0.131307149870701E+001 -0.706900425936514E+002
  0.345827987107847E+001  0.141168825141041E+001 -0.708151519328120E+002
  0.347005258899802E+001  0.138754257728147E+001 -0.711199890783981E+002
  0.347124154188173E+001  0.128816835965641E+001 -0.710005452402402E+002
  0.346042147776337E+001  0.139019237750976E+001 -0.707074700893468E+002
  0.346197725522757E+001  0.140585171541461E+001 -0.708302922658541E+002
  0.348058016105704E+001  0.130764649008086E+001 -0.709751918790454E+002
  0.345817281045249E+001  0.143262421863838E+001 -0.710332847847741E+002
  0.348559056573973E+001  0.124567407596736E+001 -0.711708715442074E+002
  0.347764363963316E+001  0.129546569765211E+001 -0.707687293146329E+002
  0.347962892682213E+001  0.129922817786361E+001 -0.708532369969433E+002
  0.345404401518476E+001  0.141954755103256E+001 -0.709313275381391E+002
  0.347237472011658E+001  0.132403382999757E+001 -0.706414772661712E+002
  0.345829742947947E+001  0.140330887015601E+001 -0.707749480255315E+002
  0.346792387888489E+001  0.137957374909469E+001 -0.708092173425600E+002
  0.346713018754497E+001  0.136416836734837E+001 -0.706397461416075E+002
  0.347347191485300E+001  0.135536878008168E+001 -0.709037699242412E+002
  0.347900467808803E+001  0.129297028796075E+001 -0.708122038601461E+002
  0.345078713606034E+001  0.140897819432649E+001 -0.712103659719980E+002
  0.346941003253086E+001  0.131912172420096E+001 -0.707029955881271E+002
  0.345214070382644E+001  0.140726948675248E+001 -0.710937178240294E+002
  0.346551139594890E+001  0.137134870183277E+001 -0.706444674711582E+002
  0.347433401214668E+001  0.133373992250139E+001 -0.707382964471121E+002
  0.346150632684791E+001  0.142715868621095E+001 -0.711288264311770E+002
  0.347807689706827E+001  0.132977232067194E+001 -0.709864657297368E+002
  0.345875360197529E+001  0.135085658800929E+001 -0.711078440001265E+002
  0.347170927417125E+001  0.130398966541762E+001 -0.707579951536652E+002
  0.346076859221808E+001  0.142084273237411E+001 -0.709758725097272E+002
  0.347788164302668E+001  0.128452648111891E+001 -0.708122736747145E+002
  0.347095469191008E+001  0.137527153799319E+001 -0.709830805009834E+002
  0.348291922148737E+001  0.128997253110126E+001 -0.710356081637600E+002
  0.346300365567169E+001  0.135493258380657E+001 -0.707082017579129E+002
  0.346096640637789E+001  0.140934676828084E+001 -0.708352859888861E+002
  0.347932722426906E+001  0.129510304177900E+001 -0.708270095426591E+002
  0.345024675043289E+001  0.143850155824619E+001 -0.711313556551865E+002
  0.346344159491698E+001  0.142338466182021E+001 -0.712107376659131E+002
  0.346003964409057E+001  0.140004116245169E+001 -0.707465026964449E+002
  0.346980336864361E+001  0.130145626699163E+001 -0.708889976623335E+002
  0.347811494628914E+001  0.127172521509631E+001 -0.709126161008400E+002
  0.346826059984523E+001  0.137765524392701E+001 -0.708062127243849E+002
  0.348693406095610E+001  0.125308174755945E+001 -0.712096380450196E+002
  0.345353949037783E+001  0.141217749468180E+001 -0.709627880474266E+002
  0.345391458710414E+001  0.140022275260370E+001 -0.709932051978689E+002
  0.348125659228770E+001  0.130871287528129E+001 -0.710479908573798E+002
  0.348201281266022E+001  0.131254943836042E+001 -0.711754381373980E+002
  0.346267544772029E+001  0.133424192993353E+001 -0.709675798738458E+002
  0.346254399734787E+001  0.140463459079112E+001 -0.708382241459008E+002
  0.346962078357200E+001  0.136942987842935E+001 -0.707924326005003E+002
  0.347330703956543E+001  0.132767555646777E+001 -0.706644512285643E+002
  0.346179937695392E+001  0.133869284684844E+001 -0.709824072418006E+002
  0.346812488668623E+001  0.133524376847237E+001 -0.706350274369529E+002
  0.347010178376144E+001  0.128249544947997E+001 -0.712115560079669E+002
  0.347966081704697E+001  0.129359843753654E+001 -0.708400830233404E+002
  0.347996759475289E+001  0.125915047457525E+001 -0.710184860508733E+002
  0.347097274613107E+001  0.130795545418918E+001 -0.707464378768139E+002
  0.346207730013401E+001  0.135909146564664E+001 -0.707278410998033E+002
  0.345721411189206E+001  0.140088613982763E+001 -0.707995202722671E+002
  0.346235434011246E+001  0.137830225324454E+001 -0.706615402121595E+002
  0.347646883557956E+001  0.129572102808227E+001 -0.707487037160470E+002
  0.345653514585631E+001  0.142169048128965E+001 -0.708855369640367E+002
  0.345337781102121E+001  0.139193155288470E+001 -0.711170886047427E+002
  0.346668168943166E+001  0.133459106364331E+001 -0.706859637683549E+002
  0.345250597682595E+001  0.144293827934562E+001 -0.710751232869904E+002
  0.345481529022309E+001  0.137474357261789E+001 -0.711835893166517E+002
  0.347795601031063E+001  0.129159609888775E+001 -0.707840529268792E+002
  0.347501517425160E+001  0.132011371170426E+001 -0.707023704123746E+002
  0.347491147631018E+001  0.131235603637692E+001 -0.706892670407426E+002
  0.348506151219310E+001  0.128403822976846E+001 -0.711851451978434E+002
  0.346645202920210E+001  0.131171283983364E+001 -0.709888227714704E+002
  0.348230080153123E+001  0.130801092304623E+001 -0.711481483469422E+002
  0.346968647667231E+001  0.128588955964907E+001 -0.711799846439441E+002
  0.347782865547791E+001  0.126951391259994E+001 -0.709429471593996E+002
  0.345263958436477E+001  0.143273773324139E+001 -0.710148769928364E+002
  0.347944338396243E+001  0.126968345827842E+001 -0.709181647903531E+002
  0.345568142513148E+001  0.137197573871168E+001 -0.711243321428229E+002
  0.346751395262933E+001  0.130014883990757E+001 -0.711029758258512E+002
  0.346180508226256E+001  0.133591075892357E+001 -0.710272930163420E+002
  0.346382859094620E+001  0.131878346054758E+001 -0.711230097938943E+002
  0.348664192622372E+001  0.124788401112192E+001 -0.712018937678552E+002
  0.346750283242931E+001  0.139402570144328E+001 -0.709970426688143E+002
  0.346231827611228E+001  0.139577709412065E+001 -0.707419661037545E+002
  0.345968493089443E+001  0.143230918747283E+001 -0.711028668672171E+002
  0.345523030430495E+001  0.138954901999438E+001 -0.709663263673212E+002
  0.346007472677295E+001  0.142190184925583E+001 -0.709586767602274E+002
  0.347952504081091E+001  0.128682680520435E+001 -0.708344479370033E+002
  0.345302766365363E+001  0.142385785735064E+001 -0.709793462999139E+002
  0.347446746004346E+001  0.133701232987663E+001 -0.707719798779162E+002
  0.345118158291871E+001  0.144000194214811E+001 -0.710929210574206E+002
  0.347414566336747E+001  0.134945189013295E+001 -0.708821710795927E+002
  0.347394610086907E+001  0.135388463048282E+001 -0.709251202161815E+002
  0.348533107741734E+001  0.125343722568480E+001 -0.711259370542239E+002
  0.348294621168780E+001  0.128518035824634E+001 -0.710108387297277E+002
  0.346617703325776E+001  0.136230014300169E+001 -0.706198612168601E+002
  0.346966625630416E+001  0.128821494601218E+001 -0.711334683531691E+002
  0.345981577214788E+001  0.136062737057337E+001 -0.708675683106201E+002
  0.345177385567542E+001  0.141086119464047E+001 -0.711005934072862E+002
  0.346759022552706E+001  0.131841093268257E+001 -0.708015558110562E+002
  0.347364779913098E+001  0.136999876338513E+001 -0.711719921804799E+002
  0.347904870930337E+001  0.128132066899664E+001 -0.708401214987658E+002
  0.348323113320558E+001  0.125928130591248E+001 -0.710306875433712E+002
  0.346610778765545E+001  0.136068114593939E+001 -0.706164936876133E+002
  0.346963272566083E+001  0.134524516232379E+001 -0.706196351868174E+002
  0.348072411410042E+001  0.132033621212498E+001 -0.711375239783623E+002
  0.347014297549161E+001  0.137444532309877E+001 -0.708985043589288E+002
  0.345718465717890E+001  0.140817950379450E+001 -0.708108461506533E+002
  0.347082704709815E+001  0.135130803657184E+001 -0.706854722371868E+002
  0.346436825401536E+001  0.134376203270029E+001 -0.707232925181258E+002
  0.347157134217863E+001  0.133433083594416E+001 -0.706341324228859E+002
  0.347633429448761E+001  0.127661309008665E+001 -0.709009006479687E+002
  0.346002535346465E+001  0.140724123471172E+001 -0.707945746447281E+002
  0.346655056776796E+001  0.138760676234281E+001 -0.708283864819147E+002
  0.345382767536777E+001  0.140906778317367E+001 -0.709542976001649E+002
  0.345478537404354E+001  0.140539224805659E+001 -0.709073752796862E+002
  0.346267791978615E+001  0.134191015166385E+001 -0.708577019046757E+002
  0.347756891542414E+001  0.131990265439390E+001 -0.708410083266784E+002
  0.345970870538345E+001  0.137756613971728E+001 -0.707447466526116E+002
  0.348322186595455E+001  0.127665357217765E+001 -0.710015341808701E+002
  0.345712750702558E+001  0.138540457667024E+001 -0.708531334330085E+002
  0.348447013909868E+001  0.128541638893940E+001 -0.711394278274037E+002
  0.346118610159597E+001  0.136759526899983E+001 -0.707209343237633E+002
  0.347999042523323E+001  0.132657483958314E+001 -0.711458811379997E+002
  0.346020848646078E+001  0.143379888877156E+001 -0.711635555174408E+002
  0.347799014812849E+001  0.131539645140259E+001 -0.708368352165777E+002
  0.347533146261575E+001  0.132027008291595E+001 -0.707156651288502E+002
  0.347670053965027E+001  0.129471403317138E+001 -0.707548371743185E+002
  0.346873242426712E+001  0.138594309664548E+001 -0.709633871316900E+002
  0.346057520675947E+001  0.134821814544042E+001 -0.709576143863470E+002
  0.347497843258842E+001  0.132589379432163E+001 -0.707242589052755E+002
  0.347804286557361E+001  0.126998202863234E+001 -0.709326343807800E+002
  0.345935916585015E+001  0.136238694243729E+001 -0.708858011074401E+002
  0.346680125882025E+001  0.139941458578426E+001 -0.710333977454762E+002
  0.345634043220840E+001  0.136299553099943E+001 -0.711881158307229E+002
  0.348632358474439E+001  0.126733569507367E+001 -0.711938154606675E+002
  0.348296336942450E+001  0.126207277526220E+001 -0.710100785081980E+002
  0.347592593211562E+001  0.131871534878868E+001 -0.707363378528269E+002
  0.346003613425109E+001  0.135586773828177E+001 -0.709045321903549E+002
  0.345051687383423E+001  0.142451365557520E+001 -0.711316410311956E+002
  0.347218907649984E+001  0.136736039262945E+001 -0.709681344540388E+002
  0.346840713639934E+001  0.132263197375882E+001 -0.707125960721465E+002
  0.347118491098897E+001  0.131682109572137E+001 -0.706699353096047E+002
  0.348240216326840E+001  0.130070060574515E+001 -0.710769843774196E+002
  0.348398659182081E+001  0.128130081066011E+001 -0.710709574344414E+002
  0.345582662400441E+001  0.137729209143217E+001 -0.710376621996365E+002
  0.345823303950559E+001  0.143817682022656E+001 -0.711236043980773E+002
  0.347912435410631E+001  0.132149430007367E+001 -0.709858060458001E+002
  0.347466547081387E+001  0.128729186144944E+001 -0.708313523900138E+002
  0.347922589128759E+001  0.132168219038823E+001 -0.709977380944905E+002
  0.347428886899552E+001  0.130641740548603E+001 -0.706949895981775E+002
  0.346487632306903E+001  0.138677168986688E+001 -0.707371719695094E+002
  0.347366682477895E+001  0.137150522411140E+001 -0.712051865296323E+002
  0.347751687670062E+001  0.125684323364040E+001 -0.711398868596983E+002
  0.346743603200528E+001  0.136561185596042E+001 -0.706554831732499E+002
  0.348300911194023E+001  0.129386302149853E+001 -0.710722166796487E+002
  0.347126986333455E+001  0.137360200485338E+001 -0.709845638727926E+002
  0.348100191933332E+001  0.131346333636899E+001 -0.710767160419027E+002
  0.345886037361205E+001  0.139038087074743E+001 -0.707463051574456E+002
  0.347579487481950E+001  0.134061772268936E+001 -0.709122444409135E+002
  0.347188441775238E+001  0.129656489502077E+001 -0.708347602518234E+002
  0.346309629265444E+001  0.140378698626315E+001 -0.708522693358925E+002
  0.346335578235145E+001  0.140075074465104E+001 -0.708263622723706E+002
  0.347356306187361E+001  0.136588984703090E+001 -0.710830579500363E+002
  0.346302929006875E+001  0.140179510899933E+001 -0.708246617074176E+002
  0.346328335468294E+001  0.131774538401464E+001 -0.712075165697008E+002
  0.348683616676618E+001  0.124821636197356E+001 -0.712106165457996E+002
  0.346319643462554E+001  0.131853979026957E+001 -0.712011716905100E+002
  0.346457494926671E+001  0.138110493194989E+001 -0.706824018285892E+002
  0.346410198143676E+001  0.140348700124376E+001 -0.709020628317128E+002
  0.346571851835086E+001  0.135278764864821E+001 -0.706233293440515E+002
  0.346001888523094E+001  0.137448877064874E+001 -0.707436337404379E+002
  0.345597547807955E+001  0.140767015684882E+001 -0.708464259959418E+002
  0.345372603405926E+001  0.143854750820856E+001 -0.710277814037974E+002
  0.347782888350592E+001  0.129407728954764E+001 -0.707756316169767E+002
  0.347865715862908E+001  0.127239822589434E+001 -0.708992710359202E+002
  0.347443140877726E+001  0.129569889017727E+001 -0.707578640151399E+002
  0.346210908229371E+001  0.137833952640161E+001 -0.706651238052151E+002
  0.348410038728941E+001  0.124615811172127E+001 -0.711369894352028E+002
  0.347149899949661E+001  0.129582613906859E+001 -0.708648768062340E+002
  0.345709420408324E+001  0.144305509386051E+001 -0.711498483079414E+002
  0.346230558835179E+001  0.136869558508129E+001 -0.706705054639443E+002
  0.347502561865850E+001  0.136151833090766E+001 -0.711684207221545E+002
  0.347003991686640E+001  0.131154734633495E+001 -0.707488296340322E+002
  0.347549176456222E+001  0.132672305065356E+001 -0.707564925116379E+002
  0.346959553553318E+001  0.135011944990909E+001 -0.706348020400225E+002
  0.346819909004047E+001  0.130434329136209E+001 -0.709633956342572E+002
  0.347912278218594E+001  0.125917763961858E+001 -0.710375845197505E+002
  0.347959170740073E+001  0.127749617288318E+001 -0.708661982083575E+002
  0.346497184703296E+001  0.131546268729135E+001 -0.710644836880990E+002
  0.347303757184721E+001  0.129290306991350E+001 -0.708270601375426E+002
  0.346716210922735E+001  0.138468483207808E+001 -0.708275773358659E+002
  0.346034117092177E+001  0.140176321932556E+001 -0.707577087608988E+002
  0.348218726772755E+001  0.127642933306663E+001 -0.709466430542989E+002
  0.347524522193723E+001  0.135888443782436E+001 -0.711439638122279E+002
  0.348002262803460E+001  0.127438756652990E+001 -0.708883578778160E+002
  0.347571222985761E+001  0.128566992427920E+001 -0.708204800617636E+002
  0.347773803193035E+001  0.126524188372617E+001 -0.709997760135434E+002
  0.346666460016522E+001  0.134890813297084E+001 -0.706160386439513E+002
  0.346708216286009E+001  0.133383906943156E+001 -0.706753080370196E+002
  0.346209678850102E+001  0.134379317550474E+001 -0.708813266132848E+002
  0.345730885263135E+001  0.136159762196833E+001 -0.710972458692618E+002
  0.347215515332163E+001  0.135262766692532E+001 -0.707699592999832E+002
  0.346931576433638E+001  0.135896651545663E+001 -0.706759825278214E+002
  0.347792781053160E+001  0.130017252234672E+001 -0.707750798503135E+002
  0.347431389501377E+001  0.132598182040630E+001 -0.706948472876635E+002
  0.348085855636851E+001  0.129902186760341E+001 -0.709325081132620E+002
  0.345677772604908E+001  0.141476422587108E+001 -0.708429819544013E+002
  0.346373921089500E+001  0.141211995755129E+001 -0.710166773244153E+002
  0.345673527158783E+001  0.137316811520055E+001 -0.709978441146199E+002
  0.347543059446199E+001  0.130200189960281E+001 -0.707167378855189E+002
  0.347089028028509E+001  0.130567333850864E+001 -0.707737566465786E+002
  0.348294014299343E+001  0.127257004537004E+001 -0.709833989819357E+002
  0.347364587398488E+001  0.132429791317308E+001 -0.706668883315658E+002
  0.347370288581661E+001  0.132737501213255E+001 -0.706766428815212E+002
  0.347262246539352E+001  0.128194360621297E+001 -0.710084473311157E+002
  0.345023799925957E+001  0.143166743805017E+001 -0.711326769194105E+002
  0.345612239134059E+001  0.136603227230704E+001 -0.711643486577163E+002
  0.345365060949440E+001  0.138337202194455E+001 -0.711948985680514E+002
  0.347351064974295E+001  0.128230730346856E+001 -0.709469577411907E+002
  0.346966990878192E+001  0.139288688838904E+001 -0.711892251300335E+002
  0.348079544807142E+001  0.127671926922909E+001 -0.708946321142162E+002
  0.345411968427769E+001  0.140630581953805E+001 -0.709455653162753E+002
  0.348526803907082E+001  0.125289957782808E+001 -0.711252372599870E+002
  0.347101019153797E+001  0.128452296999969E+001 -0.710855762975901E+002
  0.345658778607308E+001  0.139902971958275E+001 -0.708274299320901E+002
  0.345664030327310E+001  0.142288683186652E+001 -0.708941418838539E+002
  0.347859954195647E+001  0.128903295039835E+001 -0.708046724174263E+002
  0.346215523763653E+001  0.141526330517701E+001 -0.709655901437918E+002
  0.348252055826062E+001  0.124179343054426E+001 -0.711911054253318E+002
  0.346591374391211E+001  0.133334012798278E+001 -0.707344878450671E+002
  0.345627484364192E+001  0.144334744229444E+001 -0.711207886156750E+002
  0.345660189267064E+001  0.143539504034288E+001 -0.710204384932773E+002
  0.348468641819826E+001  0.126681759825540E+001 -0.710763870680793E+002
  0.348037543393482E+001  0.129361268488166E+001 -0.708768450239707E+002
  0.346917809550859E+001  0.129872882197943E+001 -0.709789280292013E+002
  0.346362290862287E+001  0.140181970103409E+001 -0.708525152684266E+002
  0.347547920541020E+001  0.132422916513282E+001 -0.707407866463200E+002
  0.347321515097487E+001  0.127941353013647E+001 -0.710114377557030E+002
  0.346863964525059E+001  0.135625972254800E+001 -0.706373693466917E+002
  0.346419552731764E+001  0.137624345962046E+001 -0.706510246316782E+002
  0.345708917239091E+001  0.140347431940946E+001 -0.708048015797456E+002
  0.347187633926754E+001  0.135554523819714E+001 -0.707824560488084E+002
  0.346596891542281E+001  0.139187593137278E+001 -0.708503430764693E+002
  0.347448199450367E+001  0.133986275899737E+001 -0.707991948028574E+002
  0.345648172669877E+001  0.138258050650626E+001 -0.709226099163481E+002
  0.348009438261630E+001  0.127157943100158E+001 -0.709057826189269E+002
  0.347272204497170E+001  0.135352416408720E+001 -0.708193015083832E+002
  0.348359902782214E+001  0.127876947771064E+001 -0.710313697307004E+002
  0.345621557303781E+001  0.138486058238330E+001 -0.709246360726918E+002
  0.347444933790512E+001  0.130879368833516E+001 -0.706878483126707E+002
  0.347813480229981E+001  0.132084627211523E+001 -0.708921638620564E+002
  0.345962439312507E+001  0.136521371307929E+001 -0.708356290653087E+002
  0.345419635117585E+001  0.145166805602533E+001 -0.711797586871419E+002
  0.346725420512031E+001  0.130156846387628E+001 -0.711007929209264E+002
  0.346971744904475E+001  0.137674342389627E+001 -0.708985636113964E+002
  0.347097465338685E+001  0.128501152673868E+001 -0.710792242317229E+002
  0.346718628659607E+001  0.132213208803912E+001 -0.707814708350243E+002
  0.344976981332527E+001  0.144939945347257E+001 -0.711851715005014E+002
  0.346952857448507E+001  0.129613768178480E+001 -0.709954310258778E+002
  0.348096229671322E+001  0.128878133617438E+001 -0.708967977428233E+002
  0.346780769862064E+001  0.137535210438268E+001 -0.707529848013832E+002
  0.348199787456101E+001  0.129698189751366E+001 -0.710082173235506E+002
  0.346737061412572E+001  0.139155854510129E+001 -0.709441606697280E+002
  0.346158886882573E+001  0.136054703391153E+001 -0.707447726619096E+002
  0.345458280361136E+001  0.142665474772270E+001 -0.709376575193349E+002
  0.346335799184628E+001  0.140161986889624E+001 -0.708371444918158E+002
  0.347175663454266E+001  0.134648276010975E+001 -0.706942877287167E+002
  0.344905346446570E+001  0.144093650406850E+001 -0.712021195229444E+002
  0.347893841715918E+001  0.127027765809930E+001 -0.709160648017031E+002
  0.348471615896861E+001  0.126983282617680E+001 -0.710825013261430E+002
  0.346148301438831E+001  0.141516228175030E+001 -0.709283574232418E+002
  0.347413983176543E+001  0.129038969675540E+001 -0.708146762731840E+002
  0.346751927122332E+001  0.137551153382798E+001 -0.707399087378425E+002
  0.345483402054337E+001  0.139353453680428E+001 -0.709670750131546E+002
  0.346150407754369E+001  0.137877602367251E+001 -0.706770479030034E+002
  0.345781819136914E+001  0.143196807253498E+001 -0.710109848887949E+002
  0.348563065654233E+001  0.125284305067034E+001 -0.711406815998026E+002
  0.348515741023758E+001  0.124560703307847E+001 -0.711597000495634E+002
  0.346792193212168E+001  0.133112752106408E+001 -0.706640037085653E+002
  0.347921874695689E+001  0.124749864210295E+001 -0.712152590951727E+002
  0.345271183569802E+001  0.143113715572357E+001 -0.710069241024659E+002
  0.348043010729477E+001  0.125392835078577E+001 -0.710732330365052E+002
  0.345398921457302E+001  0.141675072911127E+001 -0.709320847709830E+002
  0.346566936154004E+001  0.139207541198730E+001 -0.708351545350226E+002
  0.347100919968458E+001  0.127937688179669E+001 -0.711898821581250E+002
  0.345476303675672E+001  0.140497618344712E+001 -0.709099898470936E+002
  0.345188472147352E+001  0.141487407553388E+001 -0.710679028919618E+002
  0.345791371748529E+001  0.142135504358678E+001 -0.708900675853954E+002
  0.347599264466118E+001  0.127903343990132E+001 -0.708830006162913E+002
  0.348251853438673E+001  0.127686655159491E+001 -0.709627432798138E+002
  0.345157913332524E+001  0.143195559775867E+001 -0.710558271908162E+002
  0.346546578416581E+001  0.133642262209809E+001 -0.707295240249283E+002
  0.347552287776519E+001  0.129279049189017E+001 -0.707648299371167E+002
  0.346949212745951E+001  0.134906002237681E+001 -0.706281164158022E+002
  0.345818174515128E+001  0.142485173284105E+001 -0.709320985635618E+002
  0.348024970459084E+001  0.127252902443442E+001 -0.709016894738308E+002
  0.346566130440762E+001  0.141144128273739E+001 -0.711654949815795E+002
  0.347668777219764E+001  0.134617592422519E+001 -0.710835002255893E+002
  0.346872620632862E+001  0.132670335535459E+001 -0.706680522145801E+002
  0.346539040099911E+001  0.137825765565489E+001 -0.706825927425266E+002
  0.347615046238123E+001  0.131501722062983E+001 -0.707329054128183E+002
  0.347810434323989E+001  0.127028374468721E+001 -0.709280504600764E+002
  0.347915289142311E+001  0.125791303215648E+001 -0.710537909570628E+002
  0.346604148683193E+001  0.135281220985563E+001 -0.706177599426303E+002
  0.346650700976000E+001  0.135728325524235E+001 -0.706125500711424E+002
  0.346287021038538E+001  0.141955389069182E+001 -0.710866187554022E+002
  0.346607138750558E+001  0.134314415000953E+001 -0.706522996625755E+002
  0.347845498422468E+001  0.128193672355357E+001 -0.708304477904741E+002
  0.347724994477564E+001  0.134625843153299E+001 -0.711498660591411E+002
  0.347274318249665E+001  0.131782953384970E+001 -0.706541270878403E+002
  0.346260855187979E+001  0.135048564797019E+001 -0.707674004244580E+002
  0.347867290056374E+001  0.130731966977453E+001 -0.708322696811153E+002
  0.347921712501647E+001  0.131571292147715E+001 -0.709330317939911E+002
  0.345770575783437E+001  0.136422416706871E+001 -0.710164106477692E+002
  0.345829714625462E+001  0.141132080981533E+001 -0.708127971675098E+002
  0.346954247770325E+001  0.130058580042460E+001 -0.709204980598621E+002
  0.346327635986317E+001  0.131889707635465E+001 -0.711841575352248E+002
  0.347892175671825E+001  0.129667303257138E+001 -0.708112795427635E+002
  0.345683662625851E+001  0.142702956586750E+001 -0.709312847588884E+002
  0.346327687057241E+001  0.138322997968999E+001 -0.706747626781495E+002
  0.346500084325166E+001  0.130762421162824E+001 -0.712207172909450E+002
  0.346745241721994E+001  0.136798126874541E+001 -0.706716969749898E+002
  0.347222551080326E+001  0.129554890197663E+001 -0.708310127868270E+002
  0.348489593870976E+001  0.126473769001892E+001 -0.710875673853593E+002
  0.345424749775986E+001  0.144522727136321E+001 -0.710963157569688E+002
  0.347540553123896E+001  0.136180811255118E+001 -0.712209631273112E+002
  0.347900448350860E+001  0.129543724851212E+001 -0.708133798532754E+002
  0.345778012846696E+001  0.141003749804152E+001 -0.708084958525814E+002
  0.346759043017097E+001  0.137101492131119E+001 -0.707007242703619E+002
  0.347665575897605E+001  0.125715743237189E+001 -0.711854795750990E+002
  0.346937915597877E+001  0.137580845114817E+001 -0.708586837889087E+002
  0.347263853224577E+001  0.130134206363531E+001 -0.707522659910986E+002
  0.346896955554174E+001  0.136813464718139E+001 -0.707393817214510E+002
  0.347969720000474E+001  0.129702802600561E+001 -0.708496612675126E+002
  0.347645594418807E+001  0.134400397541099E+001 -0.710236565156286E+002
  0.346793945967342E+001  0.131621062755858E+001 -0.708072681096076E+002
  0.347795697172444E+001  0.127748812541811E+001 -0.708610897984017E+002
  0.346932343000655E+001  0.134084352936992E+001 -0.706112006037654E+002
  0.346031932167901E+001  0.133891135213432E+001 -0.711386657790581E+002
  0.345346491979522E+001  0.144953277635970E+001 -0.711381994524822E+002
  0.346889273724972E+001  0.136718180371819E+001 -0.707259074144415E+002
  0.346919420789858E+001  0.133944926046742E+001 -0.706115247772122E+002
  0.345878015921006E+001  0.134811143425722E+001 -0.711527166441989E+002
  0.345411412182341E+001  0.141150941674803E+001 -0.709307267108828E+002
  0.346294129533912E+001  0.138115939206345E+001 -0.706644755076057E+002
  0.347556013982587E+001  0.133531942817758E+001 -0.708325522773805E+002
  0.347383399663107E+001  0.133336689215338E+001 -0.707096014813827E+002
  0.345779238406792E+001  0.142491674668237E+001 -0.709242668317663E+002
  0.346963803806483E+001  0.131602037792229E+001 -0.707218488677631E+002
  0.346763083138470E+001  0.134562477616184E+001 -0.706108473330071E+002
  0.347530207942989E+001  0.130220907086334E+001 -0.707150831917645E+002
  0.348564203146057E+001  0.124969072680143E+001 -0.711523871256405E+002
  0.346148747675537E+001  0.134266902645024E+001 -0.709517229365866E+002
  0.347611972743255E+001  0.134652858384908E+001 -0.710276532335507E+002
  0.346343486247438E+001  0.138233239750096E+001 -0.706717823943519E+002
  0.345123721999279E+001  0.140823393418986E+001 -0.711713536512488E+002
  0.345791584802911E+001  0.142544207683579E+001 -0.709326108951962E+002
  0.347789282708264E+001  0.134260465679073E+001 -0.711621533928459E+002
  0.347777091945193E+001  0.129891641528044E+001 -0.707692270737893E+002
  0.345389006479805E+001  0.141129487323584E+001 -0.709439715855598E+002
  0.345832213089147E+001  0.144119610415828E+001 -0.711817534661306E+002
  0.348151824666328E+001  0.125119724301170E+001 -0.710879268638293E+002
  0.348557744984981E+001  0.126532456857616E+001 -0.711314240210102E+002
  0.347499917855934E+001  0.126593090976916E+001 -0.711310780570203E+002
  0.347487275082872E+001  0.131172046701059E+001 -0.706888067420416E+002
  0.345289715493235E+001  0.142848688973288E+001 -0.709926450653986E+002
  0.348288473447207E+001  0.130006114687123E+001 -0.711184068443829E+002
  0.346660721478065E+001  0.130565091158543E+001 -0.710856566996708E+002
  0.346146538999744E+001  0.136998964413431E+001 -0.706970732077750E+002
  0.347563180307524E+001  0.128126277735469E+001 -0.708684462827653E+002
  0.347696235901451E+001  0.126282139644066E+001 -0.710684884023308E+002
  0.346665239887787E+001  0.140025475217638E+001 -0.710359002525439E+002
  0.348525789827512E+001  0.126433673971632E+001 -0.711091329544397E+002
  0.347393187667745E+001  0.132407187331992E+001 -0.706750207754267E+002
  0.348413427452658E+001  0.124621192831708E+001 -0.711369108041135E+002
  0.348422446953134E+001  0.129305292034025E+001 -0.711842273603738E+002
  0.346793700170376E+001  0.129249849503366E+001 -0.712193890882546E+002
  0.347518078300972E+001  0.129249926825830E+001 -0.707710117444084E+002
  0.347443837617067E+001  0.133192115337874E+001 -0.707317039154686E+002
  0.348639610276015E+001  0.126076313761251E+001 -0.711797431805117E+002
  0.346761824856143E+001  0.135421649127556E+001 -0.706128567413893E+002
  0.348065250293531E+001  0.129820762317624E+001 -0.709132278297435E+002
  0.345048673842443E+001  0.144674374156552E+001 -0.711469557283533E+002
  0.347688220902226E+001  0.125646177934056E+001 -0.711841077343501E+002
  0.347118634570107E+001  0.127891694817623E+001 -0.711829112345222E+002
  0.346881139905632E+001  0.131056018455131E+001 -0.708257528190618E+002
  0.345941437187805E+001  0.142167444397350E+001 -0.709299290625994E+002
  0.347993434753802E+001  0.129025869890883E+001 -0.708486346011024E+002
  0.345490540199955E+001  0.139641614832406E+001 -0.709413264750150E+002
  0.347041250914315E+001  0.131440980531355E+001 -0.707074716833007E+002
  0.347273062709971E+001  0.131946911634738E+001 -0.706505315251574E+002
  0.346040031756701E+001  0.140305535016444E+001 -0.707671011851987E+002
  0.345864862782672E+001  0.135924579871697E+001 -0.709900238742270E+002
  0.346237684133173E+001  0.141286360094300E+001 -0.709414951672287E+002
  0.345924602787692E+001  0.142101821860455E+001 -0.709163143385683E+002
  0.347143509428024E+001  0.136087907316260E+001 -0.708133070268277E+002
  0.345899317784320E+001  0.143031741424580E+001 -0.710339401944974E+002
  0.348146362679522E+001  0.125052422052415E+001 -0.710967178253655E+002
  0.345629750107326E+001  0.137322632470928E+001 -0.710407573720364E+002
  0.345898207501846E+001  0.134611877298100E+001 -0.711646996437966E+002
  0.348547371266001E+001  0.127734105720419E+001 -0.711741489963417E+002
  0.348280040782419E+001  0.128622540868216E+001 -0.710051115169620E+002
  0.346423312238666E+001  0.133105012920014E+001 -0.708768413953595E+002
  0.345395088781454E+001  0.145263555148945E+001 -0.711875600170903E+002
  0.345843233296713E+001  0.142199402141202E+001 -0.709059657717549E+002
  0.347891253230600E+001  0.125009836408127E+001 -0.711848629073683E+002
  0.346383248667758E+001  0.132812716260954E+001 -0.709556943320761E+002
  0.347995375764303E+001  0.129794960289495E+001 -0.708673223850796E+002
  0.348366131294468E+001  0.127971001154764E+001 -0.710391898875421E+002
  0.347112690298570E+001  0.132660536807305E+001 -0.706307846190446E+002
  0.345863582731508E+001  0.139922168746151E+001 -0.707579029324400E+002
  0.347756557016024E+001  0.134489975243580E+001 -0.711634706157708E+002
  0.346357039809197E+001  0.136579192334600E+001 -0.706423371381692E+002
  0.347690783597878E+001  0.125790711395136E+001 -0.711557799532564E+002
  0.348209520233127E+001  0.129605553500684E+001 -0.710094922996643E+002
  0.347238432972226E+001  0.132831024825796E+001 -0.706422660294902E+002
  0.348357380486531E+001  0.128731902061711E+001 -0.710729189244375E+002
  0.347070615816172E+001  0.130511584456637E+001 -0.707885868958489E+002
  0.348096817720170E+001  0.130420773433869E+001 -0.709786304003289E+002
  0.344997563733928E+001  0.144524348951656E+001 -0.711600885108937E+002
  0.345792505214392E+001  0.141636573141549E+001 -0.708472944635778E+002
  0.347352341774215E+001  0.134995371787297E+001 -0.708378543188352E+002
  0.347343461111467E+001  0.135085183722880E+001 -0.708417241892683E+002
  0.346829683267877E+001  0.135297071029021E+001 -0.706179009121511E+002
  0.346457463246755E+001  0.131606935848757E+001 -0.710946002862665E+002
  0.347331438745781E+001  0.127479397190258E+001 -0.710863756307536E+002
  0.346151478793014E+001  0.134967810615309E+001 -0.708554818490530E+002
  0.345871651243939E+001  0.142599591413548E+001 -0.709617030692794E+002
  0.346811745963681E+001  0.129711098231583E+001 -0.711037414479562E+002
  0.346752735670572E+001  0.137116257633655E+001 -0.706993928007035E+002
  0.345236021890360E+001  0.144698876337291E+001 -0.711098591419811E+002
  0.344964565571504E+001  0.144981586958987E+001 -0.711917959467157E+002
  0.347328113355348E+001  0.131621112656626E+001 -0.706608718449953E+002
  0.346651496180428E+001  0.139136025758796E+001 -0.708782676199041E+002
  0.347312066894401E+001  0.137093570573910E+001 -0.711292101437354E+002
  0.347137504370360E+001  0.137257986729512E+001 -0.709773143114837E+002
  0.346374349532784E+001  0.135215381982335E+001 -0.706910054569753E+002
  0.347948810855856E+001  0.127746552938477E+001 -0.708649895039060E+002
  0.346195965154651E+001  0.140047222037954E+001 -0.707741635750987E+002
  0.347585281917069E+001  0.133883007503115E+001 -0.708951728594124E+002
  0.345582859329160E+001  0.141506416820979E+001 -0.708629979982802E+002
  0.348424294722466E+001  0.125684612487506E+001 -0.710721262771160E+002
  0.345097235232389E+001  0.141471123095944E+001 -0.711456344582832E+002
  0.346862252968082E+001  0.132830539658896E+001 -0.706605517217096E+002
  0.346602474274541E+001  0.134973702585496E+001 -0.706253676422521E+002
  0.345938208550464E+001  0.138358711159884E+001 -0.707384637052334E+002
  0.346899688607464E+001  0.137813701547529E+001 -0.708632613050019E+002
  0.347428725989545E+001  0.136771370060226E+001 -0.712027787476590E+002
  0.348606233406548E+001  0.127162649547079E+001 -0.711923767743618E+002
  0.345175120274669E+001  0.143625658293592E+001 -0.710583924940230E+002
  0.345892917617072E+001  0.141132488978262E+001 -0.708149400367445E+002
  0.345451976409869E+001  0.139665947560778E+001 -0.709694553267716E+002
  0.346921290003577E+001  0.138173014855314E+001 -0.709348339904357E+002
  0.345880116043331E+001  0.136989985915229E+001 -0.708538362945774E+002
  0.346487953266842E+001  0.133641582509370E+001 -0.707640702748159E+002
  0.346900615280759E+001  0.134757168313340E+001 -0.706150500000649E+002
  0.348015375199517E+001  0.125280269543314E+001 -0.710950323503703E+002
  0.348322909340842E+001  0.125231860295633E+001 -0.710760125783297E+002
  0.347239987123594E+001  0.128608157197237E+001 -0.709550967807778E+002
  0.347569357200178E+001  0.134563994541498E+001 -0.709710644507234E+002
  0.346098302528648E+001  0.134689726649561E+001 -0.709379335357915E+002
  0.348451356261726E+001  0.125908383106913E+001 -0.710748814148507E+002
  0.346230420422220E+001  0.133359604517586E+001 -0.710148816720681E+002
  0.345929946818004E+001  0.138344650303217E+001 -0.707423301124502E+002
  0.346948937919540E+001  0.130514436692517E+001 -0.708564558191212E+002
  0.347124551054394E+001  0.132278493059250E+001 -0.706411363439067E+002
  0.346667484366255E+001  0.137604843554660E+001 -0.707075361688068E+002
  0.347481004550103E+001  0.130298803997762E+001 -0.707099984715442E+002
  0.346382849775834E+001  0.132231074405745E+001 -0.710558906203258E+002
  0.345797846251492E+001  0.139537289626105E+001 -0.707737673876573E+002
  0.345840518368270E+001  0.138520667236401E+001 -0.707783946846157E+002
  0.347413166780542E+001  0.134755703073155E+001 -0.708572011991333E+002
  0.346135743072280E+001  0.134366558453272E+001 -0.709493423234793E+002
  0.346144060834990E+001  0.134635552801554E+001 -0.709039317462463E+002
  0.347229665541877E+001  0.130426585547352E+001 -0.707359886518002E+002
  0.347419229806877E+001  0.136384317174739E+001 -0.711153805162851E+002
  0.346900988181029E+001  0.139128012640560E+001 -0.710862405378084E+002
  0.347970784003735E+001  0.128779953584748E+001 -0.708395656734286E+002
  0.347515233047581E+001  0.126479538470967E+001 -0.711418321797053E+002
  0.346290293426458E+001  0.139290523619601E+001 -0.707317703650979E+002
  0.347649578998421E+001  0.127924651856292E+001 -0.708671649202787E+002
  0.345340404289093E+001  0.143776174895839E+001 -0.710249040642661E+002
  0.347136768586326E+001  0.132995042120548E+001 -0.706277719475901E+002
  0.347802923301712E+001  0.128756253440274E+001 -0.707988926638188E+002
  0.347295373291595E+001  0.134641039798369E+001 -0.707599868074299E+002
  0.345314551378231E+001  0.143422672615270E+001 -0.710074394164087E+002
  0.347506237622563E+001  0.135290312136036E+001 -0.710188370932897E+002
  0.345851310668342E+001  0.138586853421294E+001 -0.707706006464512E+002
  0.345080916143461E+001  0.145422189620445E+001 -0.711904938423333E+002
  0.346486670873824E+001  0.137955327846554E+001 -0.706785621932871E+002
  0.345112259878827E+001  0.143464951475137E+001 -0.710816542210757E+002
  0.345560330379648E+001  0.137944846545053E+001 -0.710341810823179E+002
  0.345111403562543E+001  0.143975351265840E+001 -0.710946064472522E+002
  0.346956806280768E+001  0.137857962777280E+001 -0.709145223916817E+002
  0.346830961771070E+001  0.130420203033206E+001 -0.709567039626482E+002
  0.345977366102403E+001  0.137347205266721E+001 -0.707623471139844E+002
  0.347687175509427E+001  0.133993719658509E+001 -0.710057230814549E+002
  0.345796295127776E+001  0.137998449893238E+001 -0.708326991966941E+002
  0.347606522225316E+001  0.127403963393706E+001 -0.709427925588092E+002
  0.346247840998351E+001  0.139917599525481E+001 -0.707763519477356E+002
  0.346109730134398E+001  0.135433479624487E+001 -0.708350687013220E+002
  0.348153378350307E+001  0.124360453066224E+001 -0.711882069617932E+002
  0.345151986400583E+001  0.144027112661342E+001 -0.710821884044506E+002
  0.346393635136605E+001  0.134640178438026E+001 -0.707244335281700E+002
  0.347597776568754E+001  0.134640586037712E+001 -0.710109928735502E+002
  0.346662756444331E+001  0.140510580402535E+001 -0.711276785705783E+002
  0.347247213038578E+001  0.136163196060126E+001 -0.709057175875745E+002
  0.347488536707979E+001  0.129745600869545E+001 -0.707393021484764E+002
  0.346782281719612E+001  0.129564146518277E+001 -0.711637289460997E+002
  0.344929548922572E+001  0.145124001617646E+001 -0.712119443576032E+002
  0.347001711790565E+001  0.129189752141220E+001 -0.710309872240538E+002
  0.347537870866673E+001  0.130020763351521E+001 -0.707234200716464E+002
  0.346285909663961E+001  0.139312671387798E+001 -0.707325449817725E+002
  0.346177817894574E+001  0.133112025609475E+001 -0.711158651313056E+002
  0.348422773772680E+001  0.126820692214238E+001 -0.710506001192990E+002
  0.346833145192138E+001  0.133207595915601E+001 -0.706461170326404E+002
  0.345657187923209E+001  0.139795610194918E+001 -0.708305735214451E+002
  0.347173416257797E+001  0.129377608917530E+001 -0.708800863332390E+002
  0.346937174357807E+001  0.138599081793648E+001 -0.710219170889858E+002
  0.345742911520134E+001  0.143269039388469E+001 -0.710082330431262E+002
  0.345992268288768E+001  0.138895124378263E+001 -0.707154087572310E+002
  0.345785277077668E+001  0.138024085599834E+001 -0.708383838773985E+002
  0.347467354373320E+001  0.130105910454023E+001 -0.707194886238292E+002
  0.346918275619381E+001  0.134011309814276E+001 -0.706110366687228E+002
  0.348112109643651E+001  0.128161888524978E+001 -0.708979208483306E+002
  0.347730007122794E+001  0.127054624107441E+001 -0.709450574077257E+002
  0.347865319517864E+001  0.128286355862356E+001 -0.708276684571543E+002
  0.346243476714835E+001  0.139680431838420E+001 -0.707532660034381E+002
  0.347662010299347E+001  0.133088245218326E+001 -0.708696794893526E+002
  0.346391820094721E+001  0.140884531055637E+001 -0.709737566675806E+002
  0.347143208064221E+001  0.131859001185024E+001 -0.706566821181481E+002
  0.346862582592323E+001  0.138112525391070E+001 -0.708788371266971E+002
  0.345312597280667E+001  0.138724226105031E+001 -0.712027644932609E+002
  0.347107023110753E+001  0.131002517074153E+001 -0.707234185889499E+002
  0.346725240684358E+001  0.133152013945270E+001 -0.706860441863412E+002
  0.346742625010725E+001  0.132579257093871E+001 -0.707287061877863E+002
  0.347518148786351E+001  0.126876746233570E+001 -0.710680785458155E+002
  0.346229931150468E+001  0.136997249683967E+001 -0.706674609576350E+002
  0.346726913334697E+001  0.140076882919094E+001 -0.711022268076545E+002
  0.346607847321859E+001  0.134302135680769E+001 -0.706527442742653E+002
  0.346084179982783E+001  0.143222918877446E+001 -0.711783028319697E+002
  0.345359844466535E+001  0.142280254725150E+001 -0.709537620744404E+002
  0.348293048555191E+001  0.126179996518390E+001 -0.710104461233335E+002
  0.348178247499878E+001  0.130937293184713E+001 -0.711089858737235E+002
  0.345739520040858E+001  0.139062268431259E+001 -0.708105813435483E+002
  0.347632633144810E+001  0.131518800395353E+001 -0.707412740384040E+002
  0.348184871071044E+001  0.126102692634977E+001 -0.709946909085883E+002
  0.345429817510389E+001  0.141126418113742E+001 -0.709211411065576E+002
  0.348401252149073E+001  0.127333073389463E+001 -0.710440007332764E+002
  0.346215796424103E+001  0.137911239066247E+001 -0.706650757334797E+002
  0.346209715755632E+001  0.138717991453050E+001 -0.706867582455378E+002
  0.346999066667254E+001  0.128860959678595E+001 -0.710954952518685E+002
  0.345225658255238E+001  0.143791687588197E+001 -0.710489199969663E+002
  0.346965029210621E+001  0.136077152061746E+001 -0.707050266040777E+002
  0.345422755432461E+001  0.144620114220154E+001 -0.711077676004343E+002
  0.345100006830578E+001  0.144112349938087E+001 -0.711039488367753E+002
  0.346354505731963E+001  0.135955067429754E+001 -0.706600112377116E+002
  0.346246124209282E+001  0.132378867726830E+001 -0.711802597619209E+002
  0.346679109082248E+001  0.137200281965423E+001 -0.706789246913936E+002
  0.345051119664646E+001  0.141214789516967E+001 -0.712098125853769E+002
  0.346259352861332E+001  0.139561558394598E+001 -0.707469204620086E+002
  0.347047783466762E+001  0.135192841740121E+001 -0.706746530929213E+002
  0.345802737073923E+001  0.139593671324169E+001 -0.707717268254362E+002
  0.346502656877505E+001  0.136911704141738E+001 -0.706316618084547E+002
  0.346775780704875E+001  0.138995519086056E+001 -0.709488351644876E+002
  0.346727855645830E+001  0.134268009098807E+001 -0.706227078755818E+002
  0.348392452296789E+001  0.127028638527891E+001 -0.710345990277914E+002
  0.346556230420452E+001  0.137048805137020E+001 -0.706413219402907E+002
  0.345775591556858E+001  0.139560431103811E+001 -0.707819818898377E+002
  0.346787684733821E+001  0.130818510729764E+001 -0.709264163665010E+002
  0.345424476882212E+001  0.140813803469056E+001 -0.709313470550269E+002
  0.346236833989254E+001  0.136534770673354E+001 -0.706796459753770E+002
  0.347216616593387E+001  0.138078265915675E+001 -0.712194745744534E+002
  0.348692984103475E+001  0.125229580927431E+001 -0.712097177918351E+002
  0.347538651441600E+001  0.129904388313024E+001 -0.707287026174246E+002
  0.345891788659502E+001  0.140563659472755E+001 -0.707783434340758E+002
  0.346197579764771E+001  0.132475639904010E+001 -0.712192595458929E+002
  0.345918955356626E+001  0.142781927951643E+001 -0.710052647664560E+002
  0.346102431230234E+001  0.137090614848361E+001 -0.707122121104373E+002
  0.346208596905639E+001  0.140394198194177E+001 -0.708128592076478E+002
  0.346562323767279E+001  0.133702738883745E+001 -0.707155870537491E+002
  0.346573665317966E+001  0.137403589738251E+001 -0.706631950356158E+002
  0.347464936541817E+001  0.131519576263094E+001 -0.706832014463773E+002
  0.348233334773870E+001  0.129123911569025E+001 -0.709967731960249E+002
  0.348155522035595E+001  0.127575982507714E+001 -0.709214162148603E+002
  0.345855146156506E+001  0.134975467418811E+001 -0.711506320337297E+002
  0.345471984664592E+001  0.142215188258837E+001 -0.709149911405760E+002
  0.346082494246803E+001  0.137380304275295E+001 -0.707091191575504E+002
  0.347580710915823E+001  0.127822461412908E+001 -0.708986246001286E+002
  0.346842832080836E+001  0.136237656794594E+001 -0.706663262329949E+002
  0.347626469968756E+001  0.130367311277052E+001 -0.707252950641069E+002
  0.346179650577160E+001  0.139587412895651E+001 -0.707333625436313E+002
  0.346398460241262E+001  0.141462017418855E+001 -0.710808230344444E+002
  0.347030743920144E+001  0.133252924878810E+001 -0.706198536714038E+002
  0.348330623880985E+001  0.128540049669150E+001 -0.710392302025162E+002
  0.346407461072571E+001  0.136830047841221E+001 -0.706332056527577E+002
  0.345246970066177E+001  0.143256456214511E+001 -0.710200485275899E+002
  0.348250507384288E+001  0.125293783980028E+001 -0.710651860534319E+002
  0.346191832895305E+001  0.140514357430796E+001 -0.708202451614764E+002
  0.347553380906856E+001  0.130700871491333E+001 -0.707062357785438E+002
  0.344888803940872E+001  0.144441883025257E+001 -0.712136472599458E+002
  0.346657368663910E+001  0.136679150088628E+001 -0.706411063172496E+002
  0.345904095104717E+001  0.140430071667286E+001 -0.707709378620513E+002
  0.345722552889341E+001  0.136052579018935E+001 -0.711236854625249E+002
  0.345279914069134E+001  0.141225232566144E+001 -0.710116784653362E+002
  0.346612518638404E+001  0.130332420354322E+001 -0.711844614174188E+002
  0.346216750081009E+001  0.134961233874459E+001 -0.708063727347383E+002
  0.347360177511821E+001  0.127901689124901E+001 -0.709933127273544E+002
  0.346087681349608E+001  0.139299947842789E+001 -0.707120663850767E+002
  0.346165258777001E+001  0.138777049491015E+001 -0.706895041432225E+002
  0.347040214375799E+001  0.135794983201213E+001 -0.707181562938827E+002
  0.347266514486133E+001  0.129676200050790E+001 -0.707978764523796E+002
  0.345251359137597E+001  0.141321211122652E+001 -0.710281604502040E+002
  0.346518455346116E+001  0.131585260942712E+001 -0.710357477850547E+002
  0.345802746406399E+001  0.143842794029588E+001 -0.711174545884810E+002
  0.348343253879681E+001  0.125260850530474E+001 -0.710765302213024E+002
  0.348145798104546E+001  0.130708961818640E+001 -0.710503500478288E+002
  0.347474305443204E+001  0.133239410355028E+001 -0.707521759886596E+002
  0.347002171408301E+001  0.137512811185946E+001 -0.708988784286383E+002
  0.347214494642616E+001  0.129383411931025E+001 -0.708569831897150E+002
  0.346220778707457E+001  0.137119400456840E+001 -0.706675530005733E+002
  0.348215399541275E+001  0.130535686266360E+001 -0.711010827730808E+002
  0.347448594052017E+001  0.126833547686689E+001 -0.711219868167603E+002
  0.347333835644546E+001  0.132903582203556E+001 -0.706693934475018E+002
  0.348565777881691E+001  0.126369501764105E+001 -0.711340690116518E+002
  0.346892788120714E+001  0.129651989856094E+001 -0.710395541633745E+002
  0.347103225689546E+001  0.133669521160805E+001 -0.706275498477496E+002
  0.347805229848542E+001  0.128961159455044E+001 -0.707917191789747E+002
  0.348228142093301E+001  0.127048956861993E+001 -0.709589195314809E+002
  0.347511588615740E+001  0.130889597828069E+001 -0.706961789480491E+002
  0.347885479684753E+001  0.127746921671190E+001 -0.708596959096346E+002
  0.346381266726963E+001  0.137061713903820E+001 -0.706374665302103E+002
  0.345939560076275E+001  0.143096415282161E+001 -0.710639891900356E+002
  0.348034449133890E+001  0.127523155051150E+001 -0.708894496668092E+002
  0.347835054770145E+001  0.131211896311022E+001 -0.708391990956568E+002
  0.347601048960653E+001  0.129377046363008E+001 -0.707561765706990E+002
  0.347277884945251E+001  0.131094003808996E+001 -0.706802775215094E+002
  0.348501486795688E+001  0.124765252079711E+001 -0.711428310262817E+002
  0.345536121255734E+001  0.144958044367357E+001 -0.711841552075516E+002
  0.347476039605948E+001  0.136491224475880E+001 -0.712037733546020E+002
  0.346175981569741E+001  0.137725175252795E+001 -0.706717773311559E+002
  0.346741317581967E+001  0.134854741098496E+001 -0.706091118749496E+002
  0.346108758033134E+001  0.135244555533210E+001 -0.708572051878798E+002
  0.345918799925593E+001  0.143390560283080E+001 -0.711020087372777E+002
  0.347791984670836E+001  0.128358477581424E+001 -0.708178814369119E+002
  0.346021958828214E+001  0.138871888298813E+001 -0.707086714394800E+002
  0.346672850097775E+001  0.130083894248064E+001 -0.711707683449762E+002
  0.347583006282087E+001  0.126522599401176E+001 -0.710901816472031E+002
  0.347375268364854E+001  0.129990526354942E+001 -0.707373244020314E+002
  0.346925962539702E+001  0.129695029250367E+001 -0.710032584335896E+002
  0.346818098675691E+001  0.137759634497269E+001 -0.708004760205558E+002
  0.345972176308720E+001  0.141314258170461E+001 -0.708422994381163E+002
  0.346938039265364E+001  0.133883736161993E+001 -0.706121210975855E+002
  0.346389808718953E+001  0.141109610891101E+001 -0.710103730758112E+002
  0.346531802960029E+001  0.132936443899482E+001 -0.708164412500994E+002
  0.345287482743471E+001  0.145120229878774E+001 -0.711524810552106E+002
  0.345458402840778E+001  0.138043178763895E+001 -0.711288629513883E+002
  0.347595340247384E+001  0.131132730087479E+001 -0.707172125127836E+002
  0.346792917999158E+001  0.133849815989544E+001 -0.706253929826561E+002
  0.347861314987212E+001  0.132050833854279E+001 -0.709287421762792E+002
  0.345994044274748E+001  0.136511828180693E+001 -0.708135335676291E+002
  0.346477906597074E+001  0.141136026339897E+001 -0.710842238760834E+002
  0.345378790194892E+001  0.141642780901185E+001 -0.709418996113022E+002
  0.347752036020869E+001  0.128352546825359E+001 -0.708177306887343E+002
  0.346890311306540E+001  0.135161456748700E+001 -0.706243678505438E+002
  0.344885108025229E+001  0.143926326658176E+001 -0.712167038765633E+002
  0.347031100275617E+001  0.134956206641547E+001 -0.706539783195796E+002
  0.346838769678815E+001  0.135307540615746E+001 -0.706196301488266E+002
  0.346413637970254E+001  0.134314716993194E+001 -0.707420539536047E+002
  0.347172176442912E+001  0.132843041542038E+001 -0.706319633385998E+002
  0.347235205737463E+001  0.134523919550841E+001 -0.707150391831922E+002
  0.346963433016078E+001  0.129806882779643E+001 -0.709542379489722E+002
  0.346569479256236E+001  0.130470110192554E+001 -0.712035853440461E+002
  0.346687140035062E+001  0.135728732521003E+001 -0.706134380179016E+002
  0.347464937823182E+001  0.130668249939600E+001 -0.706955405439150E+002
  0.347427707385178E+001  0.129085706658330E+001 -0.708055643290291E+002
  0.347176516026394E+001  0.128236130807612E+001 -0.710644792495437E+002
  0.348575711031375E+001  0.125878580321143E+001 -0.711374521918028E+002
  0.347610970844402E+001  0.126320828061034E+001 -0.711087714611656E+002
  0.346657286685593E+001  0.139496643563235E+001 -0.709379153701256E+002
  0.346460293487949E+001  0.132421058908131E+001 -0.709477962390127E+002
  0.346331538682443E+001  0.132526479025529E+001 -0.710557965240677E+002
  0.345925798935489E+001  0.143808765322380E+001 -0.711816226333982E+002
  0.346935825856261E+001  0.137223636726364E+001 -0.708095956872374E+002
  0.347702583670764E+001  0.132352744613783E+001 -0.708316510861004E+002
  0.346448338991509E+001  0.131130039096045E+001 -0.712020812360866E+002
  0.346042339330489E+001  0.139572145854437E+001 -0.707250813193614E+002
  0.345708908470723E+001  0.138724739955829E+001 -0.708445611876479E+002
  0.345993563278051E+001  0.136775344532184E+001 -0.707917809115888E+002
  0.348492235860936E+001  0.124162836497481E+001 -0.711864327181198E+002
  0.347172306364543E+001  0.131957841212315E+001 -0.706498357426411E+002
  0.348119493751621E+001  0.131449240131712E+001 -0.711100608919565E+002
  0.345010650530916E+001  0.142358840176031E+001 -0.711687340458584E+002
  0.346909240944234E+001  0.133021507477619E+001 -0.706383245426797E+002
  0.348362030297704E+001  0.125737848737984E+001 -0.710506603189762E+002
  0.346747279676211E+001  0.131040033044025E+001 -0.709233414009910E+002
  0.347836885338996E+001  0.130910167422806E+001 -0.708229612503775E+002
  0.347525147602636E+001  0.126311007982173E+001 -0.711671088628484E+002
  0.345772369536494E+001  0.135710757601568E+001 -0.711218440486801E+002
  0.347777408410317E+001  0.133404219975095E+001 -0.710135812694567E+002
  0.346664980220940E+001  0.131691223856905E+001 -0.708882227753980E+002
  0.345689772088095E+001  0.142606889024752E+001 -0.709227210882595E+002
  0.346301816451621E+001  0.141711795366127E+001 -0.710529261770091E+002
  0.346765222508010E+001  0.140076423921153E+001 -0.711399248624646E+002
  0.347800139497670E+001  0.131752422374847E+001 -0.708533370533028E+002
  0.346813756182171E+001  0.134584890323977E+001 -0.706082335043395E+002
  0.347445253007406E+001  0.135491847541485E+001 -0.709889618819991E+002
  0.345339904374206E+001  0.143672216074167E+001 -0.710176947581297E+002
  0.348038853733648E+001  0.126400142890643E+001 -0.709645986138894E+002
  0.345870665386397E+001  0.138418229733245E+001 -0.707671870546770E+002
  0.345409677380435E+001  0.139621519344278E+001 -0.710077666079417E+002
  0.346642685847455E+001  0.132770043148971E+001 -0.707637249250281E+002
  0.347162718762555E+001  0.132915981897882E+001 -0.706307329509904E+002
  0.345881730080167E+001  0.135245647446447E+001 -0.710741610348851E+002
  0.347830210073032E+001  0.128800334834095E+001 -0.708014799308319E+002
  0.346897345411628E+001  0.134712001037995E+001 -0.706137647871017E+002
  0.346609051375843E+001  0.134519125001352E+001 -0.706412082728529E+002
  0.346338922847207E+001  0.138337336611271E+001 -0.706765996668652E+002
  0.345594273049862E+001  0.137615688151051E+001 -0.710398869795729E+002
  0.347160204804195E+001  0.134529382688822E+001 -0.706793640972190E+002
  0.346015765322498E+001  0.139207107634352E+001 -0.707154500823800E+002
  0.345385657975045E+001  0.144644604281676E+001 -0.711060042958336E+002
  0.346034551570672E+001  0.137984190687648E+001 -0.707100748844339E+002
  0.348061524313484E+001  0.124968514736836E+001 -0.711258228473065E+002
  0.346743921160659E+001  0.133972774932213E+001 -0.706305503806512E+002
  0.347565152452811E+001  0.127816310688596E+001 -0.709049027447116E+002
  0.346540796235819E+001  0.138636955707069E+001 -0.707544713776643E+002
  0.347312024981023E+001  0.135886865393729E+001 -0.709227170554990E+002
  0.346772029997614E+001  0.138359815054902E+001 -0.708493895725839E+002
  0.347820177117648E+001  0.132603454593464E+001 -0.709525082475345E+002
  0.345754512605175E+001  0.140356199605553E+001 -0.707916307223921E+002
  0.348632516298580E+001  0.124658535805338E+001 -0.711923422303346E+002
  0.345386538132748E+001  0.145403079337176E+001 -0.712055935449042E+002
  0.346786091000293E+001  0.134379466671233E+001 -0.706118153965450E+002
  0.345976739828130E+001  0.134120433274485E+001 -0.711614021067933E+002
  0.348075970182367E+001  0.132477695784101E+001 -0.712095008813457E+002
  0.348206364639411E+001  0.124288736199945E+001 -0.711853051291467E+002
  0.347805599411536E+001  0.131863889768849E+001 -0.708663900880093E+002
  0.347993275966390E+001  0.127824703104360E+001 -0.708685379449550E+002
  0.346096316408802E+001  0.135980442903005E+001 -0.707902764797299E+002
  0.345777859749435E+001  0.136634701138322E+001 -0.709811874564664E+002
  0.345555563798943E+001  0.141492907247803E+001 -0.708702148276760E+002
  0.347659948647902E+001  0.127256382457737E+001 -0.709423507299133E+002
  0.346765833575914E+001  0.130738819193374E+001 -0.709572266171816E+002
  0.345910033706533E+001  0.137929025924492E+001 -0.707680145680868E+002
  0.346711409706967E+001  0.131439733357453E+001 -0.708898308058202E+002
  0.346851883485298E+001  0.129729356031151E+001 -0.710619948367070E+002
  0.346804588877959E+001  0.138328706122875E+001 -0.708677428716678E+002
  0.346740202715448E+001  0.134326043316723E+001 -0.706187589124847E+002
  0.348594454012479E+001  0.126763795215188E+001 -0.711646698325526E+002
  0.346952464851608E+001  0.132577920891105E+001 -0.706522467214264E+002
  0.346287751942293E+001  0.134374956196734E+001 -0.708197794302217E+002
  0.348320590497396E+001  0.129054331232599E+001 -0.710638652432728E+002
  0.345451680926321E+001  0.144935903979606E+001 -0.711549925008912E+002
  0.347812066379876E+001  0.125678734696510E+001 -0.711104366994241E+002
  0.347500811882522E+001  0.129497996941143E+001 -0.707547809936488E+002
  0.347569142870258E+001  0.127608395489643E+001 -0.709303022683984E+002
  0.346681761838926E+001  0.139282338884079E+001 -0.709220149242351E+002
  0.347555832703225E+001  0.134694993495780E+001 -0.709769661958814E+002
  0.348142334387263E+001  0.125760868541208E+001 -0.710209165092664E+002
  0.345926201687494E+001  0.137510074518374E+001 -0.707821883396209E+002
  0.345497931742667E+001  0.142875456695620E+001 -0.709443143866974E+002
  0.345869718892995E+001  0.136277412006837E+001 -0.709393265514677E+002
  0.346413843442514E+001  0.136083030721823E+001 -0.706386420338034E+002
  0.345488007930721E+001  0.141400593582836E+001 -0.708925009463080E+002
  0.346963272205195E+001  0.139025052910954E+001 -0.711300475283118E+002
  0.345340293691540E+001  0.141266688028136E+001 -0.709698911612830E+002
  0.345946798232024E+001  0.137105844492463E+001 -0.707970302087047E+002
  0.345528085101229E+001  0.139284393561654E+001 -0.709367292405058E+002
  0.345097865883801E+001  0.141928026135498E+001 -0.711181319975810E+002
  0.345446526254030E+001  0.143039553785631E+001 -0.709610338859165E+002
  0.345510889421425E+001  0.141478868556024E+001 -0.708845805525659E+002
  0.346771046994413E+001  0.137856512205151E+001 -0.707839530951408E+002
  0.346410750388515E+001  0.134267808685623E+001 -0.707482377089530E+002
  0.345399045736130E+001  0.142776387742055E+001 -0.709559610807677E+002
  0.346864281546360E+001  0.132362578343876E+001 -0.706942645127615E+002
  0.346525420291441E+001  0.139526951440676E+001 -0.708538997895774E+002
  0.348212459370198E+001  0.130370646598530E+001 -0.710802629238057E+002
  0.344956078766916E+001  0.143778091442020E+001 -0.711707889105355E+002
  0.345360476229704E+001  0.142205702631172E+001 -0.709524086726900E+002
  0.346031935347308E+001  0.143181555375261E+001 -0.711337305356163E+002
  0.347065173784687E+001  0.137202698367767E+001 -0.709041857572627E+002
  0.345257441602526E+001  0.139540238803202E+001 -0.711628465380122E+002
  0.347026144284803E+001  0.137795798478567E+001 -0.709643710431129E+002
  0.347987441167120E+001  0.125785125653309E+001 -0.710358659141348E+002
  0.346115333453759E+001  0.142383748474793E+001 -0.710453563573942E+002
  0.346711671123352E+001  0.135439847731188E+001 -0.706104005072362E+002
  0.348489304668979E+001  0.127550944769606E+001 -0.711144022963387E+002
  0.348163379917036E+001  0.131707408958903E+001 -0.711957782222399E+002
  0.347374336397880E+001  0.132217757752719E+001 -0.706661728006951E+002
  0.346165811124491E+001  0.143050071340937E+001 -0.712067999528862E+002
  0.346239075260934E+001  0.139056857673997E+001 -0.707061834234493E+002
  0.347560357018637E+001  0.130081844583508E+001 -0.707222686263254E+002
  0.345780244704736E+001  0.139940658519159E+001 -0.707794962064758E+002
  0.346230530005999E+001  0.135852767738055E+001 -0.707195408015586E+002
  0.348280134974756E+001  0.126078551253854E+001 -0.710123527579924E+002
  0.345067813587314E+001  0.143392344101287E+001 -0.711043532554401E+002
  0.345734087449511E+001  0.140378428040238E+001 -0.707975304197586E+002
  0.348154462010459E+001  0.130630449863192E+001 -0.710505552214877E+002
  0.347858624234194E+001  0.132639295815513E+001 -0.709932189846589E+002
  0.347391050118971E+001  0.130406716612620E+001 -0.707075558265699E+002
  0.347184507988357E+001  0.137749259615353E+001 -0.711146240127822E+002
  0.347382613724952E+001  0.131935571341937E+001 -0.706659301383004E+002
  0.345460933874205E+001  0.139904039757053E+001 -0.709472383173265E+002
  0.347276519896047E+001  0.129330812054277E+001 -0.708339109960579E+002
  0.345438885276943E+001  0.140100119030725E+001 -0.709521440139088E+002
  0.345566131863969E+001  0.140568517059994E+001 -0.708606680717798E+002
  0.346323645322308E+001  0.134064101129167E+001 -0.708297925597930E+002
  0.346635138839872E+001  0.138905701816556E+001 -0.708355352910248E+002
  0.347366287046718E+001  0.128150035363788E+001 -0.709506361042453E+002
  0.345737713312038E+001  0.140732769746055E+001 -0.708043028833671E+002
  0.346332291961240E+001  0.136603020044523E+001 -0.706476593318834E+002
  0.347061935545344E+001  0.136518850887356E+001 -0.708082162193935E+002
  0.346208338671779E+001  0.137385110737357E+001 -0.706667413292030E+002
  0.346132854657827E+001  0.139398525890169E+001 -0.707170819543699E+002
  0.346617514313821E+001  0.137680264289592E+001 -0.706955037402598E+002
  0.346094539420440E+001  0.140889564457099E+001 -0.708298290461867E+002
  0.346446123337985E+001  0.137231704709379E+001 -0.706388183531745E+002
  0.347083942028701E+001  0.128334078974738E+001 -0.711236679509278E+002
  0.347948953133326E+001  0.128093623233598E+001 -0.708491768474400E+002
  0.345437579391487E+001  0.144405969935380E+001 -0.710842261371753E+002
  0.347473901579550E+001  0.128973293900251E+001 -0.708040753375894E+002
  0.347834079165089E+001  0.130325867454583E+001 -0.707981557364043E+002
  0.348450250859285E+001  0.125052239071161E+001 -0.711120408333598E+002
  0.347967261141468E+001  0.126904382383519E+001 -0.709229063305435E+002
  0.346288480482879E+001  0.138508428252731E+001 -0.706806793176951E+002
  0.345507313030615E+001  0.143728191603319E+001 -0.710169635108984E+002
  0.347162592390038E+001  0.138189310823427E+001 -0.711790987577174E+002
  0.346910122970329E+001  0.131572937565203E+001 -0.707485542024661E+002
  0.347161809066977E+001  0.136675592488016E+001 -0.709071920042833E+002
  0.347176312946886E+001  0.136514144604008E+001 -0.708958320425737E+002
  0.345633114287533E+001  0.143199013348870E+001 -0.709755071123323E+002
  0.345061845232971E+001  0.141733461330513E+001 -0.711600580358265E+002
  0.347616647122230E+001  0.130914689099864E+001 -0.707217863370464E+002
  0.347058425190604E+001  0.137241020059763E+001 -0.709043235849364E+002
  0.348370873848549E+001  0.126047599497692E+001 -0.710397269758648E+002
  0.347582549096332E+001  0.127888145666236E+001 -0.708900637168056E+002
  0.347013443953806E+001  0.131091713445864E+001 -0.707511902802769E+002
  0.346374066137813E+001  0.134784690570389E+001 -0.707231121641391E+002
  0.348138249911529E+001  0.131077797044591E+001 -0.710839323898704E+002
  0.347936892197656E+001  0.125015357218948E+001 -0.711628387578530E+002
  0.347374982031847E+001  0.126769061199986E+001 -0.711911838094472E+002
  0.348181799580741E+001  0.131254599707152E+001 -0.711532168658579E+002
  0.348449402259129E+001  0.127138594237731E+001 -0.710711254561958E+002
  0.346885330825173E+001  0.136041522579468E+001 -0.706682994788889E+002
  0.346769479604726E+001  0.133989986351436E+001 -0.706245993291944E+002
  0.346366602136824E+001  0.138449985802096E+001 -0.706868358794874E+002
  0.345727553872907E+001  0.143830692010630E+001 -0.710822516873807E+002
  0.346029121639089E+001  0.143075953302794E+001 -0.711125855659333E+002
  0.347988334039279E+001  0.128532016563596E+001 -0.708481328643352E+002
  0.347490932937860E+001  0.131773431920501E+001 -0.706930275489712E+002
  0.348054877680969E+001  0.124409100609650E+001 -0.712137825143588E+002
  0.347051460532991E+001  0.133732212722788E+001 -0.706201282027760E+002
  0.346656997374797E+001  0.133247382519393E+001 -0.707086104808999E+002
  0.346369011243851E+001  0.139162125945083E+001 -0.707420734289412E+002
  0.346084223053754E+001  0.137288092291555E+001 -0.707119252265328E+002
  0.348270874391673E+001  0.127207756575878E+001 -0.709730763157914E+002
  0.345970985450953E+001  0.136195941661079E+001 -0.708617431467522E+002
  0.346086187521491E+001  0.142720148349308E+001 -0.710854621530478E+002
  0.345886594703372E+001  0.137928144238689E+001 -0.707810047727456E+002
  0.344906725165972E+001  0.143522574849977E+001 -0.712083551139721E+002
  0.346455034687404E+001  0.136057777510145E+001 -0.706302341265236E+002
  0.347426875281600E+001  0.133312455282203E+001 -0.707304752793727E+002
  0.346180212442042E+001  0.137665589956099E+001 -0.706711116284341E+002
  0.346905631384024E+001  0.131940456136300E+001 -0.707144482135261E+002
  0.347784007427195E+001  0.127652844606764E+001 -0.708704194360493E+002
  0.348369059116818E+001  0.129855895471884E+001 -0.711870052921894E+002
  0.348213335728412E+001  0.131404886926968E+001 -0.712108701247856E+002
  0.347528854382119E+001  0.127479717114479E+001 -0.709660406537611E+002
  0.346618385070028E+001  0.132408417660362E+001 -0.708228226108416E+002
  0.348090744445551E+001  0.127101913504437E+001 -0.709200225029274E+002
  0.346333151932034E+001  0.141963344692364E+001 -0.711244300521199E+002
  0.347024680008467E+001  0.135581283997025E+001 -0.706926130869742E+002
  0.345410913022722E+001  0.145331512428045E+001 -0.712014947171831E+002
  0.345871368826450E+001  0.140970715472730E+001 -0.708025817086779E+002
  0.347450018126336E+001  0.126620176303137E+001 -0.711619678279062E+002
  0.345986467852374E+001  0.136329413997191E+001 -0.708361048689710E+002
  0.346335201559401E+001  0.140023860582745E+001 -0.708200462279274E+002
  0.347124627791838E+001  0.130813743454611E+001 -0.707345633886061E+002
  0.346408326839748E+001  0.141036036327148E+001 -0.710110795721588E+002
  0.347217779459376E+001  0.134878773624323E+001 -0.707347077453618E+002
  0.345013937149627E+001  0.144311590108993E+001 -0.711461770251761E+002
  0.348410298703897E+001  0.129201767450355E+001 -0.711612453544209E+002
  0.345538273126693E+001  0.139893828429421E+001 -0.708947225857257E+002
  0.345840690703578E+001  0.138123966530976E+001 -0.707969350748057E+002
  0.346318991621990E+001  0.133512293965720E+001 -0.709070703530049E+002
  0.347212454592913E+001  0.131590335950061E+001 -0.706621359691279E+002
  0.345733799139827E+001  0.143148213005260E+001 -0.709901598020085E+002
  0.346923005183433E+001  0.130197897763157E+001 -0.709213989424679E+002
  0.345723243677575E+001  0.139947635862352E+001 -0.707992039948698E+002
  0.346357169680044E+001  0.137215553361661E+001 -0.706412314104671E+002
  0.346786535429744E+001  0.137703653568080E+001 -0.707749556294191E+002
  0.346476044456749E+001  0.139766207315193E+001 -0.708580128372001E+002
  0.345433376482634E+001  0.137854385817428E+001 -0.711838998379677E+002
  0.346392616697433E+001  0.134815833867181E+001 -0.707106901942793E+002
  0.345290460790171E+001  0.144213766506793E+001 -0.710639658838344E+002
  0.346361151170439E+001  0.132838577473371E+001 -0.709722929898108E+002
  0.347303168025293E+001  0.131352351067667E+001 -0.706676471958921E+002
  0.348352399804872E+001  0.129859040964138E+001 -0.711693071515318E+002
  0.348375152990803E+001  0.127925666502065E+001 -0.710439058965817E+002
  0.348110293083299E+001  0.126193939806039E+001 -0.709824742503297E+002
  0.344900862829624E+001  0.143754499845743E+001 -0.712080267795653E+002
  0.346106408698476E+001  0.133579741628665E+001 -0.711100811134721E+002
  0.346101203924497E+001  0.139723232016236E+001 -0.707338461773513E+002
  0.345370060577988E+001  0.138534623116417E+001 -0.711622865135143E+002
  0.348381367509365E+001  0.129931283657774E+001 -0.712095422507824E+002
  0.347284180006558E+001  0.133693776908719E+001 -0.706841740384887E+002
  0.347573301056090E+001  0.134898035258713E+001 -0.710258482521643E+002
  0.348305009847969E+001  0.127708511789248E+001 -0.709921086999521E+002
  0.346534318459392E+001  0.132062126132661E+001 -0.709392891157851E+002
  0.345829701591017E+001  0.142260458614908E+001 -0.709096390201162E+002
  0.348438872038399E+001  0.125450463407696E+001 -0.710872375900436E+002
  0.345479431895766E+001  0.137272025052543E+001 -0.712177424150277E+002
  0.346954308462397E+001  0.134446274668615E+001 -0.706165726920817E+002
  0.347767710736940E+001  0.132497611983755E+001 -0.708951992289634E+002
  0.345941997476895E+001  0.137455401055930E+001 -0.707762048806451E+002
  0.347224298804490E+001  0.135760512742706E+001 -0.708327445409151E+002
  0.347633709860020E+001  0.127094667856530E+001 -0.709743159499216E+002
  0.345527735171401E+001  0.138205173603727E+001 -0.710363139287579E+002
  0.346554401832697E+001  0.131731751511682E+001 -0.709756487670968E+002
  0.348121324227709E+001  0.129149366056659E+001 -0.709195754580039E+002
  0.345992416550731E+001  0.140996861592882E+001 -0.708163207739201E+002
  0.348061182913181E+001  0.132034657008137E+001 -0.711249977319322E+002
  0.346382587448199E+001  0.139283475571690E+001 -0.707580982404258E+002
  0.345249363846083E+001  0.144023503806561E+001 -0.710565363579059E+002
  0.347264972339101E+001  0.128195767725183E+001 -0.710063368557777E+002
  0.345183187671992E+001  0.144345438639338E+001 -0.710909637201151E+002
  0.346002546972422E+001  0.140618284860917E+001 -0.707862102756485E+002
  0.346329392942246E+001  0.136968460259527E+001 -0.706441139573442E+002
  0.347434989948212E+001  0.134289962988524E+001 -0.708208034570552E+002
  0.347767865480458E+001  0.128383411064116E+001 -0.708157175321679E+002
  0.345257953721298E+001  0.141276247382984E+001 -0.710253194879280E+002
  0.348455054039234E+001  0.128346490622807E+001 -0.711322558509326E+002
  0.347779360035699E+001  0.131262907253335E+001 -0.708071217009860E+002
  0.346565401596776E+001  0.131125337113156E+001 -0.710743148677764E+002
  0.345702086947224E+001  0.140846049850204E+001 -0.708152968978277E+002
  0.346088870221276E+001  0.137084910038839E+001 -0.707187061557907E+002
  0.347002681336987E+001  0.135310141879211E+001 -0.706643088187054E+002
  0.346473670682113E+001  0.141000920295665E+001 -0.710552310587884E+002
  0.345634146329781E+001  0.143408045539973E+001 -0.709989403395664E+002
  0.347390982387589E+001  0.130753515803073E+001 -0.706903293305222E+002
  0.346922859279489E+001  0.139498489799325E+001 -0.711851416654854E+002
  0.346999663506012E+001  0.139251983493355E+001 -0.712184483684900E+002
  0.347551187060131E+001  0.135023670793394E+001 -0.710227604902844E+002
  0.347567093479055E+001  0.128485310760384E+001 -0.708292742716833E+002
  0.348533283953370E+001  0.127268503353949E+001 -0.711366485573553E+002
  0.345792561057061E+001  0.139576720504334E+001 -0.707754386241842E+002
  0.347255028950872E+001  0.137626148128924E+001 -0.711699987700799E+002
  0.347643774199441E+001  0.134998049443710E+001 -0.711204476636444E+002
  0.346360623282893E+001  0.141465177067759E+001 -0.710519075702538E+002
  0.347426842290438E+001  0.136177468493658E+001 -0.710857345944817E+002
  0.347057336038141E+001  0.130819760835267E+001 -0.707604752999478E+002
  0.348233190826826E+001  0.125035284591024E+001 -0.710905048522264E+002
  0.346129390146164E+001  0.139094716417837E+001 -0.707025950650167E+002
  0.345008017701434E+001  0.142973907372239E+001 -0.711475399164161E+002
  0.347749848234539E+001  0.125840157356454E+001 -0.711141849568022E+002
  0.346985104335408E+001  0.129589220023187E+001 -0.709740319586630E+002
  0.345289687035132E+001  0.140897464911504E+001 -0.710200250726391E+002
  0.346342983813304E+001  0.136136153377370E+001 -0.706570755944188E+002
  0.347054574760918E+001  0.131713866833871E+001 -0.706822656007525E+002
  0.346707078980042E+001  0.129967196351487E+001 -0.711584775792807E+002
  0.347744293549390E+001  0.134713342353466E+001 -0.711892195747259E+002
  0.346735410661204E+001  0.137704132310846E+001 -0.707475932138762E+002
  0.348102537389279E+001  0.127256592601606E+001 -0.709153436188878E+002
  0.347686144472538E+001  0.133266636345074E+001 -0.709096036448939E+002
  0.346399738549805E+001  0.136802881904880E+001 -0.706339303588305E+002
  0.346268314373959E+001  0.135921297380898E+001 -0.706964761367287E+002
  0.346848867364000E+001  0.138435494331065E+001 -0.709173464753172E+002
  0.348631540973235E+001  0.126755455422512E+001 -0.711940744565433E+002
  0.347217355552710E+001  0.137740800383443E+001 -0.711498008123519E+002
  0.347705518847405E+001  0.126503642909591E+001 -0.710296216622800E+002
  0.347024313233010E+001  0.128151973808830E+001 -0.712186516211175E+002
  0.346923961643220E+001  0.132025586093751E+001 -0.706997384222815E+002
  0.348333801462564E+001  0.125449886310255E+001 -0.710615538712411E+002
  0.347079824485960E+001  0.135636413450063E+001 -0.707250578892754E+002
  0.345931052989041E+001  0.143474109969029E+001 -0.711235702879486E+002
  0.347157507614898E+001  0.136331804214963E+001 -0.708550254891626E+002
  0.348197418667719E+001  0.129821144513117E+001 -0.710157173481546E+002
  0.345202471835397E+001  0.143248400261438E+001 -0.710368572643456E+002
  0.344996157777577E+001  0.145594121172017E+001 -0.712198527582106E+002
  0.346901229052471E+001  0.137307541737236E+001 -0.707973063190561E+002
