3.508170103839928888e+00 1.117998635254278783e+00
3.508170103839928888e+00 1.117998635254278783e+00
3.535917268620384579e+00 9.370311027913179602e-01
3.509289547468829706e+00 1.157974990561002393e+00
3.508197623464764270e+00 1.053856243942029147e+00
3.513697775369719167e+00 1.110011130889661413e+00
3.586535176350210907e+00 7.150085567418973387e-01
3.503185408599446937e+00 1.260594761393150520e+00
3.501274623268266328e+00 1.240262654076891291e+00
3.534940816297722055e+00 9.704278542948330255e-01
3.515725485829488850e+00 1.177113667445385037e+00
3.546804822848670380e+00 9.636019981016508140e-01
3.510845812496126594e+00 1.083022282859295471e+00
3.512216627117543677e+00 1.201336145156292501e+00
3.479279917680138112e+00 1.165132631429771637e+00
3.511036015100442942e+00 1.097871419058353171e+00
3.535917268620384579e+00 9.370311027913179602e-01
3.520689686938209828e+00 1.038772130455956955e+00
3.510138388013822386e+00 1.088719519486720522e+00
3.532930608625596047e+00 8.929407031380555138e-01
3.512081916777469281e+00 1.094249083663482169e+00
3.516070035848406494e+00 1.092354625958449565e+00
3.489329528548611226e+00 1.183939907911137901e+00
3.536085890752682648e+00 8.640967406464866718e-01
3.519450546362195897e+00 1.029330954288583344e+00
3.515725485829488850e+00 1.177113667445385037e+00
3.551615642941181150e+00 9.403073452643284647e-01
3.512216627117543677e+00 1.201336145156292501e+00
3.550637132383871464e+00 9.982228542420825690e-01
3.506091002116337840e+00 1.028381407093933220e+00
3.523608676661332151e+00 1.011264203383442251e+00
3.515725485829488850e+00 1.177113667445385037e+00
3.514297779663874355e+00 1.069305602060326432e+00
3.516838827727563732e+00 1.126077919962937601e+00
3.521840844984972740e+00 1.103177745060482717e+00
3.510138388013822386e+00 1.088719519486720522e+00
3.509289547468829706e+00 1.157974990561002393e+00
3.530438509990194262e+00 1.019086699970998433e+00
3.490222521811379597e+00 1.239469410040122455e+00
3.495992644525907966e+00 1.158614109465726960e+00
3.524234634792320353e+00 1.070511976449568747e+00
3.521951164966730996e+00 8.645558982237064871e-01
3.552151487918406847e+00 9.168775432206563991e-01
3.494608016972531317e+00 1.053717677345578085e+00
3.535917268620384579e+00 9.370311027913179602e-01
3.568328927765314074e+00 8.161879855982953069e-01
3.509400009069858051e+00 1.074115787758393781e+00
3.519450546362195897e+00 1.029330954288583344e+00
3.544613487056232248e+00 8.126952744515001381e-01
3.488041075122387369e+00 1.326107588679361848e+00
3.472653767027426674e+00 1.394814638583587341e+00
3.508757299576218625e+00 1.055082303884042894e+00
3.514770363014297239e+00 1.087922403340256361e+00
3.534423083493424489e+00 1.055666931655853347e+00
3.539920638968709454e+00 1.036766103413670592e+00
3.488062973460495986e+00 1.260151200541426597e+00
3.472653767027426674e+00 1.394814638583587341e+00
3.529190524516812921e+00 1.086288486217396931e+00
3.518965208025715885e+00 1.030469621687261972e+00
3.532930608625596047e+00 8.929407031380555138e-01
3.568328927765314074e+00 8.161879855982953069e-01
3.529050898381190571e+00 1.058698408380021938e+00
3.555382168415662125e+00 7.194414676230790340e-01
3.493303900168840848e+00 1.173941517568668491e+00
3.506091002116337840e+00 1.028381407093933220e+00
3.542429393326255394e+00 1.005366984485884796e+00
3.517188571566915556e+00 1.124455149151011524e+00
3.493303900168840848e+00 1.173941517568668491e+00
3.520682295898355019e+00 1.060113093237605719e+00
3.535917268620384579e+00 9.370311027913179602e-01
3.540387567176328965e+00 1.007620629971778925e+00
3.489329528548611226e+00 1.183939907911137901e+00
3.516451102767066406e+00 1.111234392851232933e+00
3.543074330249395221e+00 1.095707192314967937e+00
3.529190524516812921e+00 1.086288486217396931e+00
3.500587821356934359e+00 1.148527424178289902e+00
3.516678929438607160e+00 1.077541788479924323e+00
3.514297779663874355e+00 1.069305602060326432e+00
3.544613487056232248e+00 8.126952744515001381e-01
3.529050898381190571e+00 1.058698408380021938e+00
3.546290692355186014e+00 9.174156046816777099e-01
3.531095251069026553e+00 1.017951735011485281e+00
3.493303900168840848e+00 1.173941517568668491e+00
3.515725485829488850e+00 1.177113667445385037e+00
3.531250002116695264e+00 1.045166392560272328e+00
3.488062973460495986e+00 1.260151200541426597e+00
3.493193161750689946e+00 1.266785221659412430e+00
3.540387567176328965e+00 1.007620629971778925e+00
3.479279917680138112e+00 1.165132631429771637e+00
3.488062973460495986e+00 1.260151200541426597e+00
3.506091002116337840e+00 1.028381407093933220e+00
3.535917268620384579e+00 9.370311027913179602e-01
3.516202292719258882e+00 1.105214933999907112e+00
3.516605840398969285e+00 1.129143940799357093e+00
3.488062973460495986e+00 1.260151200541426597e+00
3.549786084260794006e+00 9.954054399229909089e-01
3.546393226610530469e+00 8.912284070574308936e-01
3.543365294930214127e+00 8.875339659833750838e-01
3.506091002116337840e+00 1.028381407093933220e+00
3.532930608625596047e+00 8.929407031380555138e-01
3.512216627117543677e+00 1.201336145156292501e+00
3.488041075122387369e+00 1.326107588679361848e+00
3.502730548608097294e+00 1.185680874583177724e+00
3.488041075122387369e+00 1.326107588679361848e+00
3.575578884250747880e+00 8.297509889113909853e-01
3.539520459077728720e+00 1.097791299673802845e+00
3.538547547681230032e+00 8.684709598639106520e-01
3.552151487918406847e+00 9.168775432206563991e-01
3.514803960441164499e+00 1.021624104050136816e+00
3.550637132383871464e+00 9.982228542420825690e-01
3.506091002116337840e+00 1.028381407093933220e+00
3.540387567176328965e+00 1.007620629971778925e+00
3.550637132383871464e+00 9.982228542420825690e-01
3.504326624361950859e+00 1.197962161384368507e+00
3.479279917680138112e+00 1.165132631429771637e+00
3.484011118178002242e+00 1.225177021620226681e+00
3.506834511186012637e+00 1.147810522577196846e+00
3.519338771583842007e+00 1.131688850862948570e+00
3.523194783907924510e+00 1.216123239629598007e+00
3.514692972629221757e+00 1.216630637007557247e+00
3.513314224526881802e+00 1.120976077788907954e+00
3.514692972629221757e+00 1.216630637007557247e+00
3.488041075122387369e+00 1.326107588679361848e+00
3.483831763153688144e+00 1.466301382761780792e+00
3.534940816297722055e+00 9.704278542948330255e-01
3.518016747274195222e+00 1.129409205533319138e+00
3.514601498054804374e+00 1.114771530183947368e+00
3.501015780450845938e+00 1.299826954108916244e+00
3.519947065623112437e+00 1.119509662604145639e+00
3.484901845881680060e+00 1.283112536189738639e+00
3.516617463814736499e+00 1.113876491318630979e+00
3.510566925064157573e+00 1.129879043758291957e+00
3.534284885467346538e+00 1.012080679819474138e+00
3.515725485829488850e+00 1.177113667445385037e+00
3.522472523648792819e+00 1.039560132411388116e+00
3.480800272756106484e+00 1.338352985631303449e+00
3.521840844984972740e+00 1.103177745060482717e+00
3.531095251069026553e+00 1.017951735011485281e+00
3.488041075122387369e+00 1.326107588679361848e+00
3.530171889801725804e+00 1.007414155206693307e+00
3.511036015100442942e+00 1.097871419058353171e+00
3.539920638968709454e+00 1.036766103413670592e+00
3.522472523648792819e+00 1.039560132411388116e+00
3.502470963418048644e+00 1.177643611187989992e+00
3.535917268620384579e+00 9.370311027913179602e-01
3.535917268620384579e+00 9.370311027913179602e-01
3.519969471759607504e+00 1.167770764281487184e+00
3.479279917680138112e+00 1.165132631429771637e+00
