6.494153943067672685e+00 6.709030137814066256e+04
-6.799985851086739252e+00 1.846267212188960111e+05
3.824957856152737978e+00 5.448399008390997187e+04
1.365337186934432800e+01 3.610406724846187717e+04
8.757429605385551596e+00 -9.373442937579262070e+05
-7.893531814329417529e+00 5.704005931716556661e+05
4.984165455030642455e+00 7.578710752937189536e+05
4.804280180672266809e-01 -1.037343216400976293e+06
2.324491845349389862e+01 -7.213332060593373608e+05
1.514868510387345779e+01 -7.157760752396427561e+05
-6.889050526835293731e+00 6.374552622003946453e+05
-1.035408282321289164e+01 1.827958983094818905e+04
-1.819025236308987914e+01 1.819576401997447247e+05
-1.606588795813107140e+01 -1.540312715236702024e+04
-7.757883490170758733e+00 7.379143410224416293e+05
6.919666099328149578e+00 -1.283160348722065333e+06
-5.015583057227983588e+00 9.598381646948694834e+04
-2.397766975406573664e+01 3.643363762183514773e+05
5.069052831197887521e+00 1.296845596006522283e+04
5.005223682969492494e+00 2.756948087868714356e+05
1.009857053039965091e+00 1.098372462352583767e+02
-8.372932969801798464e+00 5.009586441005644156e+05
6.143160593905982125e+00 -1.229013320254682098e+06
4.685290083943783657e+00 7.134748086279319832e+05
2.193175751179490263e+00 -1.518174393951063510e+06
-1.043125130092249009e+01 3.741758558093893612e+02
-3.369512099173951114e+00 5.833605334127950215e+01
1.303763382104327206e+01 9.738970422866683220e+05
4.501020955660795408e+00 1.849874088776280985e+02
1.167682914892687762e+01 1.376094467863355749e+04
-1.207976491188636814e+01 4.930797382234080033e+03
5.777930198201274514e+00 -8.317898748726918257e+00
-4.054162630418701174e-01 4.348284971939998300e+00
9.358720792942040845e+00 -4.651732841325045342e+01
5.886844167213524770e+00 -1.213032227388883371e+02
1.248023670726382095e+00 9.613443630912879456e+00
-8.255369018542865200e-01 -9.241269664505645096e+02
3.168709878024651427e+00 7.192860052055152664e+00
1.222576997297896462e+01 -7.529596558845247145e+00
3.783182056079374522e+00 -5.565305289263140054e+00
8.906894700805914056e+00 -2.538528322551212623e+05
1.337081662570946294e+00 1.638228533729110481e+01
1.663635572581575417e+01 -7.703158319028116530e+05
2.616548105075481856e-01 -4.830363971956485036e-01
3.990754572592955629e+00 2.046282837096792040e+00
1.236599169762584438e+00 -4.727419374376974883e+05
-1.374657337558806924e+00 1.685128928150132310e+01
-3.219838937119612332e-01 -5.095596511259725230e+04
-4.323109861933682296e+00 9.998439797948674368e+01
9.370898567813785718e+00 3.801884593613257948e+03
5.896565570533486955e+00 -2.066297519992027532e+01
3.096223107169880695e+00 1.168021751864821667e+01
9.605170618557279383e-01 3.389986132059728163e+01
3.226139245192678473e+00 2.694074820452199148e+00
3.648071151298615700e+00 -1.211864616888633117e+00
8.211382013411178349e+00 -3.630508311442116974e+05
2.358380801551484662e+00 4.460092831461400564e+00
8.836424428716147972e+00 8.175469637343345539e+02
1.018760741012012616e+01 2.626271445305664201e+03
2.362631060274407613e+00 1.035744937678572875e+01
3.602227510007667277e+00 4.521676427749715010e+00
3.250811904423021037e+00 6.277456479700427749e+00
1.627547101318210565e+00 3.025042811250004071e+00
1.067520175562890117e+01 2.796779088279799907e+02
3.444888475453615762e+00 1.445786745583397259e+00
-4.851951083338094328e+00 -1.359256441172654377e+03
1.659316792877028490e+01 6.777057840548875447e+02
3.958984187060831328e+00 -3.864248430807698309e+00
1.051360030354051744e+01 -3.838486653154973283e+02
2.964122913017710470e+00 4.997085158203923960e+00
3.467505318495948341e+00 1.379974084952077629e+00
7.281807130506395609e+00 -3.555845038459964371e+02
3.544613487056232248e+00 8.126952744515001381e-01
3.812091798605138582e+00 -1.181455821527589434e+00
3.754987955574459857e+00 -2.189846930455721541e+00
3.451216047178855106e+00 1.214319123441374160e+00
2.775951969496400551e+00 7.615042459004583542e+00
-5.522846583199044090e+00 4.770812255247809475e+01
3.523945441487544628e+00 1.001475942381182538e+00
-2.028544425090708980e+00 -3.837347381227494225e+03
3.517933865659545578e+00 1.026124616782636556e+00
3.376820023606545096e+00 3.618332460664404060e-01
6.031198146261433912e+00 -1.355696687042818027e+01
3.471206407946195949e+00 1.344055912544749987e+00
3.536684089824760235e+00 1.005970291064411937e+00
3.423690224726799514e+00 1.878835055561720813e+00
3.522568037383329465e+00 1.094403944616159752e+00
3.517188571566915556e+00 1.124455149151011524e+00
3.522472523648792819e+00 1.039560132411388116e+00
3.515785807055295198e+00 1.111598749687404908e+00
3.912833750442508585e+00 -1.739635745897325725e+00
3.608768977866177341e+00 4.759438452620636251e-01
3.513886887889560384e+00 1.101960411857325406e+00
1.413025316168912138e+00 -4.053435694135460494e+02
3.519400471559134491e+00 1.090692143888942311e+00
3.506950667450131398e+00 1.171292020972426684e+00
3.517408116217641822e+00 1.092021818551906609e+00
3.601747276066328052e+00 7.411186844605271995e-01
3.512424429763333134e+00 1.118999931597804087e+00
3.517118996495733008e+00 1.081707107701312287e+00
3.555382168415662125e+00 7.194414676230790340e-01
3.516557725940693935e+00 1.096732800437927313e+00
3.516517432920985620e+00 1.095088025028250422e+00
3.516707865746872663e+00 1.097870868600366645e+00
3.517035074979354636e+00 1.094374030427923028e+00
3.517118633534465744e+00 1.096421783892904234e+00
3.516952058920613133e+00 1.094265851710359172e+00
3.516398920462211919e+00 1.110335315253449417e+00
3.514368026898746944e+00 1.108809613323376464e+00
3.516070035848406494e+00 1.092354625958449565e+00
3.512520821421881934e+00 1.098872484537639860e+00
3.517145521987735890e+00 1.094796794807931128e+00
3.505489737875285616e+00 1.194082938433228103e+00
3.516878160725395386e+00 1.095882252182710959e+00
3.517113796202378850e+00 1.093830929827193543e+00
3.515577001669284218e+00 1.097565380246207312e+00
3.518016747274195222e+00 1.129409205533319138e+00
3.528960740399385010e+00 9.805865123726520416e-01
3.514197640330182892e+00 1.108951042198284220e+00
3.535917268620384579e+00 9.370311027913179602e-01
3.514610045983164177e+00 1.105462661826551063e+00
3.516077910733570899e+00 1.098868812781532700e+00
2.053362339950674631e+00 9.714692206291289267e+00
3.978622233656402774e+00 -1.434805359357244514e+00
-1.046190719419674764e+01 -3.956287150889561133e+01
3.531355661522812550e+00 1.970544846630142954e+00
-1.677515812353209057e+01 -2.084652393486989604e+05
3.517039884874098910e+00 1.094914209772552605e+00
3.516133661112136988e+00 1.096579158023334832e+00
-5.490365071846206924e+00 -2.335816748329938491e+03
4.608467413442679295e+00 9.362936321867516654e+02
-2.766801905203699619e+00 -2.734043832388142473e+05
-4.150670632897202950e+00 -1.615482659816861560e+05
3.719125095758661015e+00 9.688622751995258353e-01
3.513760746802831569e+00 1.110802248257148017e+00
2.152597221625365265e+00 1.315317515226564105e+01
4.016096289654774054e+00 5.301994163127922366e+04
3.516945383117430879e+00 1.095083030819530290e+00
1.661319051275578440e+00 1.270742405356114091e+01
4.768636200679519654e-01 -2.216767206612185983e+05
3.519008101486518214e+00 1.092216072824520712e+00
4.160116216182196069e+00 -1.109617100070995299e+01
3.515671627996822313e+00 1.100941935682277162e+00
6.298610684075762300e+00 -3.067968899995716470e+02
3.478704331673706296e+00 1.248354322092360524e+00
-1.295432148399084937e+01 -1.087509281226170515e+03
3.517487783692945236e+00 1.089950320886590163e+00
1.174449703773639264e+01 7.729886553500142327e+03
3.516558865485075458e+00 1.105288369776874502e+00
1.730669287423848957e+01 -1.736110905150125063e+02
3.472653767027426674e+00 1.394814638583587341e+00
3.536820997664605226e+00 1.003962114523552884e+00
-1.940345522953786883e+01 1.912642037598466413e+04
3.488062973460495986e+00 1.260151200541426597e+00
3.507575958667960236e+00 1.165855756640563623e+00
3.469736446163885546e+00 1.583391672185079369e+00
3.686819672777173373e+00 -2.432054691450824535e-01
3.516715308120087258e+00 1.091239094046892566e+00
3.220449452490704356e+00 1.887354504664958466e+00
3.332778541709731535e+00 1.488950914500960954e+00
8.277310914110170614e+00 -1.240800531141298624e+00
3.501274623268266328e+00 1.240262654076891291e+00
3.571396545586905003e+00 9.418781444357628985e-01
3.521828420959932870e+00 1.105626001347694398e+00
3.516826446086836366e+00 1.092511444628796236e+00
3.517295968289382735e+00 1.089630707230523354e+00
4.452273070667739141e+00 -3.969970262280640760e+00
-1.205487353946729634e+01 -1.956519893482485486e+02
-4.166796121131763009e+00 1.553678734264606646e+03
1.069174726379258145e+00 7.684011421408626363e-01
3.631187317094823896e+00 1.644975008573944519e+00
7.271689532356549357e+00 -2.380362853559851999e+01
3.568328927765314074e+00 8.161879855982953069e-01
3.517893450233577468e+00 1.091193623996774109e+00
3.517728473277937695e+00 1.091027282147390975e+00
2.606354249710048698e+00 -2.277660194245920025e+02
1.461154859994464950e+01 -1.449091808954997759e+04
7.786405822879128635e+00 -2.039767248076924488e+01
2.759515812553279712e+00 3.845453245849946189e+00
4.442774430981168976e+00 -1.125603887693616745e+00
-5.280767433061494209e+00 4.747071398045180104e+04
4.700298786384145444e+00 -7.632458243964791222e+00
-2.984104038687666716e+00 -5.160624189043435763e+04
3.838444530450855208e+00 -2.179936625367278058e-01
2.374356517922973087e+00 -2.079318410026397032e+04
3.455830494168159905e+00 7.839612573458685230e-01
3.517249546327069432e+00 1.089607624805542185e+00
3.517027020695845163e+00 1.094534094378452282e+00
3.885738730373855088e+00 -5.144457168789666746e-01
3.440460318083156999e+00 1.866067741121153256e+00
-1.063722271714788947e+00 -1.539678016486236345e+01
4.227117366198650750e+00 -3.187694142085158777e+00
2.499666830357107905e+00 4.120702592797427677e+00
3.371920054265450606e+00 1.178114225611027521e+00
7.698259748972457572e+00 -4.123546583919716113e+01
3.516674055880378180e+00 1.096077055989515436e+00
6.134736211088299696e-01 5.720790037833286590e+01
3.501015780450845938e+00 1.299826954108916244e+00
3.509281034081088713e+00 1.130315064994772190e+00
5.244017887053987081e+00 -3.447287137226936693e+00
3.536190509054977671e+00 9.758393383677520516e-01
3.520350158282159914e+00 1.078560853278446086e+00
3.520689686938209828e+00 1.038772130455956955e+00
-3.385937456975161020e+00 1.351920874441805438e+02
3.684963092305529653e+00 -3.735402765105109602e+00
3.220870565271075847e+00 2.252401352051214722e+00
2.323847834114442179e+00 2.968126658905767101e+01
1.018349458694650345e+01 -1.166562833005042421e+02
3.495992644525907966e+00 1.158614109465726960e+00
3.900866269631841909e+00 -5.193583953685209087e-01
3.520911924346034283e+00 1.064620901003579645e+00
-9.954515691359528518e+00 -6.104122434934993180e-01
3.514692972629221757e+00 1.216630637007557247e+00
2.071792277411372396e+00 -5.696202168448961878e+00
3.513524735973755586e+00 1.114811156963333216e+00
5.763026472209050510e+00 -6.781152587069411197e+01
3.516577266047948402e+00 1.094859249501796805e+00
3.516610035622552033e+00 1.095934246767251041e+00
4.144904764999594704e+00 -6.108729411898833561e+00
9.528770708696407965e+00 -5.128393791760003296e+03
2.039735357487494127e+01 -8.921468654277255439e+00
2.234403717951451540e+00 1.378148910938762661e+01
2.416854075731233120e+00 1.070952567448701842e+01
1.781089428734277780e+00 1.134269027968424126e+02
3.516893211186963519e+00 1.095128461589535807e+00
2.602707731225438081e+00 -1.891057211588272935e+01
1.188464740254792673e+01 6.281471310946303532e+01
3.519947065623112437e+00 1.119509662604145639e+00
6.349550910990952701e+00 -1.225202519110748867e+01
3.518029295888946084e+00 1.084418153666189211e+00
3.516745244497077039e+00 1.094161073017759778e+00
-1.243205791069067878e+01 -4.843102503180347185e+01
3.558090136695263972e+00 1.380535217819317761e+00
3.435320867842141190e+00 -1.834855654914237311e+04
-1.994136120126133394e+00 3.134067779792951214e+01
3.524234634792320353e+00 1.070511976449568747e+00
1.923196807455124002e+00 1.541972701258284360e+03
3.551615642941181150e+00 9.403073452643284647e-01
7.807231783259412694e+00 -6.082526977405604995e+00
-3.025898805336081354e-01 -1.437793287409372397e+03
3.514764969195615762e+00 1.106883988476264680e+00
3.463120804580628764e+00 1.190850406551566154e+00
3.470094484129877976e+00 1.175483163959759825e+00
-3.086872099878519293e+00 1.197817185204917791e+02
3.488041075122387369e+00 1.326107588679361848e+00
3.657119870369029524e+00 1.023698785862616756e+00
3.569505989995392703e+00 -5.807888667788232984e-02
3.616195529228718009e+00 6.509841608189573803e-01
4.590458388566159620e+00 3.555567324246073913e-01
3.705786996144347256e+00 -1.155360247627769787e+01
-6.265312425500643378e+00 -2.593325647293083875e+03
3.407840749283806758e+00 1.548434068161537613e+00
8.755667312201936170e+00 -2.570096130673166002e+01
3.510566925064157573e+00 1.129879043758291957e+00
-5.010314073033944382e+00 3.890477600241755454e+02
3.208636315580908338e+00 2.169221943393754071e+00
7.429792468425194585e+00 6.210394285172388606e+01
3.515097943308142625e+00 1.088210463795445504e+00
-5.730477755566615983e+00 -6.201372211908308429e+01
-8.679425478921038106e+00 5.047974581660305557e+04
3.106909876894716760e+00 2.441001284749054534e+00
3.462444932720759372e+00 1.289240583149817265e+00
-2.163772673977122363e+00 8.605571791669962067e+02
-1.516316955103130582e+01 -1.674624569295248193e+02
-6.483079080981868358e-01 -2.935523972271723778e+02
4.905833367960699826e-02 2.658516090629869311e+01
3.964364243752109829e-01 5.712505789819319034e+03
3.506091002116337840e+00 1.028381407093933220e+00
3.518965208025715885e+00 1.030469621687261972e+00
2.439072728814701385e+00 4.801213335806408189e+00
3.515854527717827249e+00 1.101295635950992668e+00
3.518811798977059979e+00 1.084662256559325133e+00
3.523613108778829162e+00 1.065550167024120309e+00
3.669478623363336300e+00 2.571278635347595265e-01
3.486440997899971528e+00 7.542600068062855767e-01
3.515769606876025577e+00 1.099749624483452148e+00
-8.340560732781272080e+00 7.666975527826855341e+01
3.493193161750689946e+00 1.266785221659412430e+00
3.598672700589475415e+00 2.509046766889766467e-02
3.517254694282003324e+00 1.091452830330890800e+00
3.157743596331732849e+00 2.180082939206290149e+00
1.909939296513915918e+00 8.494112303085259441e+00
-1.065622290119668847e+01 4.406073925278452807e+05
-1.055680632175406863e+00 8.033375399157985812e+05
3.511084587219524433e+00 1.019890226456791726e+00
3.502470963418048644e+00 1.177643611187989992e+00
3.518753874871079823e+00 1.092287886003199926e+00
3.516561442901039225e+00 1.096603315431407655e+00
1.097610437180193266e+01 1.149708262195256772e+06
2.861819943956185330e+00 -5.134583625940755347e+00
3.530438509990194262e+00 1.019086699970998433e+00
3.516685788544875013e+00 1.094800815219735490e+00
6.207140748137804920e+00 -1.231059255842592748e+01
3.500587821356934359e+00 1.148527424178289902e+00
1.000384511208194915e+01 -1.833616910355782238e+04
3.517066794706587451e+00 1.092538856343917786e+00
6.182564573861275559e-01 1.480517690903949379e+01
3.540387567176328965e+00 1.007620629971778925e+00
1.054433190627720762e+01 1.706668588160294530e+04
-3.343431003522786327e+00 7.649584968393628515e+01
3.341109216741021459e+00 1.446762509304133415e+00
3.531250002116695264e+00 1.045166392560272328e+00
3.516002314162557596e+00 1.096250172017529945e+00
4.150826784656387325e+00 -2.592170980115537038e+00
3.516156561713000617e+00 1.095031010410353334e+00
3.519259043861994396e+00 1.070589487994289213e+00
3.517160458091487474e+00 1.093553259496484520e+00
3.517265644342643327e+00 1.091073560782061413e+00
5.438720252107752451e+00 -6.488188855525640975e+02
3.229918564287695748e+00 1.290373150835853799e+00
3.516935468585351554e+00 1.092261103782591114e+00
-2.042499920447503836e+00 2.731663823595269136e+01
2.485630802053701238e+00 7.520174504707482832e+00
4.096042235971590451e+00 -1.645038036916664170e+00
3.291875583525035065e+00 2.600911779846328375e+00
1.057357507940998254e+01 -3.480780969521422890e+02
-1.347602311208776715e+00 -5.457898695208773461e+03
3.574653994595189843e+00 7.012326767148768791e-01
3.353702985896909183e+00 2.070746498248377865e+00
3.164619664092865658e+00 -3.654866855163940720e-02
3.519969471759607504e+00 1.167770764281487184e+00
3.518460837925537543e+00 1.099110723262252565e+00
3.492122323643443327e+00 1.361823798981861566e+00
1.432186908704279737e+01 6.538460629816092478e+03
4.320917447664317734e+00 -6.175704290917165551e+00
9.690292580436032921e+00 7.860222833218077540e+03
3.539520459077728720e+00 1.097791299673802845e+00
3.508170103839928888e+00 1.117998635254278783e+00
3.083935868844297268e+00 1.617630565279414956e+00
3.516746444614774258e+00 1.099418731691007567e+00
3.515874147812636075e+00 1.093775013158594822e+00
3.542119094720359129e+00 1.251346040823570371e+00
-9.014786884100058018e+00 -5.096419561331622390e+02
-1.832756725479167415e+01 -6.030459784310776286e+02
3.931037257029799559e+00 -4.031086272366874113e+00
3.493303900168840848e+00 1.173941517568668491e+00
1.209265790261491169e+00 8.376066584387108094e+01
4.372852918147466461e+00 -4.151564219252770749e-01
3.517189044835306699e+00 1.105341343854583602e+00
5.098450177716326692e+00 -4.028831646453249427e+00
3.502986767625425824e+00 1.184793430316727791e+00
3.519566375853149243e+00 1.067277162910920785e+00
3.513697775369719167e+00 1.110011130889661413e+00
3.513625879151359044e+00 1.109057131133480700e+00
-5.997346599340614759e+00 -1.944640057798642374e+02
-3.703996298319233382e+00 1.573762391661389847e+04
-3.615514171491442941e-01 -4.952296345342438144e+03
-6.419870211631683254e+00 4.072342914743343840e+02
3.476582751778821923e+00 1.177149785268664317e+00
4.973062377662664346e+00 -1.667175265173174381e+01
3.512462194409474936e+00 1.088116193438974255e+00
8.153084482762308127e+00 -6.682852842443512031e+01
-4.770810499153500750e+00 -1.827103317152168302e+03
2.504966319219741777e+00 4.043727744661724799e+00
7.647749823061237961e+00 2.801158695133142828e+03
7.815332355775023387e+00 -1.060945361765585767e+04
3.516253012958950208e+00 1.095353115563033830e+00
5.599749870589616485e+00 2.583679834082422744e+00
3.542429393326255394e+00 1.005366984485884796e+00
3.458026920344523969e+00 2.373928927083169160e+00
7.500220234108457618e+00 9.117121234840378747e+03
3.367054919215032527e+00 1.634710996004563599e+00
3.253773952191158614e+00 1.376567811067667568e+00
3.516831634068670720e+00 1.102164324434687703e+00
4.855780234172566878e+00 -3.990394327945780084e+00
2.833114061230954661e+00 1.986559123879262145e+01
3.374876274083132177e+00 1.474005673539336314e+00
3.667665256778120941e+00 8.462749891916370171e-01
5.601242346308620057e+00 -1.444872621664663725e+01
3.448456409912306508e+00 1.607773488649571814e+00
3.550651672833692984e+00 7.849720480984602178e-01
5.706612256303858821e+00 -8.774816298492064348e+00
1.732145651445978762e+00 1.010196846970553608e+01
3.517000662125903343e+00 1.094783129269291111e+00
-9.477353945752346576e+00 1.584602779966109551e+02
3.516135553736143837e+00 1.100729613066180113e+00
7.141154419253288310e+00 -1.949377315766559377e+03
4.816902980986550453e+00 7.690135400110337116e+01
3.510138388013822386e+00 1.088719519486720522e+00
3.586535176350210907e+00 7.150085567418973387e-01
3.516736268760280115e+00 1.096127805755915618e+00
-2.066833497323670166e+00 3.445056352030816470e+03
1.320823502296242324e+01 -4.664081298489713845e+01
-1.931984731493452045e+01 2.222284308534009938e+02
3.565798297794758653e+00 9.097017463785759261e-01
3.524801858818962241e+00 1.075652814331031548e+00
7.160953916256682206e+00 -3.687066397720613168e+03
3.871258018274289281e+00 3.838961975579701758e+00
3.772880299928239367e+00 -5.743259694586030362e-01
3.608449533652802188e+00 8.119896095486012211e-01
3.420173638929273618e+00 1.807894426384714315e+00
3.516590356167363485e+00 1.105852453688565440e+00
-3.955128004318680723e+00 1.649436415377338108e+03
3.517404744422476970e+00 1.093636648989768423e+00
3.515138344990572872e+00 1.120730252105342828e+00
3.516054904786134472e+00 1.099637005339695772e+00
6.691169560591732512e+00 -7.080595924334557090e+00
-7.153244562310208998e+00 3.995481207995230216e+04
3.762705088140896326e+00 -2.685223997783984795e-01
1.705331791971232747e+00 1.535070938484724934e+01
3.960327686383009027e+00 -2.360374425426130074e+00
3.517358369488490677e+00 1.092900542729731361e+00
9.609207303302818914e+00 -2.025430911014166924e+01
2.078713711677868403e+01 -1.737178988568933278e+02
-7.299492317251794482e+00 9.649720448791180161e+02
3.446804988875923570e+00 1.238726762753439736e+00
-3.074868379129162665e+00 2.633079316465728425e+03
-2.563968783944485352e+00 -3.671986306565915470e+01
1.207949545131028479e+00 1.738940189268791300e+03
2.505915622695962242e+01 -1.338586092862049118e+05
3.516153504825006326e+00 1.097698756425554700e+00
3.517414792742343366e+00 1.097950344650214349e+00
-1.378962335503690007e+01 -6.664040282730253239e+03
3.412159517699121292e+00 8.444503100803825157e-01
3.516830497627701835e+00 1.093684897030829051e+00
3.977077951079428075e+00 -2.695135470093416252e+00
3.518102316539522878e+00 1.101827517501835274e+00
3.652423677269340807e+00 2.851283215542042004e-01
3.516134707756868316e+00 1.098865001268979569e+00
3.512732890430207089e+00 1.110927869345084806e+00
3.040357706942744098e+00 3.255902101859247999e+00
6.719842341741824043e+00 -2.534758698597622697e+02
6.755140123677003672e+00 4.666592138686173712e+05
3.841700616374457145e+00 -3.591085119404473517e+04
9.615343860765646511e+00 6.068656152632221165e+03
3.534423083493424489e+00 1.055666931655853347e+00
3.218727098993500846e+00 2.576482015373751988e+00
3.518371838132351659e+00 1.085631186040543206e+00
1.874824979189932517e+00 -2.331734787660594520e+04
3.517303998100639983e+00 1.094554919337020538e+00
-1.938973576234596541e+00 -3.617871218952807976e+04
3.516113907571007058e+00 1.100295913909310475e+00
3.520214751131520270e+00 1.076303290093849618e+00
3.515318023283234172e+00 1.120460213185263898e+00
3.516954520354332647e+00 1.094554088269154235e+00
2.280409329068185542e+01 -3.078850651925567377e+02
4.334337065722366766e+00 7.691048071163160671e+01
5.667240601158558988e+00 1.314470479663024662e+03
3.593595906799941453e+00 3.525711443729616090e-01
3.550637132383871464e+00 9.982228542420825690e-01
2.341407107481385808e+00 7.464270593481685090e+00
1.085199308002464491e+01 1.840299926857254377e+03
3.530171889801725804e+00 1.007414155206693307e+00
2.960417698147953303e+00 3.988701170943957042e+00
8.874779231987240280e+00 4.372274069777018667e+03
3.388724992632825117e+00 1.574264675662645718e+00
3.517741478387506504e+00 1.093941273019672922e+00
3.519043678683606124e+00 1.088265108434958384e+00
3.516185860355798276e+00 1.097220271110728618e+00
3.106057735006897857e+00 -4.229346935804084717e-02
3.009060420819258841e+00 3.709092180790282800e+00
4.145840026019375735e+00 -1.244665950931806320e+00
3.514998896825229036e+00 1.112169460433151569e+00
3.905416067460819374e+00 -2.903969443247786497e+00
3.521951164966730996e+00 8.645558982237064871e-01
3.514601498054804374e+00 1.114771530183947368e+00
3.511143852160444112e+00 1.108984323566005736e+00
3.516504606084757789e+00 1.090500791349077181e+00
3.515601756852624771e+00 1.100597066036317129e+00
3.495519446409235176e+00 3.274106597029712518e+00
2.197702073666901512e+00 7.075988989938256424e+00
1.687828746359244292e+01 8.917809547819699674e+02
-8.630812486727496236e+00 -1.728017099225375568e+04
1.311435642879427554e+01 -2.792957283161009627e+02
3.158009118567495666e+00 5.514543614064388422e+00
8.613400219712310513e-01 4.167423425356549842e+02
3.538547547681230032e+00 8.684709598639106520e-01
-2.374945331471943533e+00 2.478978289894527265e+01
7.418839461798213186e+00 -2.406783634945605144e+01
3.519450546362195897e+00 1.029330954288583344e+00
3.344137555634126624e+00 1.886490150751786388e+00
2.453582555968599976e+01 7.186610468353871966e+02
5.931207983859836830e+00 -1.580722936802589551e+01
-1.440229486790544300e+00 1.032500991762892895e+01
3.483831763153688144e+00 1.466301382761780792e+00
3.512081916777469281e+00 1.094249083663482169e+00
1.212007270058621344e+01 2.056961489097000594e+03
3.516259908397434408e+00 1.099738818471444723e+00
-4.883902358607083549e+00 1.026098048363258783e+02
3.297686688935718369e+00 2.459528668682827490e+00
3.514904769599405121e+00 1.103308478192584374e+00
3.516913625296219870e+00 1.093198825249987571e+00
3.516968870125757540e+00 1.093167963285691435e+00
3.517228321070951402e+00 1.096082884027070214e+00
-1.554589340903359318e+00 2.609990069240252453e+01
3.656125049109775649e+00 4.110756650376582999e-01
3.508197623464764270e+00 1.053856243942029147e+00
3.517174758960317060e+00 1.095259830575010751e+00
2.969456306833494263e+00 4.375865202750533811e+00
-4.693570005641638510e+00 2.332718469633217495e+01
8.107546446452767341e+00 -2.305354448287971536e+01
7.104013258830550459e-01 1.795016647034565904e+04
3.652056899491214370e+00 7.172837115681000020e-01
3.516451102767066406e+00 1.111234392851232933e+00
3.515546422465344101e+00 1.101873669274776590e+00
-4.139514139170902274e-01 -5.518898470010230085e+03
3.519134407177059831e+00 1.580464227775906672e+00
6.497493928177137335e+00 4.548554341210988241e+02
3.516551168349513201e+00 1.095829712489812646e+00
1.529822155692469599e+00 7.831576837781871063e+02
3.517532399909204965e+00 1.112257051586941881e+00
3.516828360325846781e+00 1.104528125982013664e+00
-4.474630118974690873e+00 4.671298985558046724e+01
3.518166255691563826e+00 1.076613154552431784e+00
5.291241910217551192e-01 1.773523340315347014e+04
3.516675496165903692e+00 1.095787361960796957e+00
3.517011170744643866e+00 1.089791603194858904e+00
3.501270401995969728e+00 1.376743502399713215e+00
-6.568449453312149799e+00 2.683870215403118209e+01
8.649940408136147951e+00 -2.965728027558718338e+00
-1.027890683021461626e+01 1.039327523336894046e+03
9.081023919979736903e+00 -2.386507604212679871e+04
1.970132669597769004e+00 6.662010975393832801e+00
2.131122851356614945e+00 8.572781596126727521e+00
3.552151487918406847e+00 9.168775432206563991e-01
-1.948568940478064349e+01 -4.102431978457161676e+02
3.570325129372502015e+00 4.693765364313196020e-01
2.903374711179473877e+00 -7.209099873286617388e+00
3.532930608625596047e+00 8.929407031380555138e-01
3.518292218563247697e+00 1.076724824382964130e+00
3.516401474651903669e+00 1.094703150179165752e+00
3.514234826600918460e+00 1.122700959855709835e+00
3.517141768592427109e+00 1.092173202041372804e+00
7.407298455395211256e+00 -6.157554685283783158e+01
6.338888635490631529e+00 -1.612598316910690599e+01
3.913730314853593129e+00 -1.255080173276770905e+00
3.517124143402018177e+00 1.091070776497148342e+00
2.570194271499277150e+00 1.190714794225778306e+01
1.441720570173771776e+01 2.103962670364412043e+04
3.549786084260794006e+00 9.954054399229909089e-01
2.965658543287158722e+00 2.764965792940222045e+00
1.093178247006285631e+01 7.023301377468241071e+02
3.431945555558407523e+00 3.038890593279966357e+00
3.266337441385182228e+00 6.286132660622316681e-01
2.379387240479784449e+00 9.193524243445352795e+00
3.575578884250747880e+00 8.297509889113909853e-01
-1.798517688282998295e+00 -5.904457432336265811e+03
3.438177977167387933e+00 1.499901579166327492e+00
-1.845364692548241337e+01 -1.858538713035740875e+04
3.512909449960452068e+00 1.060413695981718751e+00
4.058575739144353101e+00 -1.132123354192428906e+02
3.543074330249395221e+00 1.095707192314967937e+00
3.461860356324482524e+00 1.613828411941998109e+00
7.297965925584430913e+00 6.676242092672921125e+00
9.992766463464809235e+00 -1.929649074369405923e+02
-1.153285558130587063e+01 -1.351664914697752273e+01
1.051413936450199316e+01 1.177194598727552375e+03
-7.376242296286267042e+00 4.804232363549149909e+01
3.513820840912746934e+00 1.098205587947681305e+00
3.516617463814736499e+00 1.113876491318630979e+00
3.513314224526881802e+00 1.120976077788907954e+00
3.516799369575827505e+00 1.090797085257785293e+00
6.302413641021970214e+00 -2.036312369802734779e+00
2.539817862929616421e+00 1.965711413814998476e+00
-2.300532803006574145e+00 1.481910201951002932e+02
3.539920638968709454e+00 1.036766103413670592e+00
-5.590925947657401807e+00 -1.880534647017746829e+04
3.514770363014297239e+00 1.087922403340256361e+00
3.536085890752682648e+00 8.640967406464866718e-01
5.920999707535248291e+00 -2.207277443428969477e+01
4.535200013912764838e+00 -2.646161683884129534e+00
3.517659130553218549e+00 1.092460636591571888e+00
3.516399637510436715e+00 1.098945589152624080e+00
3.516838827727563732e+00 1.126077919962937601e+00
-3.179192052901587129e-01 -2.530995185375740775e+01
3.513050167026180670e+00 1.116177366854906872e+00
3.517110665489828758e+00 1.095797062146310230e+00
3.517014610846472600e+00 1.094038395987406487e+00
3.716502700493133915e+00 -5.245286030060074267e-02
2.564897613631169637e+00 8.463341716596310960e+00
6.099041341410826433e+00 6.799492212502123039e+02
3.638448804536256187e+00 4.452933041536676906e-01
3.516688853759501132e+00 1.095864338575308627e+00
6.179762003578036733e+00 -1.537201444998751931e+01
3.511460340293544036e+00 1.134706891267232898e+00
3.513987238686985926e+00 1.104308576919472706e+00
3.515838650070572502e+00 1.087566291132327612e+00
3.510845812496126594e+00 1.083022282859295471e+00
3.516992243514053929e+00 1.091787284635144406e+00
3.512216627117543677e+00 1.201336145156292501e+00
8.119941172658261763e+00 1.820589447513597552e+06
-6.962473997406317672e+00 -6.453694852763363997e+03
-8.204253827795502829e+00 2.080471375823540438e+04
2.973370464685613168e+00 4.868079271971829769e+00
-1.173681771262211093e+01 2.141987255635585541e+02
-1.010734267733525193e+01 4.004173532931373103e+01
-8.358076066296908024e+00 1.843027368518202333e+06
3.529050898381190571e+00 1.058698408380021938e+00
-1.177689458944907841e+01 6.320598480325411117e+01
7.132317137538779050e+00 4.222818823744279507e+04
3.400175084307875295e+00 2.709641497748624999e+06
-5.970069344386190302e+00 1.448704440409806580e+02
7.616790285798995086e+00 1.952385463683828712e+06
3.522472449331573330e+00 1.053103895715457705e+00
5.327954151125489091e-01 1.461429554314976092e+06
-8.163401341611756123e+00 1.414082812339275610e+06
2.416577838205163253e+00 6.806084408490068682e+00
2.512434778705176175e+00 -9.595460860434482653e-01
-1.637518855178127453e+01 -3.311603823284725081e+02
9.108488806628916024e+00 1.232979003153572092e+06
6.923500397473087098e+00 1.196551795609601540e+06
3.512582122932031314e+00 1.128362297326507946e+00
-2.924937246244674771e+00 1.621601303257822124e+01
3.508757299576218625e+00 1.055082303884042894e+00
6.211251004258421915e+00 -5.188058910258449430e+01
3.215887620025211113e+00 1.286739938662828878e+06
-2.043584614781945774e+01 5.791622498605899239e+01
2.412201828617861032e+00 1.021376624662669030e+01
-5.054844511730530954e+00 4.672421398433525752e+01
3.517010279564166897e+00 1.093592691291010777e+00
3.689635565958057306e+00 -3.293569011665855584e-01
3.584241324233841564e+00 8.580567354115841150e-01
2.863246962513259941e+00 4.901355067063022375e+00
3.515426748860242867e+00 1.099464877770606419e+00
5.029500568520133719e+00 1.867730207016045228e+06
3.520098657339165271e+00 1.088240477337345524e+00
3.506509595515641564e+00 1.138905464833163572e+00
2.837720169752175892e+00 5.370539600809067782e-01
2.821627017345536714e+01 1.277033722888165619e+06
3.518029989582934558e+00 1.074404012014331222e+00
3.276099364729083252e+00 1.014320183867810421e+00
3.514708845463252462e+00 1.104444408241282094e+00
3.112522502544893932e+00 3.634455464833201699e+00
3.300840840959118783e+00 4.143893741924762821e+02
-6.476486338562976286e+00 1.276501735283690505e+04
3.520029292275881794e+00 1.070356867341180296e+00
-1.528595844197718101e+01 6.696892854406256674e+02
4.471963464881323347e+00 1.317882585126945749e+06
3.500991605291174036e+00 2.871724964879014408e+00
3.440147069348855169e+00 1.437681013394819018e+00
-4.720516189145600450e+00 1.405660691734646913e+06
3.781827669703841543e+00 -3.230931085843740558e+00
8.102564531701810679e+00 -7.139585574959875885e+03
-1.124127205101907734e+01 1.300226299017592566e+06
-5.099129136601942669e+00 3.492799927532060451e+02
4.973073450872650625e+00 -1.598524361885714207e+01
5.537568684717198764e+00 -6.318939483161796034e+02
5.289587832591558403e+00 -1.804182559635526983e+00
1.113594229340348107e+01 -2.568663979298167632e+01
9.084162906371220370e-01 5.736741375290671385e+03
1.908335333519396571e+01 4.147534781894531079e+03
1.620396831463273202e+01 1.192544163064796245e+06
3.523608676661332151e+00 1.011264203383442251e+00
3.516460537923811636e+00 1.097043271627136773e+00
-1.110561194163925691e+01 1.883924394381210441e+06
1.680351284650510202e+00 1.805720344948372804e+06
2.428689484970731005e+00 1.685882567808483960e+06
8.224664985218760549e+00 1.742515058890192304e+06
3.126523057716558807e+00 4.911704665352393917e+00
3.566942084041540451e+00 3.706436438722550131e-01
3.511036015100442942e+00 1.097871419058353171e+00
3.520302753280859065e+00 1.097750906971317830e+00
3.531743280078751379e+00 9.832694275935245365e-01
3.517471708583989720e+00 1.095298885867165506e+00
3.523194783907924510e+00 1.216123239629598007e+00
3.515330678219946936e+00 1.100766422741906503e+00
3.516606657410928705e+00 1.096340950453463803e+00
2.893489603001945465e+00 5.160021928575244665e+00
1.156149363288638376e+01 6.318473388775219064e+03
-9.781027526168461605e+00 2.335883111213428265e+01
3.516306994574455391e+00 1.096545818228073843e+00
3.516855911678438140e+00 1.096232104911274874e+00
-1.081971068373725764e+01 1.893191703153613489e+06
1.032766591961270386e+01 1.638189140892653493e+06
3.631892457218645731e+00 2.243661054173760327e-01
-1.760339182144453618e+00 1.350191755195594858e+06
3.049458076065637346e+00 1.121725251063970946e-01
3.516678929438607160e+00 1.077541788479924323e+00
2.090754962201895495e+00 7.656632503703312054e+00
-8.059529682907234260e+00 1.924676095891888952e+06
3.506679945939140897e+00 1.275045618562428373e+00
3.516472008369176283e+00 1.102297923281756464e+00
3.530600386993367312e+00 1.078022197238279523e+00
3.624166318042624901e+00 -8.760614865388941519e-01
3.352826131728627868e+00 2.213165611460448101e+00
-4.837876684594493604e+00 2.558536842015814967e+06
2.502972107155503778e+00 -6.711963925884200535e+02
3.520647980257271215e+00 1.096607442389178955e+00
3.565975789944128227e+00 1.166905604045510719e-01
-1.853099594221843560e+00 2.611502385854016524e+06
1.816557830521688288e+01 2.712997734108319605e+02
3.506834511186012637e+00 1.147810522577196846e+00
9.621986385049440926e+00 2.323195012856002431e+06
-2.443749576541177415e+00 2.851722228004714474e+06
-9.483991043713281499e+00 3.273257856886519585e+06
3.484011118178002242e+00 1.225177021620226681e+00
1.872075813292345181e+00 -2.450368703810340321e+03
-4.492703954460291471e-01 1.998048795158032576e+01
3.445358477577497691e+00 6.891549794154159247e-01
-6.887158456461786926e+00 3.884800473454231396e+06
3.518135339944941986e+00 1.086648925301038737e+00
3.625780111217860924e+00 -1.573369420149464126e-01
1.467556332178977740e+01 -1.930575354376548773e+02
-1.198409125424363530e+01 3.584493934175562579e+06
3.650054043532954484e+00 2.832903649735908758e+01
3.517147973899406033e+00 1.093980291094057700e+00
3.546290692355186014e+00 9.174156046816777099e-01
3.512100720660190856e+00 1.102298673800484519e+00
3.515725485829488850e+00 1.177113667445385037e+00
3.625914942342689518e+00 1.056212941383884552e+00
5.321528978774908047e+00 3.455358787359087728e+03
-5.261991988261515374e+00 -6.305605285307167378e+02
1.083752650972025000e+00 -1.759717185240645847e+02
-5.483952241972056996e+00 -5.397498998762204428e+04
3.585593131078594897e+00 -4.873274887785340459e-01
3.517122087807117659e+00 1.094567557687368575e+00
3.485518631562175784e+00 1.388043686456156944e+00
3.586679756907555472e+00 4.234032304055006524e-01
-8.470396515644765145e+00 3.038158801877477526e+04
3.512554339890464838e+00 1.110964517550510955e+00
3.289256899212456453e+00 1.365398521191945047e+00
-6.771578742812714324e+00 -2.969644458738678168e+03
9.551218254436140143e+00 1.787352324880283959e+03
1.051356930026953052e+01 3.694145947908088565e+06
3.703736301008318854e+00 -2.868445221259233513e+00
3.514571755217910987e+00 1.114741033917313606e+00
7.332125810319131354e+00 3.952953719602385070e+06
3.425799881085953125e+00 1.822619395844803591e+00
4.190149105934914076e+00 -2.010975804920326118e+04
3.509997437633078921e+00 1.124028366364455245e+00
3.531095251069026553e+00 1.017951735011485281e+00
1.546597503331333057e+00 4.109323927698223386e+06
3.515744341769197145e+00 1.095840862033913732e+00
3.516832724202677340e+00 1.093430350001802553e+00
-9.702961301799774674e+00 -6.532968540316228427e+02
-1.539776277634539348e+01 3.902394888931078836e+06
-2.076319634686798210e+01 1.226300084407690883e+04
4.017044313694496438e+00 -6.614578369987218487e-01
3.902129390013376664e+00 -1.388783379603983237e+00
3.516350948913911534e+00 1.093519373032534325e+00
-3.893479945447202883e+00 5.285640139944736802e+03
-1.236811855084388867e+01 -8.291466226138618367e+03
3.057433751931935895e+00 -2.357886337432210411e+01
5.867316792701867456e+00 -8.232626312133730551e+01
3.551969038350847985e+00 7.889032567571767629e-01
3.139763798463529820e+00 3.915899359515955672e+06
3.240384030341830535e+00 3.092839718564825979e+00
1.139682118466134320e+01 5.845820275898402230e+01
5.936130781384857613e+00 -1.044934993504091025e+01
1.147875977580608620e+01 -7.785910587286694806e+01
3.490222521811379597e+00 1.239469410040122455e+00
2.527843285131834428e+00 7.385678445981050722e+00
3.519451364886390543e+00 1.082494446007455924e+00
-5.078183038149870043e+00 4.078115957828749379e+04
1.016933325958734180e+01 -3.380726140581877814e+01
3.516732843837252265e+00 1.093955769230792407e+00
3.516944352157170162e+00 1.090012890936515877e+00
3.393859337078370952e+00 1.397943912630481789e+00
3.511609523328705684e+00 1.120774465933370490e+00
-5.374659195046723070e+00 -1.326153255095534769e+04
3.458175741727826935e+00 1.432087264721062736e+00
3.517428436469028252e+00 1.092512089306299838e+00
3.497631282662772900e+00 1.176399178685168856e+00
5.956906970480876140e+00 3.257995012667728122e+06
-7.108712769800620279e-01 3.107481279037151486e+06
2.397869248572744583e-01 -9.222217228711155457e+00
3.305746222773750187e+00 1.863077092262661605e+00
2.008109038042613648e+00 2.683051321564987767e+06
4.133007694119513076e+00 -4.659717916287510420e+00
3.318032110069520702e+00 2.500923989442440681e+06
3.516432641290087258e+00 1.094703591752730132e+00
-2.270867160284671016e+01 2.042190066993057029e+06
8.349915852912896952e-01 -1.064876246158637514e+03
3.521595027599394800e+00 1.062284651966272309e+00
3.511947773637183356e+00 1.272091230232177184e+00
2.165796209754839552e+00 1.422771730433293851e+06
1.002728135878276916e+01 -8.287792529313236400e+01
8.633885907100037116e+00 -2.397836325641279842e+01
3.139506517345922010e+00 2.543709317327868646e+00
1.311474706367898424e+00 8.160822988800127059e+05
3.212223531406553700e+00 6.891458512898318567e-01
3.529190524516812921e+00 1.086288486217396931e+00
3.511551111659815483e+00 1.212190879048774095e+00
2.529893201452728668e-01 1.911612269260033499e+05
2.418815358071379151e+00 5.784324769595849070e+00
3.516474054428479157e+00 1.094334565162675910e+00
-1.563482808369970734e+01 1.384451783390378296e+04
1.832522504491644222e+00 6.983628955557770190e+00
2.495901285291759475e+00 6.579974484742461755e+03
-1.908834942925657474e+00 1.713850481898034772e+01
-8.704704858068227580e+00 2.618427381582951512e+03
3.519795836754644913e+00 1.091880772624640228e+00
3.516823309116207330e+00 1.094011056167600193e+00
3.517493371456941631e+00 1.090589381157271998e+00
8.598623313140318913e+00 -4.870136018332983951e+01
3.517931748629882449e+00 1.092067711351436543e+00
3.514791303798633137e+00 1.101798870520497076e+00
3.516947983100452646e+00 1.099013112549896753e+00
4.538070177322642174e+00 2.337142280999561450e+00
3.515498654689567903e+00 1.097174676929391302e+00
3.516898317249503858e+00 1.094955911084168010e+00
3.230311382412172083e+00 2.421297472314261956e+00
3.546393226610530469e+00 8.912284070574308936e-01
2.448614586288228701e+00 -1.272985751878135119e-01
3.913848937489416535e+00 1.759977333516376641e+00
-7.434578437034941700e+00 9.936432280056638433e+01
3.516663752045101177e+00 1.094443259184602057e+00
3.517003121829975765e+00 1.097334165618815582e+00
2.159963103451389088e+00 9.839142645088871930e+00
8.508972693329237558e+00 6.556840448183646913e+03
-5.665271662671204744e+00 1.219509869961331333e+03
1.151118050128275838e+00 6.925046646704551279e+01
3.518964334205176403e+00 1.080677040551475399e+00
3.512470872784351883e+00 1.113039888557367574e+00
3.763568930281252278e+00 9.128181621016943836e+01
3.240281559568086944e+00 2.070865624051192455e+00
-6.011615584003666690e+00 5.547035148886938259e+04
5.417529235770612850e+00 9.964085458041270158e+02
3.514662106742077352e+00 1.102933071870775272e+00
3.514803960441164499e+00 1.021624104050136816e+00
-5.062646764120758425e-01 -1.884667269448321895e+04
-6.125446936907543716e+00 -3.653305997753567499e+04
3.516131010453068750e+00 1.094718003860841282e+00
-5.140592764777018431e+00 -1.395556002036221980e+04
-7.853114013383795111e-01 -4.095675380948193833e+01
-5.802099028170449202e+00 2.707299109165373920e+02
3.516768648182094115e+00 1.097154047872342275e+00
3.514841352908366190e+00 1.102538628957075773e+00
3.638357675848995942e+00 3.830863712530406806e-01
3.522221783236573422e+00 1.024663128273605839e+00
8.785142689108262459e+00 1.258130509254737817e+01
3.640470135561156617e+00 1.346823599280041694e+00
-3.007001105812884933e+00 3.011082509435192947e+02
-1.582665580794557769e+00 -4.692561595500840355e+01
3.511117117329093595e+00 1.154841589815875924e+00
3.516684819234522585e+00 1.095962369615245846e+00
3.516763254471792610e+00 1.095539606897107054e+00
3.503185408599446937e+00 1.260594761393150520e+00
3.516607000520186155e+00 1.097217521670907470e+00
3.517330234382376020e+00 1.092365307655465800e+00
3.517918506843307647e+00 1.088620443840476071e+00
3.512657083434875371e+00 1.123590371472827032e+00
3.489329528548611226e+00 1.183939907911137901e+00
3.516744198078755268e+00 1.095282938147637442e+00
6.185946818689868287e+00 -1.220446127911048428e+01
3.379591228765852051e+00 1.630688274536937321e+00
2.244515451331610123e+00 7.158645458469265577e+03
-4.901731826156147775e+00 -4.882541728768175744e+03
-1.079106765186427674e+00 -7.941334291852467686e+01
3.516998125202779324e+00 1.092560289681877572e+00
3.513820783045642937e+00 1.173356669628604854e+00
4.674666952181733670e+00 -1.289735887333889774e+00
3.513691709979238187e+00 1.123666886526894615e+00
-1.804423464508914554e+00 6.276701496198832047e+02
1.880200300317027384e+01 -3.918508892599533283e+03
3.518578358561217811e+00 1.085273264125471204e+00
3.504326624361950859e+00 1.197962161384368507e+00
3.516579030279046947e+00 1.096531717266969075e+00
3.416483291783633636e+00 1.198370620176105517e+00
-1.455145773758347261e+01 -1.074954067149105686e+04
-4.997868823887615441e+00 -1.559124828569065357e+03
3.093388742379723055e+00 -1.299849937407971279e+00
3.403936441295690063e+00 2.251787447817205745e+00
3.515854722902092444e+00 1.101816880230756857e+00
1.226149772829741913e+01 -8.879940118566594265e+02
3.516236149299366343e+00 1.096055375661961317e+00
3.517787326780437152e+00 1.097532110062461985e+00
-1.842213724112496109e+01 -5.029206376530194393e+04
3.516547652395186407e+00 1.096978251447986885e+00
-2.359774246934445152e+00 -1.567439949400482817e+02
3.496732080722399605e+00 1.166512934528975531e+00
3.514908353843982258e+00 1.114454168789303479e+00
3.612716655374020647e+00 1.565291529430057338e-02
4.629978799804803202e+00 -3.945470512732585089e+00
3.360557833934350036e+00 2.087422143539527930e+00
1.468498995946707408e+00 7.519288398185926781e+02
3.519008191437777988e+00 1.095431604840463091e+00
-6.130451015637778944e+00 1.680213547177878013e+02
3.520682295898355019e+00 1.060113093237605719e+00
-1.158395947937295212e+01 -6.965028873314897737e+02
3.516777985642733029e+00 1.094780682225128254e+00
3.520013839504484654e+00 1.101745387791939423e+00
3.515053207880835640e+00 1.102770279632833361e+00
3.516813230730850393e+00 1.095397510803251429e+00
8.544382789006562007e+00 1.371343752469588821e+02
3.488199408774950605e+00 1.080620822075823551e+00
1.754362143138422425e+00 4.686980332095775736e+01
3.551554175898405052e+00 1.431760368733746347e+00
3.511152756937858666e+00 1.065809370672662570e+00
3.516202292719258882e+00 1.105214933999907112e+00
3.493064724305604773e+00 1.359117504901959705e+00
1.317908820542661730e-01 2.175506083070416352e+01
3.546804822848670380e+00 9.636019981016508140e-01
3.515883796973893194e+00 1.096972885786828611e+00
-1.977895158244103868e+01 -5.314344026328402748e+01
3.517094446025794685e+00 1.088148918280238631e+00
1.659231422237928300e+00 6.846552150711859852e+00
3.521690207378097792e+00 1.071964491708578660e+00
3.502730548608097294e+00 1.185680874583177724e+00
-4.684452645956188377e+00 1.242199137567385634e+02
3.517377020904339791e+00 1.093080144875431481e+00
3.402785232022193185e+00 1.167956954332285413e+00
3.518438839979270316e+00 1.083704469870653053e+00
3.511960481114801969e+00 1.138673027489134570e+00
3.414194752559819968e+00 1.886921870495513742e+00
9.299656912246224039e+00 9.842492332995578863e+02
-7.208262175927854898e+00 2.013002642384780847e+04
1.352009404519004931e+01 -4.755504004322200018e+01
3.516813450989971557e+00 1.095261504342547765e+00
3.514850939026759047e+00 1.113264620428926710e+00
3.643489784141861865e+00 9.262826020821288253e+00
3.480800272756106484e+00 1.338352985631303449e+00
3.934680843409025019e+00 -1.037306556097544741e+00
1.951865036022360300e+01 1.625082681577383426e+02
-2.394046668258491994e+00 -1.371363367587631274e+03
3.542404286962072657e+00 1.393352896367550775e+00
1.945028287121504462e+01 -1.596746972812334491e+02
-1.343324909062485695e+01 3.305872741039938774e+02
-1.009551260698274167e+00 2.777518506410639887e+01
3.512761447157385586e+00 2.156334423341026429e+00
3.516323506981425595e+00 1.096943649839528634e+00
3.510195023669848702e+00 1.132090090082320311e+00
3.467273747448113674e+00 1.539619197057198852e+00
3.519584394582111475e+00 1.082585472827600315e+00
3.642578798971488840e+00 3.081821164087074072e-01
-2.368980392122339573e+00 7.071225364603430208e+00
3.210382894548081456e+00 3.027284719432043758e+01
3.543365294930214127e+00 8.875339659833750838e-01
3.523622994915133422e+00 1.067860810845691510e+00
3.516712093099572556e+00 1.092058583901327706e+00
3.516866073140330062e+00 1.093059658312528271e+00
3.516437105415221698e+00 1.095687393378810492e+00
3.516294612135304476e+00 1.099214115964143978e+00
4.127451354064860745e+00 -1.638515572522222907e+00
3.534940816297722055e+00 9.704278542948330255e-01
3.516922223884008325e+00 1.095732034961684143e+00
3.518270787831927038e+00 1.098641411490312914e+00
2.728810896555113885e-01 1.697281778936132014e+03
3.014124338242664791e+00 2.020364763536271369e+00
3.515879724727580591e+00 1.112528342726328168e+00
3.711783048440920219e+00 4.645043117377869457e+00
3.403238123967884388e+00 2.056809074210692589e+00
3.516350329038276712e+00 1.097220112650511004e+00
3.521840844984972740e+00 1.103177745060482717e+00
5.340343319492776963e+00 -9.457978098521889478e+03
8.229925783032067343e+00 3.047369661519118011e+01
-8.370565374617001453e+00 3.779251036517304669e+02
3.517211714188300586e+00 1.090732517089466613e+00
3.516605840398969285e+00 1.129143940799357093e+00
3.518344304387113208e+00 1.070340138217708903e+00
3.509400009069858051e+00 1.074115787758393781e+00
3.511676238614219070e+00 1.106349376956275998e+00
8.234174785874692759e+00 2.310831192809224376e+03
3.494608016972531317e+00 1.053717677345578085e+00
3.398455365168915776e+00 2.378290491128963069e+00
5.322167064579380380e+00 -1.481084169201672118e+01
4.128142429962974091e+00 -2.019130456648595917e+00
-4.972905724144375483e+00 -9.694875672102816679e+03
1.332365544578251715e+01 5.011122802480507380e+04
9.498856834106936375e+00 -6.533769076026851508e+01
3.516972734134852896e+00 1.094944470998831187e+00
7.555541034867870209e+00 -2.345212530962263372e+03
3.448137544464596527e+00 1.647249475777277539e+00
3.516214908019139607e+00 1.096962137568563644e+00
3.451276371689056877e+00 1.314363340192105323e+00
4.078471376156004524e+00 4.028358043916972164e+00
1.188831439649484523e+01 -4.440674976784936007e+03
3.519338771583842007e+00 1.131688850862948570e+00
-1.405889487813706928e+01 -2.420030333583337051e+04
2.070884271582745484e+01 5.448299541040294571e+03
3.517219531936937038e+00 1.088982074606043016e+00
3.234294176702824153e+00 6.494899804085200401e+00
3.491866230972628937e+00 9.450312892537429121e-01
3.319505641008404062e+00 2.428756934196181660e+00
-3.470236161939572739e+00 -2.229639865647162151e+04
-1.150731919643595624e+01 2.064111682650871808e+04
4.510860466939620395e+00 -4.493667417477551496e+00
-2.182053896122996761e+01 8.145118945382698428e+00
-9.535369879868084153e-01 1.373531625517396648e+01
2.977717416338972356e+00 4.980280583761398816e+00
2.019745660286138111e+00 -2.716755585090795844e+00
3.484901845881680060e+00 1.283112536189738639e+00
3.507623449322633036e+00 1.094108839764218688e+00
3.516108380913929743e+00 1.100712352161883789e+00
3.517070655765867304e+00 1.093572994145111554e+00
-1.274224823646770055e+01 -1.091721038837245032e+04
-1.930518988915287082e+01 -1.012365144851488822e+03
3.534284885467346538e+00 1.012080679819474138e+00
-5.777519327825685558e+00 -6.460285611463472378e+03
2.781881480002381668e+00 3.657247275627996146e+02
-8.624557612780291649e+00 9.998698482467602844e+01
1.189299697068247674e+01 -1.024416562853376718e+03
-2.166189486958192134e+01 -1.290204440583147800e+02
3.115931262508904176e+00 2.594291996484635821e+00
3.517125162444611597e+00 1.093167682003422625e+00
3.509289547468829706e+00 1.157974990561002393e+00
3.516446787234100313e+00 1.068695717141247892e+00
3.514297779663874355e+00 1.069305602060326432e+00
2.801679805885457064e+00 7.620818963388578560e+00
3.475539484184096750e+00 1.034049907762424558e+00
3.516318261701281589e+00 1.097619637661586989e+00
3.516844910706942606e+00 1.093976678831452443e+00
1.932615253795446630e+00 4.778130295141637163e+01
4.129408585390886621e+00 -2.445083281626622362e+00
3.522743332254971715e+00 1.067112688188585290e+00
3.479279917680138112e+00 1.165132631429771637e+00
3.517286902912378110e+00 1.089531319209383842e+00
3.477246167133768218e+00 1.016326398091884409e+00
7.155854685128997694e+00 -3.548033424906866458e+02
3.583453435900487261e+00 9.482142743335172375e-01
