0.000000000000000000e+00
0.000000000000000000e+00
0.000000000000000000e+00
0.000000000000000000e+00
0.000000000000000000e+00
0.000000000000000000e+00
0.000000000000000000e+00
0.000000000000000000e+00
0.000000000000000000e+00
0.000000000000000000e+00
0.000000000000000000e+00
0.000000000000000000e+00
0.000000000000000000e+00
0.000000000000000000e+00
0.000000000000000000e+00
0.000000000000000000e+00
0.000000000000000000e+00
0.000000000000000000e+00
0.000000000000000000e+00
0.000000000000000000e+00
0.000000000000000000e+00
0.000000000000000000e+00
0.000000000000000000e+00
0.000000000000000000e+00
0.000000000000000000e+00
0.000000000000000000e+00
0.000000000000000000e+00
0.000000000000000000e+00
0.000000000000000000e+00
0.000000000000000000e+00
0.000000000000000000e+00
0.000000000000000000e+00
0.000000000000000000e+00
0.000000000000000000e+00
0.000000000000000000e+00
0.000000000000000000e+00
0.000000000000000000e+00
0.000000000000000000e+00
0.000000000000000000e+00
0.000000000000000000e+00
0.000000000000000000e+00
0.000000000000000000e+00
0.000000000000000000e+00
0.000000000000000000e+00
0.000000000000000000e+00
0.000000000000000000e+00
0.000000000000000000e+00
0.000000000000000000e+00
0.000000000000000000e+00
0.000000000000000000e+00
0.000000000000000000e+00
0.000000000000000000e+00
0.000000000000000000e+00
3.952497113379671598e-30
1.926535516293504198e-123
0.000000000000000000e+00
0.000000000000000000e+00
0.000000000000000000e+00
0.000000000000000000e+00
0.000000000000000000e+00
0.000000000000000000e+00
0.000000000000000000e+00
0.000000000000000000e+00
0.000000000000000000e+00
1.889659281334131191e-01
0.000000000000000000e+00
0.000000000000000000e+00
0.000000000000000000e+00
0.000000000000000000e+00
1.156557063346027868e-167
3.886306245526406911e-01
0.000000000000000000e+00
2.287248401703025902e-01
8.508760492802177483e-59
1.486964697474040014e-210
5.872258211790596337e-03
0.000000000000000000e+00
0.000000000000000000e+00
3.156096560988506106e-01
0.000000000000000000e+00
3.093717248226295347e-01
2.269454229603029573e-93
0.000000000000000000e+00
5.839752315184464360e-01
3.273117512146041519e-01
6.881722130936350799e-07
2.380127787477487322e-01
2.397187322614327543e-01
2.401353984819256659e-01
2.157672436457617679e-02
6.145939637693366914e-88
8.445043512527259516e-04
2.164777219253758919e-02
0.000000000000000000e+00
2.160806524367383727e-02
2.263280885757091021e-01
6.131428395827912079e-04
2.190073579823026070e-02
2.154724337122677913e-02
2.162835105209888475e-02
1.367548327027780786e-01
2.294992003726892044e-04
2.294982811756156045e-04
1.420843153821709252e-03
2.294967483686427849e-04
1.420198006085164610e-03
2.295200990695561998e-04
2.149361824830894538e-02
1.819765777568781509e-02
6.618982629452715462e-03
5.532038496887960871e-02
6.130594412931899238e-04
3.420130350895417282e-01
6.131745338294995610e-04
2.294942248125916742e-04
6.630091538880750202e-03
2.242041961047071541e-01
3.041715710073633061e-01
1.818944424899286705e-02
7.806143008514934145e-01
6.618272343736795668e-03
6.130683352251984361e-04
0.000000000000000000e+00
9.026607167492052416e-78
0.000000000000000000e+00
1.511756917010214783e-37
0.000000000000000000e+00
6.131786342317978615e-04
1.421254387622265499e-03
0.000000000000000000e+00
0.000000000000000000e+00
0.000000000000000000e+00
0.000000000000000000e+00
1.449001498167158150e-46
1.815384821776909810e-02
0.000000000000000000e+00
0.000000000000000000e+00
2.294905316744256228e-04
0.000000000000000000e+00
0.000000000000000000e+00
2.165818871123858722e-02
0.000000000000000000e+00
1.420442863443658428e-03
0.000000000000000000e+00
9.233749853589785506e-01
0.000000000000000000e+00
1.421195072698396228e-03
0.000000000000000000e+00
1.812944693603470853e-02
0.000000000000000000e+00
3.531657099648415898e-01
3.266185328517893782e-01
0.000000000000000000e+00
7.493522364001129477e-01
2.314699439361725952e-01
3.191800938453896036e-03
6.104275859117920087e-20
1.419982429387363961e-03
5.915374724722123040e-50
1.261663002682064145e-22
0.000000000000000000e+00
8.016811380992288072e-01
2.940588574779849362e-01
2.282331349680651045e-01
6.131240250503349008e-04
1.420801383230702779e-03
2.964393875047479265e-322
0.000000000000000000e+00
0.000000000000000000e+00
0.000000000000000000e+00
2.527322191013457184e-57
0.000000000000000000e+00
3.610948252378458623e-01
1.419951989268296863e-03
1.420782307375787574e-03
0.000000000000000000e+00
0.000000000000000000e+00
0.000000000000000000e+00
2.929330757365411058e-248
0.000000000000000000e+00
0.000000000000000000e+00
0.000000000000000000e+00
0.000000000000000000e+00
2.830979965182643527e-39
0.000000000000000000e+00
2.031276340082800530e-16
1.420666988905214343e-03
2.294918806073465529e-04
9.493974406256031220e-50
4.770665955699915051e-08
0.000000000000000000e+00
1.335766644766401927e-205
0.000000000000000000e+00
8.140687046385375080e-24
0.000000000000000000e+00
2.295100386220853914e-04
0.000000000000000000e+00
5.635817550842606716e-01
5.512898589121204701e-02
0.000000000000000000e+00
3.189202587361187335e-01
1.809794240409918348e-02
2.291605428144460332e-01
0.000000000000000000e+00
0.000000000000000000e+00
3.210362364079551301e-34
0.000000000000000000e+00
0.000000000000000000e+00
9.429170859399595983e-01
2.100562557472186230e-55
5.645153312532890516e-02
0.000000000000000000e+00
1.000000000000000000e+00
0.000000000000000000e+00
1.810466186527363505e-02
0.000000000000000000e+00
2.295063390275396383e-04
2.295202027350352870e-04
0.000000000000000000e+00
0.000000000000000000e+00
0.000000000000000000e+00
0.000000000000000000e+00
0.000000000000000000e+00
0.000000000000000000e+00
2.295041612625680543e-04
0.000000000000000000e+00
0.000000000000000000e+00
2.232493829440252431e-01
0.000000000000000000e+00
6.624800080823184216e-03
2.295188371538960982e-04
0.000000000000000000e+00
2.854708330634083637e-10
0.000000000000000000e+00
0.000000000000000000e+00
2.492004499996538225e-01
0.000000000000000000e+00
5.541195568266207294e-01
0.000000000000000000e+00
0.000000000000000000e+00
6.618555394940101380e-03
7.226677086477924228e-02
2.388531472392780852e-01
0.000000000000000000e+00
7.913924257484681313e-01
8.305139028619078146e-23
5.563599188812669659e-34
2.949801959710468373e-03
0.000000000000000000e+00
0.000000000000000000e+00
0.000000000000000000e+00
7.992133627282393786e-04
0.000000000000000000e+00
5.584707688461244129e-02
0.000000000000000000e+00
1.263818494679750813e-41
0.000000000000000000e+00
5.640470130258198184e-02
0.000000000000000000e+00
0.000000000000000000e+00
4.877782492443437047e-79
1.713249075736393012e-01
0.000000000000000000e+00
0.000000000000000000e+00
0.000000000000000000e+00
0.000000000000000000e+00
0.000000000000000000e+00
7.659425051212596092e-01
3.443023382064114291e-01
0.000000000000000000e+00
1.420381033213106168e-03
6.621658023261416115e-03
5.546402705624284973e-02
6.135579969516573247e-08
5.359743367142714741e-10
1.420775005788254414e-03
0.000000000000000000e+00
7.283850750914302452e-01
2.256975726979844964e-20
6.131945096036254227e-04
7.118686442503239772e-66
0.000000000000000000e+00
0.000000000000000000e+00
0.000000000000000000e+00
5.302969877936747345e-01
3.818780549417591930e-01
1.813701001730241499e-02
2.295041112215056689e-04
0.000000000000000000e+00
0.000000000000000000e+00
2.256553837405027296e-01
2.295254420123094127e-04
0.000000000000000000e+00
3.447397502424026094e-01
0.000000000000000000e+00
2.295028402320080743e-04
0.000000000000000000e+00
9.049847299022967251e-01
0.000000000000000000e+00
0.000000000000000000e+00
1.388445382910617362e-21
3.676933063347802566e-01
1.420534679092721932e-03
1.509778941429089525e-156
1.420467845971564629e-03
2.149418241382335809e-02
2.294896013095377909e-04
6.131478656585399433e-04
0.000000000000000000e+00
6.934745374934406704e-93
6.131767425186243842e-04
0.000000000000000000e+00
0.000000000000000000e+00
3.823426017778937056e-120
8.497838764313164337e-24
0.000000000000000000e+00
0.000000000000000000e+00
2.748299620983983282e-01
4.495626691602138267e-10
0.000000000000000000e+00
7.080399815283905385e-01
2.150396371232998066e-02
2.560653424599769190e-01
0.000000000000000000e+00
0.000000000000000000e+00
0.000000000000000000e+00
5.949280418182854024e-01
2.402479369095109063e-01
9.778750277333389871e-180
6.630479258751023966e-03
6.620576464354580373e-03
2.880861673904298002e-03
0.000000000000000000e+00
0.000000000000000000e+00
0.000000000000000000e+00
8.670622415815351092e-01
0.000000000000000000e+00
0.000000000000000000e+00
2.155501153372860537e-02
0.000000000000000000e+00
3.739843505185173056e-01
5.636434484250021221e-02
1.815054798112426121e-02
1.814101586702011881e-02
0.000000000000000000e+00
0.000000000000000000e+00
0.000000000000000000e+00
0.000000000000000000e+00
2.335591356958888754e-01
0.000000000000000000e+00
2.415661710721851152e-01
0.000000000000000000e+00
0.000000000000000000e+00
0.000000000000000000e+00
0.000000000000000000e+00
0.000000000000000000e+00
1.421129862735918655e-03
0.000000000000000000e+00
7.893041471601219827e-01
4.062808880246581818e-42
0.000000000000000000e+00
4.423968490107605104e-09
3.150195551216639796e-68
1.818577388242097886e-02
0.000000000000000000e+00
0.000000000000000000e+00
4.943951279830690592e-11
8.145844692883259103e-18
0.000000000000000000e+00
1.348894008581567536e-02
1.784120924212181658e-01
0.000000000000000000e+00
0.000000000000000000e+00
6.132424162523257474e-04
0.000000000000000000e+00
1.420331450163662794e-03
0.000000000000000000e+00
0.000000000000000000e+00
3.810518684852949867e-01
2.167425861574596990e-01
2.294945343025271982e-04
0.000000000000000000e+00
0.000000000000000000e+00
0.000000000000000000e+00
3.379971320890426956e-01
2.408999922326347243e-01
0.000000000000000000e+00
0.000000000000000000e+00
3.631677778484267458e-29
6.856882339104080227e-04
5.479401190404691887e-05
1.810387941693331754e-02
0.000000000000000000e+00
1.420938950902499165e-03
5.583525504612356360e-02
1.421097424327786522e-03
0.000000000000000000e+00
0.000000000000000000e+00
1.352834830623030903e-21
0.000000000000000000e+00
4.254369029817021635e-138
6.131135198083747118e-04
0.000000000000000000e+00
0.000000000000000000e+00
0.000000000000000000e+00
3.962240577832453446e-03
0.000000000000000000e+00
0.000000000000000000e+00
0.000000000000000000e+00
0.000000000000000000e+00
6.131510910039396660e-04
6.614896490143692444e-03
0.000000000000000000e+00
5.065096634422866541e-28
2.295169328487839801e-04
6.983118992385512395e-174
2.146964517133475789e-02
1.068553630286861851e-06
6.130785601294013853e-04
2.157948518481431904e-02
7.726060162821129108e-82
0.000000000000000000e+00
0.000000000000000000e+00
0.000000000000000000e+00
0.000000000000000000e+00
9.612032167725303999e-01
1.373798397699063294e-30
6.629541329568504511e-03
0.000000000000000000e+00
1.420805263400656783e-03
0.000000000000000000e+00
1.420696061001420650e-03
1.811321969268604032e-02
5.573521699871526042e-02
2.295117852259396412e-04
0.000000000000000000e+00
0.000000000000000000e+00
0.000000000000000000e+00
4.931521459943939600e-07
8.094561493985793499e-01
0.000000000000000000e+00
0.000000000000000000e+00
3.788729724402398191e-01
7.013354239822237497e-111
0.000000000000000000e+00
3.522371684609937125e-06
6.628569878379148884e-03
1.817568459351533161e-02
6.131621095554734124e-04
0.000000000000000000e+00
9.626916391721814910e-92
2.909887806604543511e-167
1.810981919071514082e-02
3.857054449805513163e-239
2.096914863545029373e-01
2.163275426590690470e-02
5.524754605239708821e-02
6.623603202787874643e-03
1.420338216078005254e-03
5.071688266554252764e-185
0.000000000000000000e+00
0.000000000000000000e+00
0.000000000000000000e+00
0.000000000000000000e+00
0.000000000000000000e+00
0.000000000000000000e+00
5.779688506816395011e-01
0.000000000000000000e+00
0.000000000000000000e+00
3.482408572007320569e-01
3.610762254734493288e-10
0.000000000000000000e+00
0.000000000000000000e+00
0.000000000000000000e+00
7.351979774101261023e-02
2.462195610365000842e-01
0.000000000000000000e+00
1.420789271492781157e-03
0.000000000000000000e+00
1.432432173481206984e-19
6.624584295818875673e-03
2.295114648631637830e-04
2.295158793379830850e-04
1.419892692589910192e-03
0.000000000000000000e+00
3.070737765759380468e-06
7.392166166379207093e-01
1.420898236447298239e-03
1.262644589240856902e-120
0.000000000000000000e+00
0.000000000000000000e+00
0.000000000000000000e+00
1.529025788036271059e-09
5.651009942986332663e-02
1.420011829961886430e-03
0.000000000000000000e+00
5.841060927413993003e-10
0.000000000000000000e+00
2.295195954349262685e-04
0.000000000000000000e+00
5.519900302533484876e-02
1.810979680918661794e-02
0.000000000000000000e+00
2.160033440388963236e-02
0.000000000000000000e+00
2.295196310117404953e-04
1.419945054687935752e-03
1.699897010707292488e-01
0.000000000000000000e+00
0.000000000000000000e+00
0.000000000000000000e+00
0.000000000000000000e+00
0.000000000000000000e+00
0.000000000000000000e+00
5.544327300651689105e-01
0.000000000000000000e+00
6.939873611437729184e-06
0.000000000000000000e+00
6.370519193212479392e-01
2.162820755472643838e-02
6.130706384753976165e-04
5.612557100831782469e-02
2.294938346192593312e-04
0.000000000000000000e+00
0.000000000000000000e+00
6.856992393779796589e-62
6.130735752486941685e-04
0.000000000000000000e+00
0.000000000000000000e+00
9.334179487602169978e-01
1.608580630688201901e-156
0.000000000000000000e+00
1.597540667979849363e-101
4.503579422115771807e-147
0.000000000000000000e+00
1.828543427540667565e-01
0.000000000000000000e+00
7.953734753513654054e-02
0.000000000000000000e+00
3.412567087291156764e-01
0.000000000000000000e+00
3.508740599265177673e-01
2.513213278225614241e-03
0.000000000000000000e+00
0.000000000000000000e+00
0.000000000000000000e+00
0.000000000000000000e+00
0.000000000000000000e+00
2.148101153730642976e-02
5.586507368961345782e-02
2.150864517221248023e-02
1.419959985974489488e-03
0.000000000000000000e+00
0.000000000000000000e+00
0.000000000000000000e+00
7.308113349898713862e-01
0.000000000000000000e+00
5.600991114724580833e-02
4.132357238063794069e-01
0.000000000000000000e+00
0.000000000000000000e+00
1.420438950163037655e-03
1.421009893719015014e-03
2.399159977055898840e-01
0.000000000000000000e+00
2.163491105154382449e-02
1.420787195242881719e-03
2.295135099911528337e-04
2.601067207524699620e-14
0.000000000000000000e+00
0.000000000000000000e+00
1.153466187152833153e-04
2.295157817123036803e-04
0.000000000000000000e+00
5.539132294948480306e-02
1.814441817201893278e-02
2.159043490049354641e-02
3.772166508151797437e-01
6.131251197102440594e-04
7.626393050684417974e-01
0.000000000000000000e+00
0.000000000000000000e+00
0.000000000000000000e+00
7.330527322387932532e-156
0.000000000000000000e+00
0.000000000000000000e+00
0.000000000000000000e+00
3.813922524683799331e-01
0.000000000000000000e+00
0.000000000000000000e+00
0.000000000000000000e+00
0.000000000000000000e+00
0.000000000000000000e+00
5.525155475131494215e-02
0.000000000000000000e+00
0.000000000000000000e+00
0.000000000000000000e+00
0.000000000000000000e+00
0.000000000000000000e+00
0.000000000000000000e+00
0.000000000000000000e+00
5.600455942309952306e-02
0.000000000000000000e+00
7.949861049608608621e-01
0.000000000000000000e+00
0.000000000000000000e+00
0.000000000000000000e+00
0.000000000000000000e+00
0.000000000000000000e+00
2.295201009387481754e-04
1.251771684643088464e-23
1.229973110086558102e-01
9.094243996056885941e-167
6.631776299367602573e-03
0.000000000000000000e+00
2.149262751904465474e-02
2.418712246115813091e-01
0.000000000000000000e+00
0.000000000000000000e+00
2.144980426135926696e-02
3.257382489659024274e-89
6.620433911221941872e-03
9.334274140116386324e-70
0.000000000000000000e+00
0.000000000000000000e+00
2.156969805669334619e-02
0.000000000000000000e+00
0.000000000000000000e+00
1.885516955333849263e-123
9.229886679299063867e-02
0.000000000000000000e+00
0.000000000000000000e+00
0.000000000000000000e+00
0.000000000000000000e+00
0.000000000000000000e+00
0.000000000000000000e+00
0.000000000000000000e+00
0.000000000000000000e+00
0.000000000000000000e+00
0.000000000000000000e+00
0.000000000000000000e+00
0.000000000000000000e+00
3.457120161062642305e-01
2.294958041229086922e-04
0.000000000000000000e+00
0.000000000000000000e+00
0.000000000000000000e+00
0.000000000000000000e+00
5.533479774136984030e-207
5.966202340191609374e-10
2.421385220054790011e-01
2.517262313172614063e-01
3.318390544565693601e-01
6.630902709838464200e-03
3.225016165487580855e-01
6.631924495917102501e-03
2.295090295835973729e-04
2.582021143615160379e-180
0.000000000000000000e+00
0.000000000000000000e+00
6.132246595920801688e-04
6.131231681242157528e-04
0.000000000000000000e+00
0.000000000000000000e+00
6.286665251098290693e-08
0.000000000000000000e+00
0.000000000000000000e+00
5.601915024799118681e-02
0.000000000000000000e+00
0.000000000000000000e+00
5.855631065324379270e-01
6.619197095353035638e-03
2.999442748130587422e-01
3.879834132212047850e-92
1.323071387423471585e-12
0.000000000000000000e+00
0.000000000000000000e+00
2.506022087509073293e-01
4.337646994813610887e-23
0.000000000000000000e+00
0.000000000000000000e+00
2.438919321232058401e-01
0.000000000000000000e+00
0.000000000000000000e+00
0.000000000000000000e+00
5.814226110256940361e-01
0.000000000000000000e+00
0.000000000000000000e+00
2.625229219424239589e-25
0.000000000000000000e+00
6.633130382167295308e-03
3.949124894293128627e-25
0.000000000000000000e+00
0.000000000000000000e+00
0.000000000000000000e+00
6.132092012456032745e-04
6.910806455908083956e-01
5.538876194201032555e-02
8.659045876275112130e-01
4.978482590246997633e-14
0.000000000000000000e+00
0.000000000000000000e+00
0.000000000000000000e+00
0.000000000000000000e+00
4.455766478873454207e-67
6.131421999155435435e-04
2.261528646382078844e-01
1.420001826078015732e-05
0.000000000000000000e+00
2.153756437365358933e-02
5.858465875468161413e-49
0.000000000000000000e+00
0.000000000000000000e+00
0.000000000000000000e+00
0.000000000000000000e+00
2.163749023616058989e-02
0.000000000000000000e+00
1.488888001098093275e-05
0.000000000000000000e+00
5.551441501426148534e-02
3.862306891009665288e-01
0.000000000000000000e+00
6.627992896085776846e-03
2.295072415142772424e-04
0.000000000000000000e+00
0.000000000000000000e+00
0.000000000000000000e+00
4.225671365504913799e-111
1.395738685470996631e-66
1.420242618418520114e-03
0.000000000000000000e+00
0.000000000000000000e+00
0.000000000000000000e+00
0.000000000000000000e+00
2.201472616957618755e-01
0.000000000000000000e+00
2.537983366437411764e-43
0.000000000000000000e+00
0.000000000000000000e+00
0.000000000000000000e+00
8.586114256008767764e-01
0.000000000000000000e+00
1.818506457417752228e-02
0.000000000000000000e+00
0.000000000000000000e+00
2.295085768132797696e-04
6.634403290022275815e-03
1.004345248834121648e-08
5.651275805012079267e-02
0.000000000000000000e+00
1.593832251259335864e-01
6.130753319722494210e-04
3.328899677415967928e-01
0.000000000000000000e+00
0.000000000000000000e+00
0.000000000000000000e+00
3.237881329311557557e-18
0.000000000000000000e+00
0.000000000000000000e+00
0.000000000000000000e+00
6.131158937562428569e-04
0.000000000000000000e+00
0.000000000000000000e+00
5.627173142201510186e-02
3.243452693334754611e-01
0.000000000000000000e+00
0.000000000000000000e+00
0.000000000000000000e+00
1.492652480958393918e-57
0.000000000000000000e+00
1.585168475097135423e-190
3.051824666084908544e-01
6.641525933281833272e-01
0.000000000000000000e+00
0.000000000000000000e+00
6.130941955795111455e-04
0.000000000000000000e+00
0.000000000000000000e+00
0.000000000000000000e+00
0.000000000000000000e+00
0.000000000000000000e+00
5.651594834448597088e-02
2.295250046085858472e-04
6.130784802391312047e-04
0.000000000000000000e+00
6.630752946744943900e-03
6.617536264548517892e-03
6.626514693689865981e-03
0.000000000000000000e+00
6.625447567286598359e-03
2.295102892355973493e-04
1.687793245715643365e-28
5.484566043564883531e-01
0.000000000000000000e+00
0.000000000000000000e+00
0.000000000000000000e+00
2.295121988312164322e-04
1.419926246916753711e-03
0.000000000000000000e+00
0.000000000000000000e+00
0.000000000000000000e+00
0.000000000000000000e+00
1.820435245671151933e-02
2.155196535894277760e-02
0.000000000000000000e+00
8.540435394726490481e-33
0.000000000000000000e+00
0.000000000000000000e+00
6.616225141522836736e-03
7.896196878481408499e-01
0.000000000000000000e+00
0.000000000000000000e+00
1.420060712917512466e-03
0.000000000000000000e+00
0.000000000000000000e+00
0.000000000000000000e+00
1.421160559334736385e-03
6.621535239474354850e-03
4.396032938633884831e-05
3.725371460186436834e-01
0.000000000000000000e+00
1.999887150899783342e-36
0.000000000000000000e+00
0.000000000000000000e+00
2.329251304389309829e-01
2.295128521523080755e-04
2.295159131630818128e-04
5.098847298413041740e-01
6.131645122267312181e-04
6.131916472464799548e-04
1.420444890541113381e-03
2.144351683740581757e-02
6.755948505454063557e-01
2.295254371853721145e-04
0.000000000000000000e+00
6.529606247769277679e-07
0.000000000000000000e+00
0.000000000000000000e+00
0.000000000000000000e+00
2.294965437848783861e-04
3.028406733937005213e-01
0.000000000000000000e+00
5.626406366196536057e-02
0.000000000000000000e+00
0.000000000000000000e+00
6.626417638173503523e-03
3.396190593048765138e-01
2.295049437440602527e-04
1.494709181990979654e-09
0.000000000000000000e+00
0.000000000000000000e+00
0.000000000000000000e+00
5.941251318174326667e-19
1.420040420178511143e-03
0.000000000000000000e+00
6.130955003482729294e-04
1.816777090465868452e-02
0.000000000000000000e+00
2.294888482827753718e-04
0.000000000000000000e+00
3.050339306680234230e-01
2.160368909320356176e-02
5.744493414555346714e-18
0.000000000000000000e+00
3.903702499936144700e-10
0.000000000000000000e+00
2.151687812224655633e-02
0.000000000000000000e+00
5.575081167767073631e-02
0.000000000000000000e+00
2.295297585357818386e-04
2.493329387943828968e-01
6.627686677475307445e-03
2.295118058190499745e-04
0.000000000000000000e+00
1.572134283685035494e-01
0.000000000000000000e+00
6.550159303297948615e-11
3.245286717743777194e-01
1.818249437631611065e-02
2.511889172566355022e-01
0.000000000000000000e+00
7.199613607463448695e-01
1.420384095388918348e-03
0.000000000000000000e+00
6.627455843864281382e-03
0.000000000000000000e+00
2.146742209466507775e-02
3.723808217351695649e-01
0.000000000000000000e+00
6.130616175234336780e-04
5.861381164030505949e-14
6.624191342817484229e-03
2.498312694972147641e-01
1.557949353491745963e-06
0.000000000000000000e+00
0.000000000000000000e+00
0.000000000000000000e+00
2.295168699221794605e-04
2.166208341349440403e-02
0.000000000000000000e+00
7.715724968569520614e-01
8.248672367620582926e-62
0.000000000000000000e+00
0.000000000000000000e+00
2.594087173174766004e-07
0.000000000000000000e+00
0.000000000000000000e+00
0.000000000000000000e+00
1.409912629159103311e-45
2.294894222762197537e-04
5.560681806954164558e-02
3.354456962647411195e-02
1.817018867697684295e-02
4.202512727945218573e-06
0.000000000000000000e+00
0.000000000000000000e+00
4.934910937659703345e-01
5.530417552120660968e-02
1.420747932306694718e-03
2.294961394128373531e-04
2.294961490495024898e-04
1.421062738079494287e-03
1.323928661164201643e-136
3.103888190991206386e-01
6.131549321730852273e-04
2.158797302586655878e-02
0.000000000000000000e+00
1.806010632739905253e-195
2.150364624340968603e-02
0.000000000000000000e+00
7.894217816970086343e-11
2.294900224751261167e-04
2.320259104082081913e-01
0.000000000000000000e+00
0.000000000000000000e+00
0.000000000000000000e+00
6.130608732003769296e-04
2.369324641803254305e-01
5.610587315167380601e-02
3.170812475715982237e-01
5.551164255672402098e-02
0.000000000000000000e+00
2.389501815401819107e-01
5.252229353078254376e-25
0.000000000000000000e+00
1.337838790432894257e-133
0.000000000000000000e+00
0.000000000000000000e+00
0.000000000000000000e+00
2.294888782568223250e-04
0.000000000000000000e+00
2.992866497463323849e-03
6.131730603267369385e-04
1.318923435817791201e-01
0.000000000000000000e+00
0.000000000000000000e+00
3.572021455668221157e-01
0.000000000000000000e+00
0.000000000000000000e+00
1.420010347948583770e-03
0.000000000000000000e+00
4.866296894068320236e-03
2.013815766401412423e-18
0.000000000000000000e+00
0.000000000000000000e+00
0.000000000000000000e+00
0.000000000000000000e+00
0.000000000000000000e+00
1.609187258311344431e-167
0.000000000000000000e+00
6.140716021019662074e-01
3.472342878742128991e-01
1.420409039165691821e-03
2.295116692577878930e-04
0.000000000000000000e+00
0.000000000000000000e+00
3.555555040877020900e-01
0.000000000000000000e+00
0.000000000000000000e+00
0.000000000000000000e+00
0.000000000000000000e+00
0.000000000000000000e+00
8.760131249340087354e-67
2.295067883117034118e-04
2.363184739315033478e-01
2.457456036469296279e-01
2.290115395998810477e-01
0.000000000000000000e+00
3.074843626065797142e-03
6.132172301718658274e-04
2.295259714441415006e-04
0.000000000000000000e+00
5.298346877161736241e-145
5.608271637134144838e-02
2.868535978409539333e-01
1.420707179537132993e-03
2.092511403747737090e-03
0.000000000000000000e+00
1.190993056589516666e-02
