3.526637475682369072e+00 1.115925189419032293e+00
3.512963154134398636e+00 1.129757025861987785e+00
3.506447528053198592e+00 1.079574809485334796e+00
3.536567146904834313e+00 9.799052845160218794e-01
3.499519982841486243e+00 1.233132630482906222e+00
3.528947451550046299e+00 1.023695177838213510e+00
3.531423781169918286e+00 9.688936059040447191e-01
3.508721251445749534e+00 1.137738715518736399e+00
3.530282307173977951e+00 1.026288019960801989e+00
3.506050487222705847e+00 1.184121714631730882e+00
3.529428834029891604e+00 1.093621719929711134e+00
3.527814819954311343e+00 9.205611445163004447e-01
3.521522708176462402e+00 1.110624875623722474e+00
3.521921172731966365e+00 1.064086308139268411e+00
3.519235668865390299e+00 1.094460344040712130e+00
3.534290034769956623e+00 1.047643867708723420e+00
3.544912092550673854e+00 9.013580837197903151e-01
3.533105433230979031e+00 9.845955259480181354e-01
3.536567146904834313e+00 9.799052845160218794e-01
3.518233125820231511e+00 1.073025071391676022e+00
3.502459840837930383e+00 1.187879782816327889e+00
3.517831296059989121e+00 1.100760537968341168e+00
3.512340691479839627e+00 1.005052323477112708e+00
3.525079382736066691e+00 9.690221251466937247e-01
3.523305190309199642e+00 1.149512648174745522e+00
3.502069709430851496e+00 1.147993157475115211e+00
3.540158371890610223e+00 9.806194529845804198e-01
3.530687825335364849e+00 1.018122872484561015e+00
3.550062115950522124e+00 8.355591418667636106e-01
3.536401164146193210e+00 1.020812770166124039e+00
3.540158371890610223e+00 9.806194529845804198e-01
3.521522708176462402e+00 1.110624875623722474e+00
3.499519982841486243e+00 1.233132630482906222e+00
3.527423944489541885e+00 1.059593847738925732e+00
3.527745098704918814e+00 9.948554173372343712e-01
3.506299745074299423e+00 1.144376703791539995e+00
3.543929759588558603e+00 9.143599662824897223e-01
3.543929759588558603e+00 9.143599662824897223e-01
3.506050487222705847e+00 1.184121714631730882e+00
3.524406632943938078e+00 1.059686297482938855e+00
3.535373044723205016e+00 1.002083448844665270e+00
3.513073269568981249e+00 1.034631226598328624e+00
3.557194159046185078e+00 8.846586965994998053e-01
3.541331599291385857e+00 1.007473494563711824e+00
3.537987788693915725e+00 9.502739994242510591e-01
3.529488456145716047e+00 9.677500574190442961e-01
3.518244073185608389e+00 1.103812611889205542e+00
3.527814819954311343e+00 9.205611445163004447e-01
3.496344805856072657e+00 1.094853836674273495e+00
3.502459840837930383e+00 1.187879782816327889e+00
3.543929759588558603e+00 9.143599662824897223e-01
3.489132803683885786e+00 1.241803755602177262e+00
3.525399863318103844e+00 1.073418460002663721e+00
3.524857872265546810e+00 1.099210277866244923e+00
3.537987788693915725e+00 9.502739994242510591e-01
3.506447528053198592e+00 1.079574809485334796e+00
3.506862813310315463e+00 1.084617497309109169e+00
3.536567146904834313e+00 9.799052845160218794e-01
3.485382439821133271e+00 1.167211755134800910e+00
3.506050487222705847e+00 1.184121714631730882e+00
3.523305190309199642e+00 1.149512648174745522e+00
3.541331599291385857e+00 1.007473494563711824e+00
3.539775469078142223e+00 9.662472895836167197e-01
3.547284514867969918e+00 9.240784154625387714e-01
3.525357641200777437e+00 1.073262704604589501e+00
3.532462603396018253e+00 9.875318012843727900e-01
3.525469254365878768e+00 1.088109537405053118e+00
3.515040029243004849e+00 1.217054328094832272e+00
3.500603354365332098e+00 1.130800122178401423e+00
3.531423781169918286e+00 9.688936059040447191e-01
3.524857872265546810e+00 1.099210277866244923e+00
3.512963154134398636e+00 1.129757025861987785e+00
3.502459840837930383e+00 1.187879782816327889e+00
3.502459840837930383e+00 1.187879782816327889e+00
3.507053922775005717e+00 1.105258254014186647e+00
3.547284514867969918e+00 9.240784154625387714e-01
3.521522708176462402e+00 1.110624875623722474e+00
3.530687825335364849e+00 1.018122872484561015e+00
3.531423781169918286e+00 9.688936059040447191e-01
3.506050487222705847e+00 1.184121714631730882e+00
3.529488456145716047e+00 9.677500574190442961e-01
3.547284514867969918e+00 9.240784154625387714e-01
3.506862813310315463e+00 1.084617497309109169e+00
3.541863938596114814e+00 1.047129223441016777e+00
3.502069709430851496e+00 1.147993157475115211e+00
3.524735005664143994e+00 1.055974314183194096e+00
3.531351224756947182e+00 9.908428332070133848e-01
3.531423781169918286e+00 9.688936059040447191e-01
3.512340691479839627e+00 1.005052323477112708e+00
3.527423944489541885e+00 1.059593847738925732e+00
3.525079382736066691e+00 9.690221251466937247e-01
3.526637475682369072e+00 1.115925189419032293e+00
3.516034199616971723e+00 1.075896783495826625e+00
3.502069709430851496e+00 1.147993157475115211e+00
3.550062115950522124e+00 8.355591418667636106e-01
3.541331599291385857e+00 1.007473494563711824e+00
3.531640253568458565e+00 1.146913833293181639e+00
3.529611456885997534e+00 1.038669465369050471e+00
3.547284514867969918e+00 9.240784154625387714e-01
3.508721251445749534e+00 1.137738715518736399e+00
3.529428834029891604e+00 1.093621719929711134e+00
3.529756760281385297e+00 9.393246839395210657e-01
3.548237548356506288e+00 9.422986080539530462e-01
3.517831296059989121e+00 1.100760537968341168e+00
3.524857872265546810e+00 1.099210277866244923e+00
3.524941420036500350e+00 1.050563381454912459e+00
3.549798513842929548e+00 1.003396900221527943e+00
3.548566986235770937e+00 1.001407519164928317e+00
3.531351224756947182e+00 9.908428332070133848e-01
3.548566986235770937e+00 1.001407519164928317e+00
3.535894533696323006e+00 9.770320081119834299e-01
3.543929759588558603e+00 9.143599662824897223e-01
3.489132803683885786e+00 1.241803755602177262e+00
3.541331599291385857e+00 1.007473494563711824e+00
3.506447528053198592e+00 1.079574809485334796e+00
3.534290034769956623e+00 1.047643867708723420e+00
3.515040029243004849e+00 1.217054328094832272e+00
3.521307263590994108e+00 1.056011372276406846e+00
3.509707317838526297e+00 1.117335155718112816e+00
3.534646032204321386e+00 8.982763198886924982e-01
3.549058119448268656e+00 8.941676155274880244e-01
3.546204946010250936e+00 8.836183467892215759e-01
3.521307263590994108e+00 1.056011372276406846e+00
3.518324222123660583e+00 1.157662429694767070e+00
3.530687825335364849e+00 1.018122872484561015e+00
3.513073269568981249e+00 1.034631226598328624e+00
3.525357641200777437e+00 1.073262704604589501e+00
3.499519982841486243e+00 1.233132630482906222e+00
3.506383581763364621e+00 1.242209495389753116e+00
3.536530127207890839e+00 1.138468784979728810e+00
3.540158371890610223e+00 9.806194529845804198e-01
3.518587124346052697e+00 1.102059508655885978e+00
3.524016142824496267e+00 1.059046589929499405e+00
3.526550017895118572e+00 1.070324298803488006e+00
3.518587124346052697e+00 1.102059508655885978e+00
3.526774695516205149e+00 1.013525654854213087e+00
3.519332952728462249e+00 1.063559125224179169e+00
3.562609887016381371e+00 8.258679975978218124e-01
3.531423781169918286e+00 9.688936059040447191e-01
3.531351224756947182e+00 9.908428332070133848e-01
3.541331599291385857e+00 1.007473494563711824e+00
3.526902618756422747e+00 1.047038751122846278e+00
3.506050487222705847e+00 1.184121714631730882e+00
3.532417485322894457e+00 1.035488061081590416e+00
3.529756760281385297e+00 9.393246839395210657e-01
3.536032928252057062e+00 9.095081185601294749e-01
3.519127586681667363e+00 1.093458872667545378e+00
3.532462603396018253e+00 9.875318012843727900e-01
3.536401164146193210e+00 1.020812770166124039e+00
3.512115287582794121e+00 1.133297314795541411e+00
3.520661634086464709e+00 1.084482319791931104e+00
3.509996477201923870e+00 1.149416707160058948e+00
3.529428834029891604e+00 1.093621719929711134e+00
3.529488456145716047e+00 9.677500574190442961e-01
3.526426449320176459e+00 1.124210878509000366e+00
3.527745098704918814e+00 9.948554173372343712e-01
3.532462603396018253e+00 9.875318012843727900e-01
3.499525882394618037e+00 1.129525934751443472e+00
3.531351224756947182e+00 9.908428332070133848e-01
3.536032928252057062e+00 9.095081185601294749e-01
3.536567146904834313e+00 9.799052845160218794e-01
