3.513776438449506045e+00 7.210356858918757439e+00
1.346695863075522803e+00 2.720985906926326692e+00
5.276665812439043535e+00 -6.130216590194141446e+00
1.886794505520628329e+00 7.015797169156449797e+00
2.781208951598715728e+00 5.643067444696647783e+00
3.541536559166063469e+00 6.451194444980625775e-01
4.017776466713246286e+00 -1.951026840633549142e+00
3.758530663191418153e+00 1.395529665389606322e+00
3.363967853760026383e+00 1.561678676737248139e+00
2.894510135897136571e+00 4.728338959045087719e+00
3.344577399163673359e+00 2.795270195886764952e+00
5.230400351522750846e+00 -9.928817118677345732e+00
4.160783233174720763e+00 8.341148875801724927e-01
3.435292196144192456e+00 1.555226055098657412e+00
3.115863611856742654e+00 3.975585801329307500e+00
3.443531256723234346e+00 1.044061328517294385e+00
3.526399660955632509e+00 1.022487573509600622e+00
2.459520523924955349e+00 4.477582062211961755e+00
3.425661344231599070e+00 2.103111231100630363e+00
3.575402334840210194e+00 5.910152937221599956e-01
3.259791224837683909e+00 4.030810582115098128e+00
3.585053645517765286e+00 1.671166560428190451e+00
3.603537429044617824e+00 6.024445935517253048e-01
3.737332030599423760e+00 6.342818846896136620e-02
3.506502399752208898e+00 1.312131626220415015e+00
3.539775469078142223e+00 9.662472895836167197e-01
3.510646158730772903e+00 1.236734304469781165e+00
3.478706075369558892e+00 1.322402671768305282e+00
3.445415469933211572e+00 1.461259813457505885e+00
3.825585909142994456e+00 3.359558724070410562e-01
3.717272521163810683e+00 9.890130668978027728e-01
3.358872317241521355e+00 2.113833386268678893e+00
3.332074466057560524e+00 2.925506605938766214e+00
3.529113939092511032e+00 1.048031728800276952e+00
3.517173323491617598e+00 1.177237227866964275e+00
3.337492790064641834e+00 1.845524970237022444e+00
3.531351224756947182e+00 9.908428332070133848e-01
3.410000540658905344e+00 3.370838341553929141e+00
3.473136127510891402e+00 1.504740479999485459e+00
3.522381437911264790e+00 1.058175716871403438e+00
3.382783094968147886e+00 1.181171575199009283e+00
9.119948536384024917e-01 -5.248317257791761392e+00
3.529428834029891604e+00 1.093621719929711134e+00
3.532850908524376887e+00 1.014955490154182627e+00
3.527733883171667362e+00 1.037996397469280296e+00
3.527808147983831244e+00 1.024051420893259845e+00
3.589600296932198287e+00 8.659302499560421751e-01
3.462004092016595536e+00 1.313231982485861593e+00
3.491807966284604436e+00 1.120671480681933119e+00
3.524624004058020343e+00 1.051561793400905387e+00
3.520580058007252156e+00 1.075227719208493582e+00
-2.241448349673160756e+00 7.167466588143149409e+00
3.524656749800493039e+00 1.057686463705810098e+00
3.625363982522979533e+00 4.227855524574408719e-02
3.648361460274210710e+00 6.409828523159433189e-02
3.995922544791433939e+00 -1.125232780243813124e+00
3.535894533696323006e+00 9.770320081119834299e-01
3.317169175786505164e+00 9.008965785573280982e+00
3.523992022616028397e+00 1.064714232086419798e+00
3.525239796265075665e+00 1.043683105338546468e+00
3.523967369582556408e+00 1.057453810107368497e+00
3.515629096906273343e+00 1.289347844883646843e+00
3.524067770837109759e+00 1.056049007072196844e+00
3.452085395807092283e+00 2.976105394472988053e+00
3.525079382736066691e+00 9.690221251466937247e-01
3.522559507072143159e+00 1.061770347510281098e+00
3.522475535140660252e+00 1.064761925820510768e+00
3.523569138444599069e+00 1.060601313401610568e+00
3.522244519046556110e+00 1.072727680705325426e+00
3.524018637597239323e+00 1.057871325319039713e+00
3.467166956403030742e+00 1.440626831949774811e+00
3.355998963752140352e+00 1.787809789962469864e+00
3.524092933066824695e+00 1.057503094510600761e+00
3.529611456885997534e+00 1.038669465369050471e+00
3.522857780892973079e+00 1.059458489360077138e+00
3.524063308433991182e+00 1.057565591179891129e+00
3.523988701648492317e+00 1.058109878765925771e+00
3.512297540384973438e+00 9.346170286282298179e-01
3.523585437653043329e+00 1.059487566206234632e+00
3.524155714448925725e+00 1.057607961429088306e+00
2.456420954843879567e+00 7.088495520287978024e+00
3.523913818312858215e+00 1.058859931487791783e+00
3.524413115020202270e+00 1.054493997765522550e+00
3.526774695516205149e+00 1.013525654854213087e+00
3.259273174769496073e+00 2.712893074198316157e+00
3.507053922775005717e+00 1.105258254014186647e+00
3.541863938596114814e+00 1.047129223441016777e+00
3.477008152445171696e+00 1.338255249968085536e+00
3.524075511853056231e+00 1.057545394584300524e+00
3.523959779934945580e+00 1.058158129178158546e+00
3.524570673725373471e+00 1.071244656409323426e+00
3.523945035460674724e+00 1.058209161208027993e+00
3.534290034769956623e+00 1.047643867708723420e+00
3.524027474962599271e+00 1.057739744498604750e+00
3.523942009839552192e+00 1.058246393974435762e+00
3.523939103127744499e+00 1.058233542617658784e+00
3.523935565243081491e+00 1.058262061696824574e+00
3.502459840837930383e+00 1.187879782816327889e+00
3.522682440416698313e+00 1.046078277445509741e+00
3.523889238042956062e+00 1.058436130525704399e+00
3.523932379615213772e+00 1.058289378725554286e+00
3.523932835356974991e+00 1.058298340019630857e+00
3.523933343730039969e+00 1.058299584862623988e+00
3.523935609103396427e+00 1.058277237221702194e+00
3.523928268786811202e+00 1.058329845860868090e+00
3.523931976609863348e+00 1.058300759286447956e+00
3.523956515475357598e+00 1.058118130291127557e+00
3.523934760462723581e+00 1.058298531173782919e+00
3.523954110768306336e+00 1.058121491317340457e+00
3.523964875014953702e+00 1.057984718473800712e+00
3.523938702076435447e+00 1.058265040656207745e+00
3.524204860666067862e+00 1.056938100044650497e+00
3.523941609028567346e+00 1.057821479660301378e+00
3.524001228518222728e+00 1.058136412329291787e+00
3.523854316987698798e+00 1.058085212188732527e+00
3.523951399870027146e+00 1.058168831454956660e+00
3.523912507522663162e+00 1.058354186538124964e+00
3.524000658051059442e+00 1.057960492981029788e+00
3.523933932464803132e+00 1.057859300440696870e+00
3.523931705515628732e+00 1.058293424268732963e+00
3.523961433150523348e+00 1.058130853669599247e+00
3.480093910128279067e+00 1.257888623400909012e+00
3.548013566373458882e+00 9.701253282492885432e-01
3.528615491258733528e+00 1.026007654983374096e+00
3.533173867611186125e+00 1.051041461296382096e+00
3.523773540915813296e+00 1.059176577344508985e+00
3.532236911118386224e+00 1.017466426174783223e+00
3.523949439564273867e+00 1.058186699884467785e+00
3.523950751658695868e+00 1.058207601288588151e+00
3.523931056745407631e+00 1.058303189999268312e+00
5.104163302320561257e-01 -8.078935433596665661e+00
4.611025246437614911e+00 -8.776524309935929580e+00
3.506050487222705847e+00 1.184121714631730882e+00
5.784371417064190446e+00 4.564642576017234887e-01
3.523947428320919784e+00 1.058541960513032620e+00
3.523750369194534660e+00 1.059179968955971773e+00
3.548566986235770937e+00 1.001407519164928317e+00
3.523942643277421460e+00 1.058255333342779991e+00
3.515326353554074412e+00 1.088050310151388089e+00
3.524397143740470639e+00 1.056687598115983562e+00
5.069375390028787010e+00 -6.706757026438713076e+00
3.523929604103040791e+00 1.058338053110340127e+00
3.418838378233790998e+00 1.655898429669104388e+00
3.523953047995496579e+00 1.058260160393208693e+00
3.522354872277156712e+00 1.061948784338362373e+00
3.523931002183015249e+00 1.058285423688900551e+00
3.523911408152134772e+00 1.058222880301663338e+00
3.622154167940966119e+00 4.820428825618154889e-01
3.511811369483661682e+00 1.115644049644641811e+00
3.526309617210397818e+00 1.044412083489566712e+00
3.645251806319666166e+00 6.615173651382768583e-01
5.304648671384502023e-01 7.055342882580429631e+00
3.523933535083755508e+00 1.058329368009500726e+00
3.290660520597618266e+00 2.410346566171240212e+00
3.492250429024973180e+00 1.348101664476040185e+00
3.524433903211550145e+00 1.053583016911805004e+00
3.523915843713247398e+00 1.058385201940099662e+00
3.523937403123786893e+00 1.058244300642268598e+00
3.523914093983131934e+00 1.058433986799460769e+00
3.523916526555886719e+00 1.058356943560085028e+00
4.724804550062889241e+00 -6.530878171074530947e+00
3.523940365515556117e+00 1.058242049370811344e+00
3.602296994715838974e+00 1.030588271202272921e+00
3.523995246663314429e+00 1.056863160178181715e+00
3.513073269568981249e+00 1.034631226598328624e+00
3.402309319057549963e+00 1.775881735607661938e+00
4.193309002558696541e+00 -1.773382299643591509e+00
3.524177098527040641e+00 1.055411012136678650e+00
3.523935634236115888e+00 1.058264957731749334e+00
6.611128835997439168e+00 7.160189043238609941e+00
3.526395597754782951e+00 1.045135518481338011e+00
3.551042207930449557e+00 1.050018362536688343e+00
3.523918609420107817e+00 1.058695236449780808e+00
3.524128789046053090e+00 1.058447831582292054e+00
3.223580852767491844e+00 3.832246179825146370e+00
3.450366730686813543e+00 1.216329467455448565e+00
3.399752791884345982e+00 1.765121719097079378e+00
3.523967263350340051e+00 1.058760469713810437e+00
3.506926999906940789e+00 1.281986159188928553e+00
3.523963238317035174e+00 1.058466266673546485e+00
3.521722222490152543e+00 1.064631906423009866e+00
5.121609143153417421e+00 5.171247862426634256e+00
3.416413910534624510e+00 1.964908694101834996e+00
3.523782738538458137e+00 1.059126019516293482e+00
3.523932893198834293e+00 1.058285734762055341e+00
3.524267251381900667e+00 1.056250677368257840e+00
3.527149683077741571e+00 1.026885788522886145e+00
3.523822208700669645e+00 1.058410116797634970e+00
3.523775186123889736e+00 1.059146956028905961e+00
3.523693031455509495e+00 1.055354191276215658e+00
3.507607861688513573e+00 1.116288083830399458e+00
3.523933992683113470e+00 1.058274714266863370e+00
3.523274785647601437e+00 1.056735444543816627e+00
3.727366961008308444e+00 6.636163035811541988e-01
3.523913652482056680e+00 1.058440859620541019e+00
3.513842628069969276e+00 1.198240512516948186e+00
3.533015790020548774e+00 1.021033457947554624e+00
3.523943459713408277e+00 1.058208206785472782e+00
2.889601256050598810e+00 4.923478875829850665e+00
3.490095788933464060e+00 1.429028017508606752e+00
3.544506826508378783e+00 1.600842038595953198e-01
-6.959972159235578992e-01 -8.431561930578048703e+00
3.523928353789753221e+00 1.058443736070799446e+00
3.519235668865390299e+00 1.094460344040712130e+00
3.518652701036932839e+00 1.079311981897134842e+00
7.786755561252484803e+00 -7.264530565687419283e-01
3.520150245149558099e+00 1.052810197231339728e+00
3.521981946742054337e+00 1.066084263544226474e+00
3.523923526864504385e+00 1.058505825016318624e+00
3.525399863318103844e+00 1.073418460002663721e+00
3.523873191578402952e+00 1.058594212143807667e+00
3.509707317838526297e+00 1.117335155718112816e+00
-3.452523877375833217e-01 -6.477038124262683105e+00
3.523941589265130681e+00 1.058267441707767986e+00
3.523786965611217514e+00 1.058950991445437140e+00
3.397920217691562161e+00 7.790819922555289878e-01
3.524660426383859235e+00 1.054250021455020558e+00
2.996386501454451068e+00 5.617455131069512220e+00
3.489132803683885786e+00 1.241803755602177262e+00
4.495647145334079831e+00 -4.041479564409673486e+00
3.315158822215280576e+00 2.010916459787548405e+00
3.535225680751360233e+00 1.052517409249219327e+00
-1.093157325152556147e+01 -1.333304084774498577e+00
3.500700187195477930e+00 1.004352904040855421e+00
3.526902618756422747e+00 1.047038751122846278e+00
3.507074266819496078e+00 1.149404348920505470e+00
3.061246355912280226e+00 2.725837105336998079e+00
3.526959478423635996e+00 4.007109157217207951e-01
3.523818165426470639e+00 1.058954999049678491e+00
3.328870068717692199e+00 2.895877351591021664e+00
5.392926726900866274e-01 8.717614335421302485e+00
3.430407350563570379e+00 1.273248431393419366e+00
3.523935425149030909e+00 1.058261655425180692e+00
3.603960976961130935e+00 4.003720240178179068e-01
3.523981827562759683e+00 1.057918667990042749e+00
3.523886229904181988e+00 1.058717151281825863e+00
3.523935938153750502e+00 1.058056876225165865e+00
3.523917517716677050e+00 1.058433223490579778e+00
3.706474233146252573e+00 2.283592570266659294e-01
3.362459321664361678e+00 1.490092014754925032e+00
3.705451997317559698e+00 1.003001033351006654e+00
2.905798827603347512e+00 8.857205947090406539e+00
3.525205246443873008e+00 1.042238561248122863e+00
3.523515100903351183e+00 1.063895891855660025e+00
3.523931898436542198e+00 1.058484133044077069e+00
3.524007082737421470e+00 1.061805446737448477e+00
3.508262720889942177e+00 1.063011406207017728e+00
3.523980668817486617e+00 1.057996914817319833e+00
2.399897555663558002e+00 -3.821862286903314754e-01
-2.287208966569745261e+00 -1.255772125845165732e+00
3.523934043618917489e+00 1.058270117877579963e+00
4.435439580111874669e+00 -8.190443400063312396e+00
3.614272458305344049e+00 6.184828179691823635e-01
3.523319454514423743e+00 9.663416369017401308e-01
3.551570676726674591e+00 1.796475116605328992e+00
3.524388083092473867e+00 1.058073158816835502e+00
3.523916059943668078e+00 1.058346156360418178e+00
3.530282307173977951e+00 1.026288019960801989e+00
3.518324222123660583e+00 1.157662429694767070e+00
3.524566336733563343e+00 1.055454003269261420e+00
3.524806087824629675e+00 1.058488437479606858e+00
3.548237548356506288e+00 9.422986080539530462e-01
3.523937460324948034e+00 1.058257729867847274e+00
3.521846244551975591e+00 1.071709331966845369e+00
3.523929028442369660e+00 1.057855896843708621e+00
3.524921907908333374e+00 1.060299981460378405e+00
3.531640253568458565e+00 1.146913833293181639e+00
3.523952825139204048e+00 1.058237069557769416e+00
3.523932290228740438e+00 1.058286138368558227e+00
3.523922933056551798e+00 1.058271916413657365e+00
3.523846588809347757e+00 1.060030982160713009e+00
3.525023520446163516e+00 1.029312126026647789e+00
3.522581607857754094e+00 1.072547436604471827e+00
3.523936151745374890e+00 1.058281379938739164e+00
3.523525423622783759e+00 1.060069804617995715e+00
3.523934416480516862e+00 1.058282413248772258e+00
2.971598883596710206e+00 -7.817153986134664834e+00
3.456952122019604889e+00 1.039650424355992087e+00
3.523915092181736597e+00 1.058076157950075924e+00
3.523951159198615901e+00 1.058303398706685883e+00
3.525067361108373376e+00 1.055312824586655651e+00
3.468284862012758651e+00 2.013375843941357601e+00
3.523895013116836950e+00 1.058514312009579683e+00
3.444472537317910366e+00 1.431020007871346422e+00
7.425351378388127532e-01 3.581466046810366066e+00
3.531078927880137996e+00 1.041480030207461382e+00
-7.172900535583822901e+00 3.625817833354661346e+00
3.524589106811521599e+00 1.055965214428120191e+00
3.550062115950522124e+00 8.355591418667636106e-01
3.612814240096481555e+00 -8.795830419868432060e+00
3.513876268743905129e+00 9.350455374567356870e-01
-6.973056726556230878e+00 9.889509668170848755e+00
3.527745098704918814e+00 9.948554173372343712e-01
3.524787839240605347e+00 1.038065916872371375e+00
4.625547679532749257e+00 7.825202915632324618e+00
3.524053833946370062e+00 1.057184673254106144e+00
3.500603354365332098e+00 1.130800122178401423e+00
3.523928136400312550e+00 1.058343670518157253e+00
3.522815813793413131e+00 1.073366980407548965e+00
3.523930922516112840e+00 1.058540144232008373e+00
9.706498633810574095e-01 3.451976539437760394e+00
3.512340691479839627e+00 1.005052323477112708e+00
5.137748282249483545e+00 -8.640269680659393714e+00
3.468506231954424202e+00 1.496780852204238954e+00
3.523958326826098553e+00 1.058227170466846445e+00
3.523938545053659332e+00 1.058300608761159722e+00
3.523918240386479717e+00 1.058849755349109856e+00
3.523945693658932399e+00 1.058236080849770389e+00
3.523907325578531147e+00 1.057690629432107343e+00
3.622770728727595646e+00 7.637538836488637628e-01
3.525240117395233241e+00 1.075579506554060316e+00
3.523980219278743942e+00 1.059602712130145008e+00
3.523853840951753025e+00 1.058653635629909218e+00
3.523844676504026108e+00 1.060090877727857261e+00
3.523954647828056785e+00 1.058087006927571849e+00
3.532462603396018253e+00 9.875318012843727900e-01
3.524664830012321115e+00 1.055797760266992569e+00
3.523930468741317767e+00 1.058307847372555344e+00
-5.832576882922920980e+00 -1.188607990642587708e+00
3.523936834595228884e+00 1.058287665310121639e+00
3.523941640879021175e+00 1.058279618088368679e+00
3.779131505908500444e+00 -4.059003720016640671e-01
3.523960062403725058e+00 1.058182379426039432e+00
6.039169569246356062e+00 -6.784993498121191458e+00
3.517569028064050585e+00 1.125481539282375820e+00
3.522610772383897526e+00 1.066238310632714459e+00
3.523980294174222205e+00 1.057792303437992132e+00
3.523940871076092662e+00 1.057970554374344729e+00
-1.236363566604157915e+00 5.257159389901413959e+00
3.523917210485839391e+00 1.058377087721675380e+00
3.509673713392879701e+00 1.498845961746983591e+00
3.523902183616300476e+00 1.058433913778728197e+00
3.506447528053198592e+00 1.079574809485334796e+00
1.591883171329936175e+00 5.112435172174293996e+00
3.524013180774598464e+00 1.057778441274050962e+00
3.523947149231067666e+00 1.058214264537300053e+00
3.480551432890387709e+00 1.348038583035959803e+00
3.486036464895915898e+00 1.446834546163778157e+00
3.546204946010250936e+00 8.836183467892215759e-01
3.572891858874390092e+00 9.133585298442525868e-02
3.636209158103457462e+00 8.324725964645960374e-01
3.375865958323099658e+00 2.826754974489020356e+00
3.523940958732300288e+00 1.058031992751041983e+00
3.201373389742744102e+00 3.196545320999877760e+00
3.524609232413119297e+00 1.052421844897194703e+00
3.523933633866065840e+00 1.058282417573984446e+00
3.523940337946710244e+00 1.058212687019036480e+00
3.523961774537777369e+00 1.058614795873376480e+00
-8.707393570889749412e+00 -7.716083773153999736e+00
3.179974103769865224e+00 5.147094147921880136e+00
2.952830212350435968e+00 3.294843974430955669e+00
-6.600925343799881162e+00 2.341681409395128810e-01
3.523919159603444040e+00 1.056780377652950520e+00
3.321066292221729110e+00 5.461285439244631945e+00
3.523117317171779561e+00 1.064861260138401988e+00
3.523961606208458885e+00 1.058032385088683469e+00
3.523929167216930836e+00 1.058316463073699865e+00
3.586720994756215308e+00 7.278907897665707338e-01
3.612127313679076579e+00 2.739806685139610565e+00
3.523930859711661423e+00 1.058291374254638484e+00
3.465119193582237855e+00 -2.461666207777676085e+00
3.485819118918593418e+00 1.159905958752052157e+00
3.502069709430851496e+00 1.147993157475115211e+00
3.516034199616971723e+00 1.075896783495826625e+00
3.346684043835583378e+00 3.436260597245366810e+00
3.512115287582794121e+00 1.133297314795541411e+00
3.336820728652609702e+00 1.207271732779769735e+00
3.522639222660608027e+00 1.066743957946309607e+00
3.523957235131051302e+00 1.058121528076751972e+00
3.184864730292773949e+00 2.248273781332489563e+00
3.515062721194545325e+00 1.097209771585728078e+00
3.523907332604362619e+00 1.058467853520872026e+00
3.523974654390690908e+00 1.057726277762583322e+00
3.523386561895357705e+00 1.050876619342473006e+00
1.906795388298299088e-02 -1.750235235591990346e-01
3.531346547725749296e+00 1.015891323125069690e+00
3.523935242925206879e+00 1.058265756899603005e+00
3.885857604443024638e+00 -3.562011251032117798e-01
1.077330665802660725e+01 6.812412689274250255e+00
4.490826034514185494e+00 -8.419147984818431851e+00
3.530687825335364849e+00 1.018122872484561015e+00
3.523887110649802423e+00 1.058551978867168231e+00
3.523920631194824793e+00 1.058262014380314753e+00
3.373912496197217337e+00 2.348205119592352119e+00
-8.841662983646170204e+00 7.584721420493352184e+00
3.523828313191634809e+00 1.058800832696290328e+00
3.514116755765540390e+00 1.130381509277562202e+00
3.226416913304671841e+00 1.048787009065147657e+00
3.524071046867533141e+00 1.083653090009791597e+00
3.524998327839963697e+00 1.053911930953132625e+00
3.523692637569043828e+00 1.060484230811148620e+00
3.523862857772405377e+00 1.058545976958710000e+00
3.531423781169918286e+00 9.688936059040447191e-01
3.523951452511223437e+00 1.058138097113797471e+00
3.523936098613480006e+00 1.058262748907740303e+00
2.764829492330855398e+00 8.508218992021578941e+00
3.648844801131482907e+00 1.447851527157384410e+00
3.562609887016381371e+00 8.258679975978218124e-01
3.423555703892996682e+00 1.674058071354847854e+00
3.523945722597014552e+00 1.058210596888461197e+00
3.523744000582209601e+00 1.058873880124224343e+00
2.952662413120005880e+00 -5.311545470778268552e+00
3.528803208357591537e+00 1.047418601231898450e+00
3.523905946440826664e+00 1.058440125614698246e+00
3.526297817499215004e+00 1.022400414371986699e+00
3.522751875731862992e+00 1.073513821916680655e+00
3.524143334453536891e+00 1.057960093954527281e+00
3.523933577765030467e+00 1.058298041239005727e+00
3.523942104680072074e+00 1.058330944991936917e+00
3.523348317733002943e+00 1.060601005733422753e+00
3.480674708215205193e+00 1.350682045934203046e+00
4.210104417066723670e+00 -6.680872001417521133e+00
-7.146417562653742950e-01 5.307979511112257853e+00
3.341180484983524046e+00 3.039320540572177265e+00
3.527004907870935568e+00 1.071899124624740907e+00
1.350591928576652556e+00 6.167909882105799824e+00
3.522931566854617724e+00 1.049827853975532577e+00
3.417182558654158875e+00 9.779833348138282645e-01
3.522703232226493064e+00 1.092938599838101155e+00
3.523937138392075674e+00 1.058277673081011727e+00
3.523929392156559537e+00 1.058303109206686798e+00
3.524163470617139193e+00 1.056411633025760466e+00
3.523933526621117363e+00 1.058293054996779503e+00
1.221221848867898530e+00 4.096009055418747380e+00
3.525692605847775773e+00 1.057082059322279832e+00
3.503195035871470964e+00 7.854255819176181319e-01
3.452808349604461924e+00 1.274861471198304841e+00
3.759145544974116238e+00 -1.730318139435702562e-01
3.523939063173867403e+00 1.058274219727518783e+00
3.528954895260669744e+00 1.043977157254271759e+00
3.524648664104931495e+00 1.055684951258006876e+00
3.461469905368288469e+00 1.783574406115777222e+00
3.456807421510484257e+00 1.035985582948249828e+00
3.525411990718014810e+00 1.050782386195553642e+00
3.523944861962640118e+00 1.058217554008454186e+00
4.440523561062025948e+00 -5.802716578013017212e+00
3.523928332081467829e+00 1.058314003048602459e+00
3.524672106156387485e+00 1.053870973095536456e+00
3.516608333794435826e+00 1.107333080266336367e+00
3.517472248616236641e+00 1.692287531943987844e+00
2.743001565263218033e+00 -5.780716818136056645e+00
3.508721251445749534e+00 1.137738715518736399e+00
3.523949409258113619e+00 1.058235146987183128e+00
3.519127586681667363e+00 1.093458872667545378e+00
3.523910166738671190e+00 1.058594658243800168e+00
3.576106017206869492e+00 7.714542547790443905e-01
3.523734943678396458e+00 1.058936603464985637e+00
3.556178324962224746e+00 7.578976431777988410e-01
3.523733612494105216e+00 1.059017697896214472e+00
3.524530717265308866e+00 1.058693910872282373e+00
3.523928123094806963e+00 1.058303274372347502e+00
3.489912913591180832e+00 1.113958819821917245e+00
3.523938429134867434e+00 1.058271237468501269e+00
3.523919975787044301e+00 1.058351763567539905e+00
3.523938103231696317e+00 1.058268791195693836e+00
3.522371599354338301e+00 1.073121996539084577e+00
3.523937701551606683e+00 1.058331118774926694e+00
3.523955615216930237e+00 1.058329000022274258e+00
3.523831247777825748e+00 1.058592376016505909e+00
3.528068183142988090e+00 6.480691502153135275e-01
3.523949409832248580e+00 1.057962516280584353e+00
3.522332766852831032e+00 1.061695692904866206e+00
2.878186260884671555e+00 7.230148943319026245e+00
3.523999118367181715e+00 1.057689600380811612e+00
3.527957220356405799e+00 9.970929186844266212e-01
3.523939379883593404e+00 1.058234905036046669e+00
2.952308553479739306e+00 3.618857054649893712e+00
3.524030732737668536e+00 1.057629869797596101e+00
3.523569669837486984e+00 1.017527211540400600e+00
3.523778724254958306e+00 1.058861279639192077e+00
3.529756760281385297e+00 9.393246839395210657e-01
3.523910806830041764e+00 1.058390425816245539e+00
3.527814819954311343e+00 9.205611445163004447e-01
3.523944989913250225e+00 1.058294283787233780e+00
3.523985698928506327e+00 1.058023254342492336e+00
3.523722317939631754e+00 1.059750599585797204e+00
2.633774951186777180e+00 6.307724321529789790e+00
3.523889850763896714e+00 1.058480293654369575e+00
3.444757506440069506e+00 1.431530929669699859e+00
3.524038980228896278e+00 1.057892324731740885e+00
3.524608391134110175e+00 1.055825053609694919e+00
3.521792732303378859e+00 1.068643331274479635e+00
3.525006909530806087e+00 1.054132274263231750e+00
3.523489300886313291e+00 1.060128394282461528e+00
3.523893557420885170e+00 1.057847141117171930e+00
3.524016034802335717e+00 1.058097238090960346e+00
3.540889419833694873e+00 1.183122495113492434e+00
3.523796654180646470e+00 1.059036879140981213e+00
3.524131348851923917e+00 1.048712223057046700e+00
3.523938285081662514e+00 1.058150472433975864e+00
3.523931719133441831e+00 1.058294894926955720e+00
3.523934740401688082e+00 1.058270698786126118e+00
3.556984620555341703e+00 1.105300529187539738e+00
3.523972798543364870e+00 1.058245357265439779e+00
3.523951979529974299e+00 1.054028311271103746e+00
3.534680262595524258e+00 6.234791623014874773e-01
3.530253672156459910e+00 7.429405215647992833e-01
3.529763169946639856e+00 1.027917810232082729e+00
3.507661068269624316e+00 9.102979462421192380e-01
3.523982261929514248e+00 1.058633261248118629e+00
3.523874153726576086e+00 1.058604003723271347e+00
3.523939101071175806e+00 1.058261178902291988e+00
3.523944947434975550e+00 1.058179530516685674e+00
3.381633481102698013e+00 1.599127697442037643e+00
3.523923564066712810e+00 1.058300760875821922e+00
5.190297943712276485e+00 -4.677165467691585476e+00
3.513487635559680022e+00 1.148094116285905741e+00
3.533105433230979031e+00 9.845955259480181354e-01
3.523928109249410578e+00 1.058295480023202728e+00
3.523818191740105465e+00 1.058698530562333318e+00
3.523902682133736253e+00 1.058749510293509388e+00
3.528947451550046299e+00 1.023695177838213510e+00
3.526617936735795489e+00 1.022877747882942501e+00
3.557194159046185078e+00 8.846586965994998053e-01
3.562675653103482443e+00 -3.953943894489775346e-02
4.266763681751126747e+00 -5.366081474458130884e-01
3.523930715175560113e+00 1.058550456952181307e+00
3.524575767001889126e+00 1.054138959313087653e+00
3.523889505313241965e+00 1.058129762266103668e+00
3.523873026520402796e+00 1.058434505559695538e+00
3.512963154134398636e+00 1.129757025861987785e+00
3.520661634086464709e+00 1.084482319791931104e+00
3.523868519316069925e+00 1.058792303213058617e+00
3.522055824240448718e+00 1.067685498454604698e+00
3.603284980231638901e+00 4.661931236607976814e-01
3.519332952728462249e+00 1.063559125224179169e+00
3.523898246796010714e+00 1.058478954686838946e+00
3.523912288306132901e+00 1.058479142516027594e+00
3.523948427882869883e+00 1.058213760270188430e+00
3.525469254365878768e+00 1.088109537405053118e+00
3.306777868608162141e+00 -3.256455836300709450e+00
3.378585409684408791e+00 1.757948111719851880e+00
3.523969825068609563e+00 1.058096421426739653e+00
3.519534167379894996e+00 1.067546389601284673e+00
3.523938938149600464e+00 1.058246504033528268e+00
3.631959779553023182e+00 9.551754771982778891e-01
3.523989919202933141e+00 1.057558739082331556e+00
4.919929091487751371e+00 -4.345532166632165350e+00
3.400586445006946956e+00 1.613514368059203008e+00
-2.448017866608879878e+00 2.380879558748731029e+00
3.550779173893308105e+00 1.037238001036607571e+00
3.524054857021363230e+00 1.057454728672574618e+00
-3.370074984443748978e+00 -1.952701397547695450e+00
3.524075789891162991e+00 1.057708919730602659e+00
3.523922874034401076e+00 1.058444304819914805e+00
3.523991354094768269e+00 1.058221975398964787e+00
3.523930744851841546e+00 1.058329523853004162e+00
3.524013573070702510e+00 1.058414355386961603e+00
3.534746382166242817e+00 9.411490610922310651e-01
5.262107247028823487e+00 4.058984084401178194e+00
3.523934501862238555e+00 1.058310578189491480e+00
4.320530482882874779e+00 -4.489453840870002210e+00
3.387876421916699243e+00 1.809179924378776505e+00
3.521346135064600702e+00 1.067270010003635861e+00
3.523752419105521838e+00 1.058388611137047519e+00
-2.188163121398187982e+01 7.712596853643738370e+00
-3.536841486992104988e-01 1.287458718152890924e+00
5.653695171679928855e+00 7.991266974156570058e-01
3.549966999160042658e+00 8.767383123919820775e-01
3.472170508830911384e+00 9.229273084627109824e-01
3.470559616740574782e+00 1.366076466288149049e+00
3.522606595755486403e+00 1.066493782114955380e+00
3.648698107738675311e+00 4.799951074286070707e-01
3.530172340817864018e+00 1.027758224598420256e+00
3.523910816504048249e+00 1.059642027232268191e+00
3.527129408275644806e+00 1.035369539105701620e+00
3.523942721570376690e+00 1.064106955009323840e+00
3.523855096706429268e+00 1.058570860134485869e+00
3.677343126183746591e+00 6.822207164959070980e-01
4.208262993872149416e+00 -3.172606376975556586e+00
3.523735266977555902e+00 1.059890091684554392e+00
3.475624933019388685e+00 1.143585201609720770e+00
3.528398689858976311e+00 1.016115305969764293e+00
3.524660782375113488e+00 1.050904327125580906e+00
3.524735005664143994e+00 1.055974314183194096e+00
3.448052174477059584e+00 1.320519244751087840e+00
3.523874651553579262e+00 1.058600956578661823e+00
3.523932810588159104e+00 1.058291929702370737e+00
3.523953493799455661e+00 1.058371763817794076e+00
2.986423824300587615e+00 3.300646092886873717e+00
3.523969762969682673e+00 1.058641213530979286e+00
3.523746209289525755e+00 1.061659348913282841e+00
3.523004512328197002e+00 1.063699760519885018e+00
3.521307263590994108e+00 1.056011372276406846e+00
3.523931795541405787e+00 1.058303444562996631e+00
3.512928441001323066e+00 1.373163308409985461e+00
3.523943818262289085e+00 1.058210641129686991e+00
3.523929598079797554e+00 1.058426198572018251e+00
3.523958264204206881e+00 1.058352830079245521e+00
3.523910084524031650e+00 1.058315222413018120e+00
3.523925931936546352e+00 1.058321967170197553e+00
3.523938221898802681e+00 1.058266111374727814e+00
3.632267494148553766e+00 -7.748521420141667448e-01
3.622053748995160305e+00 2.243187456317841111e-02
3.600849005013980086e+00 7.497419776000686653e-01
3.534646032204321386e+00 8.982763198886924982e-01
3.516046583336185805e+00 1.105734719755579576e+00
3.523931427975908637e+00 1.058185469263207779e+00
3.964078444010528557e+00 -3.989571761547352935e+00
3.523931034725463096e+00 1.058319479071418101e+00
3.523819857579937764e+00 1.058866777199922282e+00
3.523543909034006827e+00 1.060066072814544569e+00
3.523935113802531660e+00 1.058270473417641355e+00
3.523934301954843473e+00 1.058291726564272395e+00
3.524587339772477179e+00 1.051672911574630831e+00
3.523981898517604794e+00 1.058623777046028280e+00
3.511461986505789667e+00 1.080755915823322866e+00
3.515040029243004849e+00 1.217054328094832272e+00
3.525514650238633418e+00 1.044759298350520282e+00
-1.600810365629619092e-01 1.122950460802734085e+00
2.594644426489183253e+00 8.604033469784965860e+00
2.974779060073203141e+00 2.136961066958505739e+00
3.523955083407462219e+00 1.057883017702362594e+00
3.567297919984870447e+00 1.209612098433478167e+00
3.200377539235283120e+00 2.260055863821499145e+00
3.523924399674790209e+00 1.058284020511369050e+00
3.524782250904604730e+00 1.044476914911491860e+00
3.523828622774564767e+00 1.058650025259238348e+00
5.396381680507529310e-01 9.135767895294506502e+00
3.529488456145716047e+00 9.677500574190442961e-01
3.524016142824496267e+00 1.059046589929499405e+00
3.541331599291385857e+00 1.007473494563711824e+00
3.523888444747315773e+00 1.058290259296626346e+00
-1.289669266559395844e+01 3.743953060090554175e+00
3.523905793689579902e+00 1.058275040051796623e+00
2.798864556012535587e+00 4.665052234463272995e+00
3.523950751245469970e+00 1.058604300251746011e+00
3.523939900051128227e+00 1.058249395190095754e+00
9.355518098039387054e-01 3.073595891901401700e+00
-1.412392304338376370e+00 3.758245214701062764e+00
3.524026645293990345e+00 1.055712043018452562e+00
3.523917372900319034e+00 1.058303404248428947e+00
3.523671251865002407e+00 1.059479138874806381e+00
3.529268944590687518e+00 1.034547873981185973e+00
3.524910048987858868e+00 1.051920876836863528e+00
3.490952986565408533e+00 1.085505196046664622e+00
3.521835158855265657e+00 1.067431043634854859e+00
3.536567146904834313e+00 9.799052845160218794e-01
3.523934582247838954e+00 1.058271593095078345e+00
3.537987788693915725e+00 9.502739994242510591e-01
3.523926867987639877e+00 1.055191975396606807e+00
3.524124050457319690e+00 1.057121170881570649e+00
3.536530127207890839e+00 1.138468784979728810e+00
3.523930874386437484e+00 1.058289709547041824e+00
3.660407304794320194e+00 1.578827081760909579e-01
3.524513136139608260e+00 1.058931228198106922e+00
3.528579080993145656e+00 1.046075194054710167e+00
3.523829743769830714e+00 1.058794275953578889e+00
3.522679102413297514e+00 1.067765384436533793e+00
3.523864300844614661e+00 1.058951933839916038e+00
3.524330794449796578e+00 1.066135399537671447e+00
3.523937717145939175e+00 1.058314420364476760e+00
3.523951932745883475e+00 1.058257952741071151e+00
3.485382439821133271e+00 1.167211755134800910e+00
3.524073403082822686e+00 1.057744109312491076e+00
3.503499862512625906e+00 1.225681264413500671e+00
3.495732526219431868e+00 1.252712169449388568e+00
3.524015452636293677e+00 1.057757186547481965e+00
4.431205049405837038e+00 -5.597509449619272104e+00
3.525540604881141515e+00 1.043394460837873794e+00
2.857630724756217599e+00 1.730424009995507717e+00
3.524338571587169344e+00 1.052742554996566327e+00
3.530597612058259838e+00 1.119173345914276752e+00
6.939245999766344042e+00 -8.314711731348470636e+00
3.544912092550673854e+00 9.013580837197903151e-01
3.520240190718215700e+00 1.080132926950181371e+00
-1.111683425692258353e+01 -5.377210942596414078e+00
3.527340213861355878e+00 1.036100696214836248e+00
3.532864084352217215e+00 1.018016177422566670e+00
3.523932676657291374e+00 1.058286016110365324e+00
3.523929152593771708e+00 1.058316042579663829e+00
3.523937589604829057e+00 1.058268325306734425e+00
3.523772377014244839e+00 1.058955325758908828e+00
3.494863104811307242e+00 -3.996181720558839245e+00
3.523300911035623706e+00 1.054945483526028127e+00
3.526582786995837271e+00 1.160567809515651305e+00
3.520797815169909750e+00 9.491009788620043963e-01
2.017607870446238127e+00 -3.123978035197006342e+00
3.571696449377859572e+00 1.287139977317863782e-01
3.518587124346052697e+00 1.102059508655885978e+00
3.343397855815748443e+00 1.621044646727588301e+00
3.516580912774148526e+00 1.078338623634310878e+00
-8.197745663311366560e-01 9.679896003481630373e+00
3.523953578455615077e+00 1.058176544457490209e+00
3.523643875663846181e+00 1.059960740828477910e+00
3.523704699642468796e+00 1.058461962633543862e+00
3.523934036381008994e+00 1.058300178237404410e+00
3.523923976885150910e+00 1.058429589934126724e+00
3.523950440557060304e+00 1.058191774442279964e+00
3.518233125820231511e+00 1.073025071391676022e+00
3.593710947906315401e+00 3.782926552146635757e+00
3.523925694961749677e+00 1.058330775848869365e+00
3.523962059488703336e+00 1.058229475845804402e+00
3.523974492476963594e+00 1.057997173608010044e+00
3.555339602132961740e+00 8.188094205127800507e-01
3.515375566214213876e+00 1.094162694880216335e+00
3.526618466258355511e+00 1.051476214672856457e+00
3.526550017895118572e+00 1.070324298803488006e+00
3.459782446575507819e+00 1.737550929017187329e+00
3.523867628141707176e+00 1.058304919886461803e+00
3.523940262134744650e+00 1.058178688198385231e+00
-5.130655866387255903e-01 -5.872754455555330821e+00
3.523967850938017676e+00 1.058125142801127794e+00
3.524186409601532954e+00 1.054431685777485583e+00
3.527151611032493417e+00 1.057256068407845362e+00
3.523951480149592363e+00 1.058170087860828446e+00
8.279327969777984464e+00 6.024681224033344051e+00
3.569385047473952355e+00 6.638522781566251751e-01
3.562474980724192442e+00 5.881382997563520121e-01
3.526416381283072443e+00 1.042965899304448385e+00
3.523937587014970063e+00 1.058264758711986886e+00
3.523783847870098906e+00 1.058737481415368720e+00
3.523963432465724299e+00 1.057872217533693870e+00
4.156498036340000368e+00 -1.014568804803746005e+00
3.523933309584542872e+00 1.058309002545493982e+00
3.419314541712590305e+00 -8.080565901496843395e-01
3.506299745074299423e+00 1.144376703791539995e+00
1.194008142054035604e+00 3.679062806757194437e+00
3.440040701037259563e+00 1.510382931689258967e+00
3.535373044723205016e+00 1.002083448844665270e+00
3.599704271504913233e+00 6.511426487134759356e-01
3.523857985952568495e+00 1.058175566923791777e+00
3.525357641200777437e+00 1.073262704604589501e+00
3.524032162265965606e+00 1.057673604017669078e+00
3.523205468259567485e+00 1.057668767702971024e+00
3.523956106580014236e+00 1.058278810195059094e+00
3.462288584195252206e+00 1.525088270262092038e+00
3.525737858697040483e+00 1.057549018392590412e+00
3.435222513759172092e+00 1.724201107719782300e+00
3.526290266698562714e+00 1.052596373910338556e+00
3.036413201564528208e+00 4.267911959386252008e+00
3.355096851908506039e+00 1.914831654286720308e+00
3.511810638411893226e+00 1.187874645793669970e+00
3.479993247330474215e+00 1.477369919749619953e+00
3.389726493715254918e+00 2.294232248933653295e+00
3.524125971650613476e+00 1.060155656612344899e+00
3.524054260749133860e+00 1.057692031417598599e+00
3.543929759588558603e+00 9.143599662824897223e-01
3.523936071574828244e+00 1.058280085114603253e+00
3.523690936849239286e+00 1.059874037913663969e+00
2.991367557634861285e+00 2.628765135623325477e+00
3.523941602338817702e+00 1.058319212654463826e+00
3.523937412004342740e+00 1.061746317093856362e+00
3.526138852428233328e+00 1.089650196188376441e+00
3.523934791498388730e+00 1.058276156105867116e+00
3.524071949393461800e+00 1.057908492524546773e+00
3.523922944369356713e+00 1.058315813342950662e+00
3.266777695424882388e+00 3.126770072471060757e+00
3.523945788427533365e+00 1.058228552887642948e+00
3.523915089981446869e+00 1.059202893679737301e+00
-1.466701649451032985e+01 -2.731398467504782879e+00
2.347902682727518897e+00 4.934770074482425883e+00
3.518244073185608389e+00 1.103812611889205542e+00
3.524941420036500350e+00 1.050563381454912459e+00
3.524888825055392694e+00 1.055716681824016234e+00
3.523938189657519704e+00 1.058191602160585276e+00
3.523935574497646162e+00 1.058276573280855004e+00
3.523699688842540478e+00 1.057638804159953594e+00
1.973268665899411412e+00 -1.289390409151000227e+00
3.526272743587165248e+00 1.048726743584850851e+00
3.525034122996199226e+00 1.056405894790357181e+00
-1.140901071742047179e+01 -6.866999227938840988e+00
3.523125250256522456e+00 1.061384736235117643e+00
3.532280802749600657e+00 6.885652519186642451e-01
3.523879612359672731e+00 1.058578770329321017e+00
3.523977795011921987e+00 1.058098011798044524e+00
3.538492586688041452e+00 6.943646466005954920e-01
3.523949057266500429e+00 1.058264435512487722e+00
3.523931556160546652e+00 1.058302495989607905e+00
3.531346290372554098e+00 1.000437087202479702e+00
3.500756991241952054e+00 1.163768037010168399e+00
3.523986955382595099e+00 1.058514630033549508e+00
3.523941960911153970e+00 1.058237050059036122e+00
3.523935985595400666e+00 1.058248043030896923e+00
3.523821515929112635e+00 1.059278805346654195e+00
3.612269032487303466e+00 7.569184773154553625e-01
3.524143285371287071e+00 1.057362756918802660e+00
3.587534901116599784e+00 1.056929806120320947e+00
3.526949210487246855e+00 1.049016008286088208e+00
3.524023685885670165e+00 1.057667638368316787e+00
-2.186956877612358685e+00 1.099372058823325560e+00
3.722021136535735852e+00 -2.335007502450631378e+00
-3.408147704174751436e+00 -1.911048630667838921e+00
3.523908877195682798e+00 1.058495651400768622e+00
3.523931839319923487e+00 1.058356630963020351e+00
-5.728796828965561971e+00 -8.223779286489669715e-01
3.523930335779643208e+00 1.058270150090772077e+00
3.524403436586649896e+00 1.060115047296196877e+00
3.523724388837528032e+00 1.059096898683115739e+00
3.447651991988260001e+00 1.315434911720169353e+00
3.670599284181075728e+00 3.120345008302312095e-01
3.515015954018599231e+00 1.118591036713601383e+00
6.743578484431840270e-01 -9.183268370348544707e+00
8.548015581810457064e+00 -1.871149422651596339e+00
3.526504147874195638e+00 1.059959574050395759e+00
3.523517631222892632e+00 1.059998060092498307e+00
3.188770762740711362e+00 3.044885778688696476e+00
2.416585454276547917e+00 -1.230289489175053319e+00
3.523937815622017133e+00 1.058264685053122989e+00
3.523606187174628257e+00 1.059448861161911282e+00
3.524021296450662089e+00 1.057851422627800630e+00
3.523915197271920263e+00 1.058368990806672016e+00
3.524972472829094094e+00 1.053312062970984897e+00
3.523940749052093757e+00 1.058248090800432806e+00
3.270075937841618430e+00 1.653430035428726796e+00
3.523936628797993187e+00 1.058453648393189894e+00
3.448319291105011786e+00 1.456678280552024418e+00
3.525283573385993741e+00 1.053052297670935999e+00
4.077552359408087135e+00 -3.397914484852889494e+00
4.381089533289598492e+00 8.383097603995736335e+00
3.536401164146193210e+00 1.020812770166124039e+00
3.545113833525014080e+00 8.136616537247434167e-01
3.524040618168766681e+00 1.057176446998152386e+00
3.523902998534988562e+00 1.058757181338554787e+00
3.496344805856072657e+00 1.094853836674273495e+00
3.523647337351524023e+00 1.058528681384697023e+00
4.325368078414379092e+00 1.065568786027291992e+00
3.524023153948061093e+00 1.058549262355116483e+00
3.524406632943938078e+00 1.059686297482938855e+00
3.531491165868808402e+00 9.788103873538602784e-01
3.526129009708184103e+00 1.047349032721271556e+00
8.473051765912348543e+00 7.410740773270028114e+00
3.523949242708962704e+00 1.058246738713989998e+00
3.540158371890610223e+00 9.806194529845804198e-01
3.723935552792775106e+00 6.650481422061069736e-01
3.523940104458307854e+00 1.058245886786320256e+00
1.712658656629712173e+00 8.811966553209458652e+00
3.757506584313938358e+00 1.407402033428958532e+00
4.541549984101078685e+00 -2.604017339812922494e+00
3.523377886395870018e+00 1.070045550704936232e+00
3.523933056952594178e+00 1.058292426285998289e+00
3.524064984403847411e+00 1.058365509563618190e+00
3.523826728739093195e+00 1.058768047718613659e+00
3.523900489649796519e+00 1.058625327710455366e+00
3.523305190309199642e+00 1.149512648174745522e+00
3.523939658228408156e+00 1.063846114048187630e+00
-7.841278218153691082e-01 9.437744358766156694e+00
3.524265678194715257e+00 1.057510959340367762e+00
3.523914019938598319e+00 1.059084709028196514e+00
2.385288429415996614e+00 1.575440473939019981e+00
3.523933724037614290e+00 1.058299810957823439e+00
3.522426472569815115e+00 1.048071765935537414e+00
3.523812322778685502e+00 1.058686986559095544e+00
3.522765762150835034e+00 1.065068350671408481e+00
3.523929807691132066e+00 1.058320574121312418e+00
3.527423944489541885e+00 1.059593847738925732e+00
3.517831296059989121e+00 1.100760537968341168e+00
5.643059185646379650e-01 4.841473886636480373e+00
1.020046841608807142e+01 9.065931696921168736e+00
3.401452256110288008e+00 1.592583762286293947e+00
-7.904985609371451005e-01 2.939410741654452153e+00
3.524334244241531966e+00 1.055581770959504340e+00
3.523936678505886100e+00 1.058268624469668850e+00
7.599763379649666639e+00 6.958156604430598691e-01
3.522263220212131785e+00 1.075941797288253454e+00
5.432649420336693069e+00 -9.806814856608783160e+00
3.597169002214299027e+00 2.510044303068223570e+00
3.473958075347422181e+00 1.206928674274855950e+00
3.523941730645991921e+00 1.058245574664979927e+00
3.643194905116521110e+00 4.337056836496255841e-01
4.030158888771606662e+00 -2.135392574641303831e+00
3.734338301629087198e+00 -5.748535519219899470e-02
2.814823407678751277e+00 3.819293815265831782e+00
3.521522708176462402e+00 1.110624875623722474e+00
-2.653590814424801846e-03 5.980054545122431620e+00
3.484143322299860568e+00 1.330296322567196654e+00
3.594070408831831820e+00 8.159427631002547088e-01
3.522325935771079664e+00 1.069202768807199888e+00
1.747903257928645759e+00 -3.580927399815472256e-01
3.524329396807676318e+00 1.056989831500569466e+00
3.525082628660307194e+00 1.052339991005487363e+00
3.499519982841486243e+00 1.233132630482906222e+00
3.522679636588221364e+00 1.061165686855037649e+00
3.376958754260063422e+00 2.119001008150632970e+00
3.523937900215855734e+00 1.058270596239747618e+00
3.523938320810132474e+00 1.058302859946618213e+00
3.523944520998125274e+00 1.058226844266277666e+00
3.523935912156005656e+00 1.058368883249292125e+00
3.698761459388459016e+00 1.042164722505901864e+00
2.775862688336153461e+00 6.118716853033937753e+00
-4.756253191633871835e-01 6.115319876268070942e+00
3.555250832609024858e+00 6.770006971402668938e-01
3.247866925797675997e+00 1.313022574297711742e+00
3.522885186399592694e+00 1.067226733045217202e+00
3.523965259165353636e+00 1.056699473633273101e+00
3.401010990922050947e+00 3.439761447194413790e+00
3.533674612698567419e+00 7.537892341585727962e-01
3.523842666442495553e+00 1.058154631151708713e+00
3.523671449782207699e+00 1.059537244793306243e+00
3.521921172731966365e+00 1.064086308139268411e+00
3.523990382667836485e+00 1.056238989546256946e+00
3.532591651329513915e+00 1.010277341635571702e+00
3.522859364042153718e+00 1.062987732663772888e+00
3.055060256362456261e+00 7.298485236154885314e+00
4.901124639264249905e-01 8.062776893399053790e+00
3.547284514867969918e+00 9.240784154625387714e-01
3.547890231650312920e+00 -2.381882164589943507e+00
6.123967453357241020e+00 -6.247088312406839705e+00
2.701360848101310275e+00 3.869469509293244514e+00
3.510668838023577099e+00 -7.047419175253047285e+00
3.523938353122747280e+00 1.058262465486782489e+00
3.523931952501146991e+00 1.058298475701155539e+00
3.523858057157270185e+00 1.058464199274965267e+00
3.519776743451109358e+00 1.416887649159249918e+00
3.523936158406654862e+00 1.058265765633324307e+00
3.523912204317301011e+00 1.058579560638143846e+00
3.524857872265546810e+00 1.099210277866244923e+00
3.523930466032615172e+00 1.058213233938063880e+00
3.549798513842929548e+00 1.003396900221527943e+00
3.524034859631374417e+00 1.057488804989318965e+00
3.523689208253169891e+00 1.059456238584768784e+00
3.523839408334840773e+00 1.058680727724127024e+00
3.506862813310315463e+00 1.084617497309109169e+00
4.321980000958062007e+00 -6.883068031801959918e+00
3.523939503534531337e+00 1.058269877875478215e+00
3.523919826387905907e+00 1.058369958866151705e+00
3.523960863201166305e+00 1.058118046777011045e+00
3.523936131114974390e+00 1.058293956659206003e+00
3.523933123066928186e+00 1.058294816237253855e+00
3.520313480271605400e+00 1.103471950263651635e+00
3.532417485322894457e+00 1.035488061081590416e+00
3.525644112490463833e+00 1.053832543908480801e+00
3.523822869399460433e+00 1.059063937345001705e+00
3.522644215570877702e+00 1.070412727470538172e+00
-1.300923335038261719e+01 -5.434973462489185891e+00
3.523930964014514000e+00 1.058421580457604705e+00
3.526426449320176459e+00 1.124210878509000366e+00
3.523947185536203897e+00 1.058265911819997740e+00
3.524005017184551836e+00 1.058142419361756126e+00
3.153012036836186027e+00 3.686005999435465696e+00
3.524245205065540176e+00 1.057919773527878249e+00
3.523940506182349885e+00 1.058243049264234514e+00
3.545807142646856480e+00 1.912233743365359118e+00
3.523284115330888255e+00 1.061112216656688645e+00
3.526637475682369072e+00 1.115925189419032293e+00
3.524053155306917429e+00 1.058013835288349469e+00
3.523846259648725443e+00 1.058820489946667109e+00
3.523430226975967638e+00 1.060528903732217643e+00
3.523935229484559617e+00 1.058281381244803754e+00
3.523919038961956574e+00 1.058340110195556960e+00
3.523926358690667282e+00 1.058158969176234976e+00
3.523983822480820649e+00 1.058454985253510117e+00
3.523938032403862941e+00 1.058280760133191833e+00
3.929367322356713377e+00 -6.274117948957627533e+00
3.601939766660313236e+00 -7.952675370983399716e-01
3.521667564873029121e+00 1.072069777598002815e+00
4.489775392901822926e+00 -4.468681466249091905e+00
3.536354323474849348e+00 8.522680536514180005e-01
5.128170371099070479e+00 2.658202214053446255e+00
3.549058119448268656e+00 8.941676155274880244e-01
2.956861941928270010e+00 -4.806227653200330074e+00
2.372124440883305319e+00 -2.469640853507554468e+00
3.569631032027954731e+00 9.067990693861034401e-01
3.499525882394618037e+00 1.129525934751443472e+00
3.569013980635142413e+00 7.601727233639792303e-01
3.506383581763364621e+00 1.242209495389753116e+00
3.523651034431744211e+00 1.060362581874183974e+00
3.523929549361928260e+00 1.058321641027154314e+00
3.523747756829938016e+00 1.061719914892838901e+00
3.523980312854069652e+00 1.058042606161620824e+00
3.524664352034680981e+00 1.057641120180756289e+00
3.523811260700501879e+00 1.059138515638689881e+00
3.523882655714392520e+00 1.058316657921354320e+00
3.523964262701430261e+00 1.058117608070684668e+00
3.523932994071440561e+00 1.058296916489613437e+00
3.965971133876808441e+00 2.509780967771073179e+00
3.536032928252057062e+00 9.095081185601294749e-01
3.519540970125432988e+00 5.268279063179523547e+00
3.539825325561029690e+00 9.961882136662794096e-01
3.524004380773383183e+00 1.058013249695340718e+00
3.523607220144299834e+00 1.060013670175100842e+00
3.754596783032829510e+00 -6.592630038343543220e-01
3.523948108626075992e+00 1.058237962331920912e+00
3.429178992931491532e+00 1.834418091830460895e+00
3.523948380475943054e+00 1.059624952142199206e+00
3.467263781476802809e+00 2.952688251258138052e+00
3.523932257869490936e+00 1.058311304343112269e+00
3.523936861073988513e+00 1.058282773287769984e+00
3.523934212230235730e+00 1.058274664516295260e+00
3.523915394727390904e+00 1.058306059054986648e+00
3.523935681145075716e+00 1.058270466798358456e+00
3.780181329052900274e+00 8.157694404645731368e+00
3.481379393472337380e+00 1.440960787551748723e+00
3.415333874719560292e+00 1.600635481595158893e+00
3.524245180853537551e+00 1.050374483103071910e+00
3.524155144676329066e+00 1.057206554730075965e+00
3.523913920939856670e+00 1.058599622875261659e+00
3.523472837935979207e+00 1.060419772004252081e+00
3.523928556174133142e+00 1.058303724853487893e+00
3.509996477201923870e+00 1.149416707160058948e+00
3.571062710052691269e+00 6.151626294756198376e-01
3.522825376503911698e+00 1.065089092587188091e+00
3.523929003446789388e+00 1.058325541320362717e+00
3.534206887790118490e+00 1.282691570804733061e+00
3.523492114746881398e+00 1.056396152825296753e+00
3.523957493632316584e+00 1.058038825474266531e+00
3.523778885529683436e+00 1.058385555294394820e+00
3.523577247055980965e+00 1.060865853272867199e+00
3.392158839718654839e+00 1.169696057218594376e+00
3.500552682134602467e+00 1.582068674779581130e+00
