# level_assignment log_likelihood tiebreaker ID
1 -7.524611463558097967e+03 1.766710463891207894e-02 3
1 -2.459318555506267512e+04 6.041854899252889766e-01 0
3 -5.640208925802543490e+03 5.338582315835402881e-01 2
3 -5.466015105737095837e+03 1.264258784613119246e-01 3
2 -1.162378579262066069e+03 5.206922672027560761e-01 0
5 -9.984420576100829692e+01 3.029522272304170372e-01 2
5 -5.482915564424677086e+02 9.398265257983225984e-01 3
5 -6.188833252919820325e+02 1.675442359788070767e-01 0
6 -1.373526077379754611e+02 8.170206237559369811e-01 0
5 -7.997678545203900740e+02 2.869261574100982481e-01 2
5 -2.758958398979673348e+02 3.651520734216525677e-01 1
3 -6.221372749726903749e+03 7.588227072053351785e-01 2
3 -2.468869911458998558e+03 7.702830809033027748e-01 0
7 -9.183948044430670166e+01 3.788956013297812286e-01 0
5 -5.166255238573525048e+02 5.885636549498727277e-01 4
7 -1.228265429400040745e+02 4.253791599437474757e-01 0
9 -7.818976158034533341e+01 9.672321368290843768e-01 2
3 -2.650343422994545108e+03 7.585228574771039067e-01 3
5 -1.565195759092908361e+02 2.930124497697565999e-01 0
8 -9.151413075131915775e+01 2.084923197977425202e-01 0
5 -7.488002235910943227e+02 9.243016123334347744e-01 4
6 -2.518934049509223883e+02 2.715241796451124401e-01 4
9 -8.939214119678550219e+01 1.841941899330059584e-01 2
7 -1.547134749798028679e+02 1.952789491737827454e-01 3
9 -8.418998274499010392e+01 6.616011713137660566e-01 1
10 -7.852359243148123369e+01 6.554190358319825216e-02 4
10 -8.090167445282799008e+01 8.525461432444995102e-01 1
10 -8.180121226404078527e+01 7.753764220284274922e-01 0
9 -8.838372609102452770e+01 5.394633473723953188e-01 4
5 -3.485497404400432515e+02 8.643478805268474119e-01 3
5 -2.979822215848430460e+02 3.336154208333547144e-01 1
6 -1.348489183040281318e+02 1.864060676858460552e-01 0
6 -3.077800803854065634e+02 9.577404795401645021e-01 2
13 -7.816036003030546908e+01 6.958518622369519457e-01 2
11 -7.960607762579823543e+01 9.852598070080479387e-01 0
7 -1.396768540153072422e+02 3.933030491284769115e-01 3
12 -7.834880832152938979e+01 5.350923831070275583e-01 3
5 -7.112090099415009945e+02 7.628278629173976810e-01 4
7 -8.997415248170275959e+01 7.173346985801835052e-01 0
15 -7.808448511230949407e+01 8.056392760330939318e-01 1
6 -1.775830708825440638e+02 4.450261099891194561e-01 2
1 -8.544976042195415357e+04 4.972679446510900325e-01 3
9 -7.890074661597830641e+01 9.207581047962484222e-01 0
13 -7.820091971398285580e+01 8.692387635521748868e-01 0
15 -7.809279973943469599e+01 7.658264248088236803e-01 4
13 -7.813865553327670455e+01 4.359220721355390182e-01 3
8 -8.877563457675336167e+01 5.968999099228693428e-01 0
9 -8.499269949353251263e+01 1.019616028005740221e-01 0
7 -8.165615707210884011e+01 6.311843087537583052e-01 4
17 -7.807129087437013482e+01 9.703154960460835809e-02 0
15 -7.808708999390692895e+01 5.902939313904360663e-01 1
1 -1.560880862196943781e+05 7.177903235821488925e-01 4
16 -7.807095286673427381e+01 2.253347384762378891e-01 1
7 -1.480375783445167031e+02 1.279755022255733010e-01 4
7 -1.324868763466852783e+02 2.004691969572611754e-01 0
5 -4.539894834958270167e+02 9.959092804907871965e-01 0
12 -7.840390673454845682e+01 5.995968719957978088e-01 0
2 -9.746518473402993550e+03 4.896721603219181262e-01 3
16 -7.807733602182048571e+01 6.142932271481988948e-01 1
13 -7.808439645358077996e+01 8.058042672287646369e-02 0
20 -7.806840107285529484e+01 9.230848131597798600e-01 3
9 -8.539969335328910915e+01 6.524670859698685765e-01 4
18 -7.806883567116608447e+01 6.074914133679198969e-01 3
4 -5.747458162174459630e+02 4.413849211304223807e-01 3
10 -7.946808311478497444e+01 4.534271235414096268e-01 3
16 -7.807366627329163578e+01 2.283455686569010323e-01 4
16 -7.807197012975531436e+01 9.451130453220875083e-01 3
19 -7.806858528647373419e+01 6.825068595063115140e-01 1
15 -7.808046318893187276e+01 8.001438007897513360e-01 0
22 -7.806832209720343485e+01 9.788192319225507143e-01 0
7 -8.549290453462138828e+01 2.038341689063862816e-01 0
7 -1.271385347020881227e+02 4.828820298615756901e-01 4
21 -7.806835202932813900e+01 8.379171421367583861e-01 1
14 -7.813641676889255905e+01 3.656185798326431202e-01 3
15 -7.807369588845132569e+01 8.439206070177851515e-01 2
19 -7.806833916696282927e+01 7.548694013265311309e-01 1
21 -7.806831703428504454e+01 8.066277910799075634e-01 4
9 -8.486570415833188008e+01 7.655353408875221755e-01 2
18 -7.806856875530809248e+01 8.801477093799943141e-01 0
20 -7.806842689513285904e+01 4.288008117696712196e-01 1
4 -2.088497673859581028e+03 6.607164043102956574e-01 2
21 -7.806835614378479704e+01 9.500830397853556875e-01 3
18 -7.806909485215760469e+01 9.051860701317115954e-01 2
12 -7.827023088476730095e+01 8.676580531733253387e-01 2
6 -2.185407369584043522e+02 5.122747684415580594e-01 4
11 -7.881088457861280006e+01 3.903786812012383645e-01 2
10 -7.980825657052059796e+01 6.820478449948079724e-01 4
10 -8.219294570951733192e+01 9.352929828908006504e-01 3
21 -7.806834367350182902e+01 9.553685830019542635e-01 3
25 -7.806831144035950842e+01 1.167147847415104245e-01 1
13 -7.812089343332071678e+01 2.951499016860422153e-01 4
26 -7.806831067653243394e+01 5.344037073096079560e-01 0
12 -7.857701226209603362e+01 9.076520783642532120e-01 3
20 -7.806832607660859935e+01 7.614304388806045765e-01 4
27 -7.806831049340090090e+01 6.187247482653831510e-01 0
23 -7.806831058359928477e+01 7.687458339425554676e-01 2
23 -7.806831046066915292e+01 4.798994024977742967e-01 0
11 -7.894541402061253166e+01 4.383979083269935462e-01 3
13 -7.813865623393819249e+01 3.156435628453178599e-01 4
22 -7.806831489782098288e+01 1.241772117864256009e-01 1
29 -7.806831042373666207e+01 8.919718121373962916e-01 2
28 -7.806831042581433167e+01 6.172617050548134809e-01 2
29 -7.806831043587149566e+01 4.130892539194676305e-02 3
28 -7.806831041016249628e+01 4.692539301013762820e-01 0
26 -7.806831053232022555e+01 1.245179186805051019e-02 3
28 -7.806831042862290815e+01 1.533474974534149160e-01 3
24 -7.806831181789462448e+01 1.576444509842872821e-01 1
28 -7.806831046423440057e+01 6.770388349684368645e-01 1
24 -7.806831186076537676e+01 4.018010958800469767e-01 2
22 -7.806831629721574473e+01 2.714616976714187557e-01 2
29 -7.806831043463982667e+01 7.444451775406969452e-01 3
20 -7.806843186566487702e+01 9.373050724238605191e-01 4
20 -7.806834687840091647e+01 8.141992179035337784e-01 3
20 -7.806832447177723111e+01 5.233161196188251818e-01 3
20 -7.806839202419887158e+01 6.039819573624799487e-01 0
23 -7.806831105193505493e+01 3.108837419758244680e-01 0
25 -7.806831153304466397e+01 1.788627655130807237e-01 2
23 -7.806831761855806917e+01 5.591562592689398592e-01 0
21 -7.806834683552125398e+01 9.248222053697716660e-01 4
29 -7.806831042903272078e+01 5.661298210465730563e-01 1
23 -7.806831165476279466e+01 5.118010114927382670e-01 3
10 -8.133196889620447223e+01 2.723094530118252976e-01 4
10 -7.922713199801063411e+01 2.574211974782154577e-01 2
14 -7.812139895726753025e+01 1.520212670273995148e-01 0
12 -7.850690365243357860e+01 8.026585864517381541e-01 4
20 -7.806835566834973861e+01 7.911212096880790856e-01 4
13 -7.818318675969169362e+01 1.861924917000745694e-01 3
26 -7.806831086343157722e+01 2.822964838750608441e-01 4
25 -7.806831083231308810e+01 1.014229580151595478e-01 1
29 -7.806831043565483697e+01 7.690284711767492176e-01 1
0 -1.309323139882550313e+05 2.894398505175874714e-01 0
3 -6.014584003444611881e+03 8.018971858369324801e-01 4
9 -7.887979054051093897e+01 4.021709875435984793e-01 2
2 -3.101154160452406359e+04 8.856372597310836481e-01 0
21 -7.806833149837032693e+01 4.049032733158586805e-01 3
19 -7.806836720345276603e+01 6.286483913906459886e-01 2
9 -7.992587414990319417e+01 6.868129044042623477e-01 2
24 -7.806831053976135593e+01 6.053017536197238258e-01 1
13 -7.822479991091512375e+01 3.926491732281812697e-01 3
19 -7.806876292755276836e+01 7.119691515418455907e-01 0
3 -4.060964025963970016e+03 8.852595716357012368e-01 0
24 -7.806831064301508150e+01 7.445100871154693989e-01 1
7 -9.767309294264209996e+01 6.865079281056742921e-01 4
24 -7.806831190234004225e+01 4.591128671679298862e-02 2
16 -7.807592135500843256e+01 8.330163938354655517e-01 2
27 -7.806831048053098243e+01 4.330205552053278950e-02 4
23 -7.806831743168788762e+01 3.603035770416557759e-01 3
8 -9.576698386506207328e+01 5.763151464332848528e-01 0
12 -7.831465593199934005e+01 6.773723078210762694e-01 1
14 -7.807860230784484656e+01 1.234786352484964489e-01 3
8 -1.108987100786955438e+02 2.853988340072692864e-01 0
2 -3.057199626335309949e+04 1.334259496558979352e-01 2
26 -7.806831075424048549e+01 9.021862621754097589e-01 1
6 -1.765441055489139899e+02 6.720226994400282372e-01 3
9 -8.327817635784208505e+01 4.275980799202703381e-02 2
16 -7.806971832842681636e+01 7.511363374613494459e-01 2
25 -7.806831103329290045e+01 8.722506556915294862e-01 4
27 -7.806831054050127250e+01 2.752816791552348263e-02 3
25 -7.806831162567142712e+01 8.103583054557705889e-02 0
25 -7.806831101890769276e+01 4.542414662500891542e-01 0
3 -3.022417178049805898e+03 8.500357680180176123e-01 2
27 -7.806831048855926269e+01 5.808494999312010520e-01 4
8 -1.142503657322988602e+02 5.286516690502669480e-01 3
19 -7.806856708557921820e+01 5.781993754531635776e-01 3
11 -7.946353597622965026e+01 5.316963746446065064e-01 2
7 -1.053910219659309320e+02 8.940934505279807265e-01 2
1 -8.711774477412864144e+02 8.605330190430027226e-01 3
18 -7.806896686055924306e+01 9.757422623002410811e-01 0
28 -7.806831044231407191e+01 7.733169610924495174e-01 1
1 -1.074120567767895263e+05 5.069912150072296564e-01 2
15 -7.807858743235516386e+01 1.490190205910328913e-01 2
8 -8.246394626750074508e+01 4.520142246573706224e-01 0
21 -7.806833307337325323e+01 4.485566861094497648e-01 3
19 -7.806862676982615312e+01 7.384040168969600026e-01 3
5 -5.597906773513143435e+02 6.080839307075471822e-01 0
8 -9.558448514410932262e+01 5.617826512492385405e-01 1
6 -1.054656556038686688e+02 5.046921762441600734e-01 1
19 -7.806839392008244261e+01 9.805938159408622568e-02 3
7 -8.244330775822160717e+01 2.350007986736688537e-01 2
21 -7.806833290727132635e+01 4.367834828260226399e-01 0
15 -7.808070543830203292e+01 4.180779418503932088e-01 3
1 -3.323498621179062320e+04 9.832615793435394158e-01 2
6 -1.253691756949459091e+02 1.327262693504960289e-01 2
21 -7.806835067332679046e+01 5.217781528472698049e-01 4
27 -7.806831042201881132e+01 7.782380152151571195e-01 0
15 -7.806852419471577775e+01 4.755547140697261033e-01 0
9 -7.813347369467813053e+01 7.525404798767574288e-01 1
21 -7.806836837897783710e+01 4.507173948581763567e-01 0
21 -7.806835405055728927e+01 9.329464519469374828e-01 2
17 -7.807180992175283052e+01 6.558133905249192708e-01 3
11 -7.861663098601036381e+01 3.163739816660279813e-01 1
29 -7.806831043508256585e+01 3.287049915328553729e-01 3
14 -7.807367034961990271e+01 6.917148939464525803e-01 0
6 -2.220238192897820966e+02 6.915588277580888565e-01 1
25 -7.806831175425172376e+01 4.419762060968643880e-01 3
11 -7.985814009416442616e+01 9.298012095842880242e-01 1
13 -7.821760007533924863e+01 2.687544776520163214e-01 1
26 -7.806831071962207602e+01 4.941983826032059213e-01 1
3 -8.538295850708960870e+02 2.265099703696576705e-01 4
8 -8.823815138507249856e+01 5.034274823323413584e-01 2
6 -2.056133505072768344e+02 8.123766479899359183e-01 1
0 -2.143255518282073608e+05 6.480457160262886873e-02 1
23 -7.806831386406403794e+01 8.340866292076483113e-01 2
13 -7.813848577002360685e+01 6.385763905304764343e-02 1
14 -7.812004362200522678e+01 5.166936508528008343e-01 1
0 -1.049844386826642440e+05 1.054471464381983442e-01 3
13 -7.820935829964369645e+01 1.988237132134014484e-01 0
15 -7.807536151672296398e+01 1.455976715728333204e-01 0
23 -7.806831628721261040e+01 6.471941461194782308e-01 4
13 -7.817213818336631448e+01 4.198903390638287700e-03 3
21 -7.806831676766157102e+01 8.354784232562363355e-01 1
12 -7.843151786827064598e+01 6.409150772201180901e-01 3
1 -1.674742864717103948e+05 9.841016200015320070e-01 4
27 -7.806831055808746100e+01 8.265384677126288437e-01 0
21 -7.806834766555641636e+01 5.613815190478282924e-01 2
1 -2.676035037228438682e+02 8.506142158790130914e-02 4
18 -7.806922632218770275e+01 9.203914012565235225e-01 2
4 -1.300659662497197587e+03 8.224584313898148924e-01 4
7 -8.011207442382823274e+01 9.637878273382407546e-01 0
4 -1.668413827485909451e+03 2.421617224949801639e-01 3
7 -1.520127358885068816e+02 9.429894769155527934e-01 4
10 -7.878327170804490720e+01 7.394122129030697987e-01 3
0 -1.441925324701507110e+06 6.061003037485062084e-01 4
8 -8.467613190491448449e+01 8.597242772713720171e-01 4
15 -7.808536511686889980e+01 5.924666719260013314e-01 2
12 -7.855380910170239872e+01 2.695182094844766896e-02 2
4 -5.123979125823158256e+02 2.124098942237217236e-01 2
5 -1.606701712188938984e+02 1.838328144441735423e-01 2
21 -7.806833496007540418e+01 2.372834820183342130e-01 4
6 -2.935646982279045005e+02 9.885499759196587632e-01 1
2 -2.504703649184680035e+04 2.400485252934330127e-01 0
7 -1.049460840777086759e+02 5.661830959680813624e-01 0
27 -7.806831046763713289e+01 5.168910353543765268e-02 1
8 -1.024466340529673403e+02 3.998497393099268993e-01 3
22 -7.806831747446720726e+01 4.070263857241441241e-01 1
22 -7.806832196004623370e+01 7.541853788143004778e-02 3
21 -7.806832002561947093e+01 9.269824773698113196e-01 3
25 -7.806831178201298371e+01 6.291525514005107400e-01 2
7 -1.346818964925973319e+02 4.745483977874188630e-01 3
5 -1.485315137706382416e+02 1.253798035178812498e-01 1
6 -2.751840721446383213e+02 9.836689321538987230e-01 2
1 -5.206735645831052352e+03 3.909059773294022988e-01 2
14 -7.809002977873335283e+01 9.129393054386980566e-02 0
17 -7.807110563800785030e+01 6.710121032592608614e-01 1
23 -7.806831749354424232e+01 3.205258265627368708e-01 3
17 -7.807133226995941300e+01 4.253195789885530487e-01 0
11 -7.953897325863204060e+01 1.577283315842742117e-01 4
22 -7.806831456747212883e+01 9.548907835107769415e-01 4
2 -1.199609489648322233e+04 7.784999876596234714e-01 4
0 -2.495382895876942493e+05 9.604816066347210413e-01 0
28 -7.806831045790301005e+01 6.418184261956900727e-01 1
3 -5.950074784018424907e+03 3.911660512611079277e-01 4
8 -9.167927646132241648e+01 9.656512584418400769e-01 0
11 -7.987341304678747633e+01 8.536418045005073063e-01 2
5 -2.324629055895719034e+02 5.834742175719007662e-01 4
18 -7.806948102032789905e+01 7.333651427928714606e-01 3
25 -7.806831116218391742e+01 8.472593572295610276e-01 3
14 -7.813551866130373469e+01 3.569534037901282986e-01 2
10 -7.914632129485394785e+01 8.144239247968912965e-01 4
18 -7.806899265248506481e+01 4.145917607588067710e-02 4
16 -7.807366047313780655e+01 2.504847933493490331e-01 3
10 -7.905630062320463480e+01 1.026640501100804653e-01 3
28 -7.806831044377362616e+01 7.119517743234144991e-01 0
16 -7.807748918010915418e+01 2.251808584262612323e-01 4
21 -7.806835176955549116e+01 6.624096714026542765e-01 1
15 -7.807946801685035609e+01 1.593279939884308660e-01 1
9 -8.138158710299421728e+01 2.531671976668670720e-01 3
24 -7.806831134094619529e+01 5.370901422568596928e-01 4
28 -7.806831043364896061e+01 4.027891311804760455e-01 1
24 -7.806831158910551949e+01 8.941357174619035675e-01 1
19 -7.806866797672313396e+01 4.375440022065029688e-01 2
13 -7.818149308800806807e+01 6.670079567905923268e-01 0
12 -7.808281548300841735e+01 5.685943837300981851e-01 0
29 -7.806831041982283637e+01 9.421870148097530873e-01 3
19 -7.806860120558621929e+01 7.899184172581754648e-01 4
28 -7.806831040999642823e+01 6.064379356929097131e-01 3
2 -2.754256719271992188e+04 3.524403984680253843e-01 2
8 -1.100727761107428933e+02 7.799582129870241687e-01 0
21 -7.806832944484983727e+01 8.795233186587383400e-01 1
23 -7.806831295533756077e+01 2.228218013750939974e-01 3
16 -7.807183862307823574e+01 9.526248895207780620e-01 3
7 -1.756078806923577531e+02 5.905389081344125657e-01 3
24 -7.806831331493449966e+01 1.575014636110472210e-01 0
9 -8.867590977271390784e+01 7.260011631170470991e-02 2
0 -3.825927379691746319e+04 8.140296785016432057e-02 0
12 -7.822227097483178682e+01 3.332942173261865815e-01 3
0 -6.984279429710452678e+05 8.368229787562474209e-02 2
18 -7.806919375118064863e+01 8.499100482116395128e-01 1
10 -8.095034355280407112e+01 3.399085025422732276e-01 2
2 -1.781651065912510239e+04 1.031044300284540416e-01 0
9 -8.422451691318609335e+01 7.694030176690855871e-01 2
0 -5.557244867239238229e+05 7.603676720284375801e-01 4
12 -7.848971836319623208e+01 2.282745921059143590e-01 0
13 -7.812067993462984816e+01 3.955323926580525118e-01 2
1 -3.196566572941929189e+04 7.832548197050794858e-01 0
20 -7.806838556715626964e+01 8.615236607025258397e-01 3
11 -7.934481222192954419e+01 6.096793515174498967e-01 1
25 -7.806831065293746974e+01 3.198197445920727966e-02 3
14 -7.808862359470828096e+01 9.942761015288112958e-01 3
22 -7.806832187767030007e+01 2.389545183110708404e-01 0
1 -3.193469669919394437e+04 9.157277942871172582e-01 0
10 -8.073970024683823965e+01 9.752421132187478747e-01 4
3 -5.003229773335047867e+03 2.997256696418936217e-01 4
8 -8.857594030377359218e+01 1.034516273671846065e-01 1
24 -7.806831208881695261e+01 1.953425934648631568e-01 1
24 -7.806831071082839912e+01 7.300166830802552465e-01 4
21 -7.806835811525070312e+01 2.179622131456717682e-01 4
26 -7.806831061679388029e+01 9.046217195776165010e-01 2
20 -7.806841742178018251e+01 7.405152568205508601e-02 1
8 -1.019299428546449349e+02 8.410727633364518674e-01 3
12 -7.818404802939761566e+01 7.453857261464222894e-01 2
18 -7.806879171352400704e+01 3.652274252078963751e-02 3
22 -7.806832152756408050e+01 7.113603817878108027e-01 4
19 -7.806869553136968420e+01 2.567698722183431315e-01 0
22 -7.806831292167264280e+01 5.537110884043778825e-01 4
12 -7.835237691230605606e+01 6.511440608439424960e-01 1
18 -7.806945352093387669e+01 4.897898929300543713e-01 0
27 -7.806831044640858863e+01 5.211491189330813567e-02 1
0 -6.176169033317555441e+05 8.818541105323504659e-02 0
28 -7.806831046649895711e+01 4.128703935912536593e-01 1
26 -7.806831068604324742e+01 4.866954921135529522e-01 1
5 -1.946764895954371752e+02 8.821051304148905814e-01 2
23 -7.806831159562968026e+01 7.385284151613268344e-01 1
2 -1.486616490793301455e+04 6.059151518546350701e-01 4
12 -7.839058816972067234e+01 6.186289347351539014e-01 2
17 -7.807162579620663223e+01 3.091166712056548915e-01 3
19 -7.806832780966149699e+01 3.285609794369996339e-01 4
22 -7.806832627865517793e+01 1.266660044848610944e-02 3
1 -1.128392352847013099e+05 1.347197532508815632e-01 1
25 -7.806831094475126065e+01 1.260243662740458126e-01 4
8 -1.057830750761719258e+02 2.197350636975650695e-01 4
24 -7.806831221101614915e+01 5.934194106730563689e-01 1
10 -7.942994730846379525e+01 1.230489353081516413e-01 4
2 -1.236974214859708263e+04 7.866755169690080596e-01 0
22 -7.806832328042165159e+01 4.620749248086024608e-01 1
25 -7.806831066720285150e+01 9.470554337888934526e-01 3
9 -8.233014750607298993e+01 1.870401606813345552e-01 2
9 -8.853855534410813277e+01 5.991214591264970579e-02 4
11 -7.972496581575470032e+01 9.393167625004282817e-01 4
2 -1.870740368361698245e+02 8.655034769821279284e-02 2
7 -1.208486447598806706e+02 4.345628199714368090e-01 4
5 -3.290708332732511963e+02 3.863730523599177846e-02 2
21 -7.806832008766782849e+01 5.723639622495159118e-01 0
6 -3.101236262090405944e+02 1.685535906724440203e-01 4
17 -7.807033976555544541e+01 9.558948516785485683e-02 2
29 -7.806831041722452369e+01 1.121023932969035380e-01 3
25 -7.806831080565407888e+01 4.047023470512803311e-02 2
19 -7.806835514699844225e+01 5.182733018761656041e-01 2
0 -1.210432440661389381e+06 9.453014336629541603e-01 4
4 -1.414027023475049191e+03 5.283322091306690282e-01 4
5 -6.913306331740715223e+02 2.316949300821408431e-01 4
0 -6.899366053981760051e+05 5.964908957837691261e-01 2
18 -7.806880934912192060e+01 8.324286249196534149e-01 3
3 -2.457028730132452438e+03 2.001785345589036369e-01 3
17 -7.807070755615731628e+01 8.860616606195819145e-01 3
23 -7.806831432060573661e+01 1.076338844381354021e-01 2
27 -7.806831047346078378e+01 2.401498426397843666e-01 0
9 -8.471463487365960532e+01 7.333132769632566550e-02 1
2 -9.882809484715411372e+02 5.508487769891843300e-01 2
28 -7.806831045615412279e+01 4.437282594765643018e-01 1
3 -2.988707331969138068e+03 7.518951742243028535e-01 2
8 -8.200490941900642383e+01 4.828312981540275883e-01 3
10 -7.893364615594103384e+01 3.093801297810045425e-01 4
13 -7.826472468845861385e+01 3.025301191821295754e-01 3
5 -5.807788102047793473e+02 4.945498836341228333e-01 0
11 -7.835563526850656046e+01 5.994381404453343887e-01 2
3 -2.572309765095380953e+02 7.395912973955365288e-01 0
17 -7.807194787197255437e+01 9.882105701796025654e-01 4
25 -7.806831172397400564e+01 3.469712739786778855e-01 1
6 -3.173713112433656534e+02 5.610832577936002430e-01 4
12 -7.820446765792718224e+01 6.407309765729589657e-01 4
23 -7.806831217881904195e+01 8.985882115413715288e-02 0
21 -7.806833870485228033e+01 1.205474276343435763e-01 2
14 -7.808929002127537444e+01 2.723706219961918862e-01 3
1 -8.961059775241820898e+04 9.233492792229380797e-01 3
9 -7.816635853033389481e+01 2.753360868646360093e-01 2
26 -7.806831044764861360e+01 3.164229486569437033e-01 1
5 -3.247909553400851337e+02 8.502817008379101038e-01 4
0 -4.344115906361010857e+05 8.503797335862949280e-01 4
2 -6.037736430871429548e+03 3.107286464662778469e-01 1
13 -7.815336840143545771e+01 4.650682678763332634e-01 4
23 -7.806831444951087917e+01 5.091882031281751431e-01 3
24 -7.806831236478529945e+01 8.806321851784844057e-01 3
5 -1.754860582576465049e+02 4.694082461500929671e-01 1
0 -8.529512588075645035e+05 3.050147432615499810e-01 1
22 -7.806832935707745946e+01 7.917566936042899073e-01 2
12 -7.833940846656881263e+01 7.981777333708138800e-01 1
5 -6.649701037694740080e+02 2.477790080730440936e-01 3
13 -7.820401748211902770e+01 8.726021732634974271e-01 1
17 -7.807035506914508005e+01 8.259579585311621619e-01 3
18 -7.806860973037903761e+01 3.086776561227946303e-01 0
22 -7.806832074922968445e+01 3.248907106038094739e-01 0
11 -7.870920154365427379e+01 5.561282569690231270e-01 2
24 -7.806831161556624465e+01 1.644631951605846076e-02 1
27 -7.806831044334643366e+01 9.529673607071413866e-01 3
1 -3.765087253084316671e+03 3.614175386207540419e-01 4
6 -3.072319542965916526e+02 4.794125302624820950e-01 4
8 -8.089672707709307531e+01 4.034661103221885980e-01 0
8 -9.768736969990057162e+01 4.232830571604945802e-01 4
26 -7.806831066275054809e+01 7.099138846947323778e-01 0
20 -7.806839597374917616e+01 2.022100406364801470e-02 2
1 -1.754119750915560871e+04 8.567230696453509431e-01 2
11 -7.814284253704408911e+01 6.922596262532403344e-01 2
24 -7.806831185518470306e+01 1.100831938111326153e-01 1
13 -7.819459224043959011e+01 7.011407746000911656e-01 0
15 -7.808822683399105813e+01 3.655079498186886156e-01 4
17 -7.806848378916890852e+01 7.929927487940625630e-01 2
26 -7.806831043313900409e+01 8.067475191037667415e-01 0
24 -7.806831195215498553e+01 9.081072588982659344e-01 0
18 -7.806895200387117484e+01 9.425580664476894688e-01 4
9 -8.241208703824699455e+01 9.183185109312077543e-01 1
1 -4.634363720803176875e+03 4.639175527386867337e-01 3
1 -8.600461444996795035e+04 1.679078213444865353e-01 2
3 -3.654575499428005969e+02 5.121144312385350617e-01 4
13 -7.825007087647152559e+01 9.134869527358208119e-01 3
2 -1.433057489537201218e+04 9.755778944741873016e-01 1
14 -7.810600688286393734e+01 5.920206191349701719e-01 1
6 -1.711683512986739117e+02 8.786136731075000483e-01 4
13 -7.823397980342112135e+01 1.721238967708006440e-01 4
28 -7.806831042878735616e+01 5.369681349487209765e-01 3
28 -7.806831046583772604e+01 1.519257023485227620e-01 3
19 -7.806850646170313723e+01 9.953594968428163270e-01 0
28 -7.806831041742881894e+01 1.928764171157288099e-01 4
2 -2.289493058000221936e+04 7.973494224049404444e-02 1
15 -7.808471337460835571e+01 3.598819555770735867e-01 4
7 -1.069878984393887151e+02 7.199132505548064831e-01 3
7 -9.017095762653968904e+01 8.539160813417652207e-01 1
6 -1.711641773667050757e+02 9.591420782093174058e-02 3
25 -7.806831047484308783e+01 1.816356737838704660e-01 2
13 -7.813254552399430963e+01 1.835404904891658751e-01 3
18 -7.806933493235891319e+01 9.814106661161572376e-01 0
6 -1.191972000042364925e+02 7.626374778369549023e-01 1
8 -1.107226527621155725e+02 4.078453727875434587e-01 4
14 -7.807195335900200917e+01 5.661604452715096603e-01 2
24 -7.806831061596368215e+01 9.819532656442131469e-02 0
3 -2.558240238650153060e+03 1.624457135344478317e-02 3
25 -7.806831048131675743e+01 5.133317468410155682e-01 3
18 -7.806933195462704589e+01 9.330802459531792881e-01 0
13 -7.819045871625252175e+01 9.900566891448736584e-02 2
7 -1.506225992904220163e+02 8.380475232849611267e-01 4
0 -2.401216451881186003e+04 7.289596829280643453e-01 4
12 -7.845747495636555868e+01 3.321678736867388904e-01 2
26 -7.806831089189145700e+01 2.208239318164230136e-01 3
14 -7.813273101800842824e+01 1.291000507212083648e-01 4
23 -7.806831872226612745e+01 2.811693604009981029e-01 3
10 -8.276759460434585947e+01 1.255362354806473062e-02 4
19 -7.806839941567517371e+01 8.126169978939410399e-01 3
9 -8.376459421441434472e+01 5.721056265925700268e-01 0
20 -7.806839144872652980e+01 3.853863415975563589e-01 1
16 -7.807116252459665873e+01 6.384182306890699987e-01 1
27 -7.806831051260004983e+01 7.989488146074577024e-01 0
9 -8.253894588939317600e+01 7.438303537928003806e-02 1
28 -7.806831044102862904e+01 5.787231353603420336e-01 0
26 -7.806831078305833671e+01 9.536656805809403670e-01 1
29 -7.806831042859928971e+01 8.303314573515994113e-01 0
15 -7.808247199882571010e+01 5.498082127132164487e-02 4
24 -7.806831123425959618e+01 4.919171669671195679e-01 4
22 -7.806831564021504732e+01 2.561255541849423167e-01 4
21 -7.806833647450301328e+01 8.104043584752085305e-01 1
7 -1.084781625976960271e+02 6.453202041450474269e-01 2
22 -7.806832295475433625e+01 5.513164488664625829e-01 1
16 -7.807666716268886375e+01 2.566283731017455771e-01 1
3 -2.543599539461945369e+03 7.387412456532570504e-01 2
22 -7.806833227269120812e+01 8.179819329751109036e-01 0
12 -7.843604517261235287e+01 1.829916489003124980e-01 1
26 -7.806831055966728172e+01 1.880519246717459458e-01 0
5 -6.370777997404406960e+02 7.702151270224055768e-01 3
19 -7.806833198013057995e+01 9.405630809716516438e-01 2
12 -7.843083659901662941e+01 7.392704063373579659e-01 3
21 -7.806835851431057449e+01 3.778616759896146621e-02 2
8 -7.974978016946428738e+01 7.996908796417611098e-01 2
25 -7.806831139757098015e+01 7.006515943703499616e-01 3
10 -8.090253583294503414e+01 1.357971780976392484e-01 2
25 -7.806831137149777078e+01 4.975292871956520369e-01 4
23 -7.806831471731419470e+01 7.366006129871358610e-01 2
16 -7.806842051047730990e+01 1.044698342164349092e-02 3
2 -1.540758313069976566e+03 3.647090058432880255e-01 0
22 -7.806831390716800456e+01 5.318981513583098675e-01 4
9 -8.858547674479029865e+01 5.370209276034630941e-01 0
22 -7.806833164774540990e+01 8.848020429459224623e-02 0
18 -7.806922032771215925e+01 8.870311951097749059e-01 0
16 -7.807596950629897492e+01 4.228088148432951332e-01 4
17 -7.807049347531169303e+01 5.385924447168370932e-01 3
15 -7.806866703379593275e+01 4.817532170255021118e-01 3
20 -7.806839486518239823e+01 2.750784999888435389e-01 3
22 -7.806833084662247302e+01 4.803656232812976157e-01 2
9 -8.726401180236992161e+01 2.017514988768343009e-02 0
21 -7.806834327860728706e+01 2.210665346981601220e-01 2
14 -7.808315511246840401e+01 6.558443088674907884e-01 2
24 -7.806831302940881301e+01 5.346729765613589258e-02 0
28 -7.806831042711002056e+01 8.277090605969146253e-01 0
29 -7.806831043514637258e+01 9.475332569704129071e-01 1
9 -8.876036837001484514e+01 2.150740354965350321e-01 4
23 -7.806831740376506446e+01 2.088639343459336439e-01 3
16 -7.807178603220430091e+01 6.641580140075475924e-02 1
8 -1.073863586295728396e+02 2.160715131511259379e-02 0
8 -9.427318630296541357e+01 7.532102582636692745e-01 0
14 -7.812537733084559477e+01 3.943207019921111112e-01 3
9 -8.895565839950549503e+01 7.376082602389499865e-01 4
20 -7.806838292717370109e+01 1.791215220106523454e-01 2
23 -7.806831665723761660e+01 3.687521718905433787e-01 4
28 -7.806831043870990072e+01 1.905528844865781168e-01 0
22 -7.806831111821568925e+01 7.905086861529642128e-01 0
6 -1.171638604730923561e+02 1.432390356762422712e-01 2
24 -7.806831089190302464e+01 4.679925112593298908e-01 1
1 -5.968632861951238738e+03 3.043316803271278737e-01 3
12 -7.854050636162014598e+01 6.877167380845689015e-01 3
12 -7.836854365208512263e+01 2.462242836303430438e-01 4
27 -7.806831056157818693e+01 4.652806747578638324e-01 3
20 -7.806833825930786475e+01 1.413535203914306759e-02 3
22 -7.806833120650574642e+01 7.875522149077839318e-01 1
14 -7.812928830861895335e+01 3.532988519743512357e-01 1
12 -7.817818788192593615e+01 3.788573204453334065e-02 3
11 -7.992791718097493003e+01 5.024172395257863188e-01 3
5 -2.447562327935453368e+02 5.244998494607487904e-01 1
4 -1.864672946792807807e+03 3.770297797170624188e-01 2
20 -7.806832278620967713e+01 3.851401994465060707e-01 3
17 -7.806918303275554649e+01 2.841509356091754812e-01 0
21 -7.806834215136555599e+01 9.310591426249463787e-01 2
22 -7.806832147460029603e+01 5.075092753879172358e-01 2
12 -7.832785424016208253e+01 2.941159380714591376e-01 0
14 -7.810615934033810959e+01 7.079840645988242365e-01 3
22 -7.806832441139545153e+01 1.482094157210377683e-01 4
16 -7.807419684896696310e+01 4.936534147310695508e-01 2
8 -9.650583459432174038e+01 3.248056932713453415e-01 2
9 -7.816486599290226422e+01 6.961775321021561602e-01 3
24 -7.806831270172267523e+01 7.285770544245088187e-01 0
24 -7.806831273909700997e+01 6.455907960319642314e-01 0
26 -7.806831071404408817e+01 2.611158743407322458e-01 2
10 -7.835233472032430768e+01 1.395884971756098381e-01 4
3 -5.966352243648108015e+03 9.774463000980401217e-01 1
8 -1.133540949178870676e+02 1.214190998200807003e-01 3
24 -7.806831246995810147e+01 7.464146337367825179e-01 2
14 -7.813192728765696415e+01 2.028378397002189581e-01 4
28 -7.806831048005088292e+01 8.301607955857586152e-01 3
7 -1.347740302112965196e+02 5.949660292470769773e-01 4
20 -7.806835598634322082e+01 5.779460437557176755e-01 3
3 -3.779565890759608010e+03 5.196052433632322165e-01 4
8 -1.040363879856581804e+02 3.239262593527278966e-01 1
0 -2.189958342845686711e+05 2.508043167166800202e-01 0
9 -8.177066793506816111e+01 4.765516040983496238e-01 1
18 -7.806834522216294658e+01 4.792790807142566223e-02 2
0 -3.551038592445091926e+05 5.071683199111129414e-02 4
20 -7.806834661410013609e+01 6.910494048914023191e-02 2
24 -7.806831279324751449e+01 2.478907734152269171e-01 0
22 -7.806832541284437355e+01 3.325966331954524624e-01 3
26 -7.806831059144093388e+01 5.281940075628208664e-01 3
19 -7.806837532718468253e+01 1.557631983729753644e-01 3
11 -7.907248740586021540e+01 6.052221165118172319e-01 1
2 -3.204657777447281478e+04 4.164356079415053591e-01 2
26 -7.806831055902125627e+01 9.321058462116871279e-01 4
1 -1.650509943781441734e+03 3.906548629977728559e-01 3
4 -1.101168467610393549e+02 8.041699913326730842e-01 3
13 -7.808240596597036642e+01 1.641704868917766014e-01 3
19 -7.806849261017865160e+01 3.816166408080918226e-01 2
0 -3.912824675216095988e+06 2.469684325858038376e-01 3
1 -9.706996937124185206e+04 2.620780265095348227e-01 2
1 -2.878578117812464188e+04 4.200403525588446985e-01 1
10 -7.975276942720969942e+01 2.966329086359552059e-01 0
8 -1.132019702410635063e+02 3.918323021009673113e-02 2
10 -8.319601291275097310e+01 4.950878001198231182e-01 2
16 -7.807178701551769961e+01 4.071960303234387624e-01 2
5 -1.043175780151476175e+02 7.360542244499321818e-01 2
14 -7.813317139899956487e+01 5.768866378535379980e-01 2
18 -7.806861966253978835e+01 5.864893860116993096e-01 4
14 -7.809539570110047180e+01 4.294191310075412549e-01 2
16 -7.807518875228325328e+01 2.730312923212095955e-01 1
20 -7.806832324749009899e+01 5.489102872389015619e-01 1
7 -1.466731946965435895e+02 6.376804229898446197e-01 3
4 -1.000784642081440438e+03 2.340027798451043139e-01 2
20 -7.806845386726249103e+01 3.564984547694594608e-01 2
7 -8.669043597631552700e+01 6.844673421937965685e-01 2
13 -7.818207865169222259e+01 7.268576414209422243e-01 4
17 -7.807205194884070920e+01 5.027184495433675293e-01 1
17 -7.806992409152887546e+01 1.107072012475662781e-01 4
8 -9.023540598136065682e+01 1.816059265180939575e-01 4
23 -7.806831655177599316e+01 5.117118520014396488e-01 3
28 -7.806831041662229609e+01 6.550338134872003837e-02 3
22 -7.806831764871796508e+01 7.867162809762180409e-01 3
5 -5.945479173494593397e+02 8.972948647891865193e-01 1
21 -7.806836914853616349e+01 5.018675951126958523e-01 3
18 -7.806956443307099391e+01 9.965009268301586731e-01 4
16 -7.806988520300848222e+01 3.472937940625537845e-01 2
14 -7.812649226844237660e+01 5.579783445784369800e-01 3
29 -7.806831043467659015e+01 8.652582847625955864e-02 0
9 -9.183183290222113726e+01 9.725965761071464488e-01 1
25 -7.806831068192528278e+01 5.537527546375797805e-01 0
23 -7.806831327341082272e+01 3.275755390072276896e-01 3
23 -7.806831832824641992e+01 1.638717364304018431e-01 3
24 -7.806831301612045593e+01 8.141592354383644370e-01 2
26 -7.806831054622779220e+01 5.224858756966680451e-01 0
29 -7.806831042793653808e+01 7.796418203407963210e-01 0
5 -4.340094855417540884e+02 4.453186815826715161e-02 0
7 -1.546476637448006102e+02 2.471193194506273172e-01 0
9 -8.896910553071681704e+01 6.566267780819282640e-01 2
10 -8.054865644153093740e+01 6.772448966690020056e-01 4
13 -7.818614254773987682e+01 1.669386937946814586e-01 0
23 -7.806831298267725572e+01 9.325565598858174265e-01 1
3 -2.047308970247930574e+03 7.252982225597219834e-01 4
27 -7.806831050703823394e+01 6.087816718933680704e-01 1
22 -7.806833251885453251e+01 8.531663393464717915e-01 3
18 -7.806856971789601118e+01 2.056251989053292095e-01 4
28 -7.806831042832359913e+01 4.878814020472734825e-01 1
29 -7.806831042113068975e+01 3.382827499656357872e-01 4
16 -7.807130302101839447e+01 4.082006246360943003e-01 0
20 -7.806838024878663873e+01 6.733193085076381035e-01 1
12 -7.863594210828951248e+01 4.771742618582686113e-01 2
10 -8.083337370308127845e+01 2.287667986913616835e-01 2
15 -7.807897234810084797e+01 9.224819593212960633e-01 0
1 -8.873433444996885373e+04 3.687656650949356907e-01 0
1 -3.252731234023432535e+03 7.300253905158173851e-01 0
4 -1.118323209537080402e+03 1.193890090326485270e-01 0
22 -7.806832888965774941e+01 4.775984878414103463e-01 4
8 -1.079898619804004909e+02 8.671793365639818285e-01 3
6 -2.845066451821703595e+02 7.121919630547360880e-01 0
25 -7.806831107788673307e+01 9.106212674670288720e-02 2
15 -7.808797724309553701e+01 8.657842702799404266e-01 2
19 -7.806833418405511793e+01 1.651123821960202853e-01 4
1 -2.388398407643788960e+04 3.861297643855197137e-01 0
11 -7.891454477180462845e+01 1.527166242108322081e-01 0
19 -7.806859400523342174e+01 7.516841585053979369e-01 3
8 -7.882196930638976085e+01 1.375856611106775762e-01 0
21 -7.806832377174137605e+01 8.024680133103081481e-01 3
0 -1.684908053469396662e+06 4.856322403132024568e-01 0
22 -7.806831634009958520e+01 4.961835019097602384e-01 1
4 -9.542548421983451590e+02 1.860033535000563121e-01 2
21 -7.806834306713187743e+01 6.746029370099577982e-02 3
26 -7.806831046099819105e+01 5.208424731223855186e-01 3
1 -3.455898986821665312e+04 3.756596389812622006e-01 4
1 -1.351670082445427834e+05 1.661298490701851593e-01 4
18 -7.806921915409866131e+01 3.168768334644083140e-01 1
25 -7.806831175686923530e+01 9.570807815104274141e-01 3
19 -7.806842855155746008e+01 9.824087618624436358e-01 1
14 -7.811715152441202292e+01 5.721987908433738834e-01 3
17 -7.807036535688655476e+01 2.892964992601442242e-01 1
8 -8.358232915338561497e+01 4.203549762459123929e-01 0
14 -7.807596738531418623e+01 4.287016906170055819e-01 3
12 -7.838446110661543287e+01 8.049937879765447502e-01 1
29 -7.806831043477143339e+01 5.729160020530201791e-01 3
11 -7.869302753608884871e+01 5.275465064872842946e-01 0
16 -7.807026871181386696e+01 9.733669360647012603e-01 4
20 -7.806838004698829536e+01 7.570167766120696751e-01 2
10 -8.239586522279563496e+01 9.886205481205856405e-01 1
28 -7.806831046276512609e+01 4.457971390969687753e-01 0
7 -1.192188171163546144e+02 5.115371008438742706e-01 1
17 -7.807133475105641196e+01 9.550152934491784595e-01 2
14 -7.812750705961990150e+01 8.001501599516008811e-02 1
22 -7.806832885060785543e+01 2.231978927974800353e-01 4
16 -7.807307440657771735e+01 8.571874113190253164e-01 2
21 -7.806833935056911855e+01 8.197642045099851060e-01 4
15 -7.808783375685914052e+01 9.530729400534315721e-01 3
26 -7.806831086604145753e+01 1.169769294198255843e-01 4
23 -7.806831163648230643e+01 3.336661777044579447e-01 4
10 -8.188687648673763420e+01 4.404945884001829626e-01 2
21 -7.806834678136152661e+01 1.042603857078661655e-01 2
9 -7.964194712922967767e+01 1.320658396851620009e-01 1
10 -7.999504868333922047e+01 3.451345548829682364e-01 1
21 -7.806832436353593607e+01 4.276927224943101180e-01 4
2 -2.387104463696386574e+03 7.742284846970418632e-01 4
15 -7.808223584505577719e+01 4.018561652453173788e-02 2
2 -2.197171053685284278e+03 1.721100107174346194e-01 4
16 -7.807108904436948649e+01 9.238609337112535513e-02 0
11 -7.990469836159223860e+01 3.732555135849246475e-01 4
2 -3.086531331761686670e+04 1.054135789092248698e-01 3
11 -7.936526743594777145e+01 2.617300409761291746e-02 3
14 -7.809359844460351496e+01 7.073654541039483545e-01 4
0 -1.602568263223917456e+06 9.573414339339763046e-01 3
15 -7.809330491567774857e+01 6.456824627167897512e-01 4
13 -7.820427668073554628e+01 3.846936350882276257e-01 1
29 -7.806831042540414956e+01 1.489117673091158167e-01 4
28 -7.806831047244575927e+01 4.276976609302424182e-01 1
29 -7.806831042131213394e+01 2.722032930377119575e-01 2
21 -7.806835783362600978e+01 8.637008120525813126e-01 0
3 -5.484083542059408501e+03 8.914800809463425679e-01 4
15 -7.807736287672216235e+01 7.750173442071259244e-02 0
10 -8.074313035496714974e+01 6.897839077399807728e-01 4
8 -8.119517101593052644e+01 3.220217434787286948e-04 4
1 -3.095069208329479079e+04 7.823861031776464525e-01 2
6 -1.779605918264202842e+02 5.924463506194541651e-01 3
13 -7.817587497123878393e+01 1.077371056136878225e-01 0
7 -1.542838881908171800e+02 4.528044962737454160e-01 2
13 -7.821186780130130956e+01 4.200560254576212182e-01 1
0 -6.469885417778235569e+04 4.881581111890694880e-01 1
25 -7.806831102041780923e+01 2.349292930828275061e-01 2
19 -7.806846297436355542e+01 8.908846697026326922e-01 1
19 -7.806858258471328327e+01 9.381649315634563724e-01 2
28 -7.806831045337054320e+01 3.507237307859547570e-01 0
24 -7.806831238496914693e+01 4.010562853663731664e-01 4
23 -7.806831084304326396e+01 3.978737456790815141e-01 0
13 -7.815883079923537480e+01 5.536837804473245805e-01 2
2 -1.971207083622316532e+03 9.433549642184395623e-01 2
26 -7.806831055378481210e+01 2.829206654758246176e-01 1
22 -7.806831300404769536e+01 1.764194090835538020e-01 2
23 -7.806831457363254856e+01 6.586934378563675807e-01 1
10 -8.112372841306697069e+01 1.846720815512025438e-01 1
13 -7.819881898540506882e+01 8.997730517291075980e-01 3
15 -7.808870614580504821e+01 7.145640590633783873e-01 3
13 -7.820458593694183946e+01 8.571774819785883404e-01 1
8 -1.110944049190259335e+02 1.904841921941645699e-01 3
21 -7.806833709139542066e+01 6.830643937128421106e-01 0
23 -7.806831161348992509e+01 7.110200211555748329e-01 1
1 -1.721123449680508056e+05 2.592647844611484231e-02 4
24 -7.806831222778261292e+01 7.162530353453813170e-01 3
16 -7.806977262269802509e+01 4.505038327051734681e-01 4
13 -7.812994120980690127e+01 6.516903360698367287e-01 2
25 -7.806831103655494530e+01 1.282761964362508778e-01 3
1 -2.002777013301056868e+05 2.407932361174713320e-01 1
9 -8.725353719066531255e+01 1.662246564959018735e-01 2
8 -9.615309652811563979e+01 1.853186787733750174e-01 3
9 -7.808041089956677183e+01 3.246359680126158498e-01 0
29 -7.806831042332356674e+01 3.864123115973098210e-01 2
21 -7.806836543054802746e+01 5.764804461709029937e-01 4
21 -7.806832611058720772e+01 5.640481244450370468e-01 1
3 -9.689107754955804239e+02 3.060569645942621264e-01 1
27 -7.806831049241426967e+01 1.068386139580019822e-01 2
4 -1.233199015875187342e+03 8.869426954595818202e-01 1
12 -7.858687740460541704e+01 5.100234703781464374e-01 1
2 -2.501077901915946131e+04 8.534390794303354788e-01 1
7 -9.006875511796765466e+01 4.724500930187295888e-01 1
12 -7.828637574292645240e+01 9.998914622954500064e-01 1
9 -8.784150972681619862e+01 1.752892522778942697e-02 1
20 -7.806836759188448127e+01 2.770387409364567510e-01 3
13 -7.816869504192086993e+01 9.271490753763176329e-01 3
22 -7.806832935850118815e+01 8.994734375543398386e-01 3
16 -7.807276418599147405e+01 8.729172025738298757e-01 0
24 -7.806831326007468874e+01 2.117163163023993988e-01 4
9 -8.962810348366205915e+01 3.137952262591863217e-01 1
15 -7.808715066062467258e+01 9.031773458799259302e-01 0
7 -1.014705403439151610e+02 1.377312153331047284e-01 1
14 -7.808469382923372848e+01 2.444939161809050188e-01 4
5 -6.010077628789109667e+02 9.277644918428200604e-01 1
7 -1.256605852976533129e+02 6.931197940481316211e-01 1
11 -7.928150978531915882e+01 5.805708854784232820e-01 0
9 -8.941279941449435853e+01 6.161688943833554255e-01 4
7 -1.734348786475641759e+02 9.027930198610645274e-01 3
17 -7.806996194215889773e+01 8.094509002253966745e-01 0
21 -7.806833414996867759e+01 2.977946613860726899e-02 0
11 -7.913860943425063965e+01 2.023424735529895380e-01 3
28 -7.806831041580609565e+01 2.106385897797249385e-01 2
20 -7.806843926915752263e+01 5.150999999948008279e-01 3
2 -7.778880733324205039e+02 1.307506522522917380e-01 0
25 -7.806831149559273797e+01 5.774805300167691335e-01 3
14 -7.807072899502196606e+01 2.860107872557929309e-03 4
12 -7.843389938407885609e+01 7.586294926861141263e-01 3
27 -7.806831041569324725e+01 5.820233754838888274e-02 0
21 -7.806836038791828969e+01 7.931044234949549132e-01 1
26 -7.806831076913111644e+01 9.775840565009739080e-01 3
0 -3.148570200523994345e+02 2.930811562641189028e-02 4
26 -7.806831060691786206e+01 5.799755459442548222e-01 3
20 -7.806844671518253165e+01 9.263912553310165165e-01 3
0 -2.312538055294116028e+06 1.583270015891513616e-01 2
2 -3.139428504722944581e+03 6.362623478547707601e-02 0
11 -7.818256704280669567e+01 7.880716515968089197e-02 2
17 -7.807149540830189949e+01 6.815936215320457237e-01 1
17 -7.807075768361478652e+01 3.407264850835833858e-02 0
24 -7.806831150430082289e+01 9.322213637494145555e-01 3
28 -7.806831041039768593e+01 7.108247596212748931e-01 2
18 -7.806905548925364258e+01 4.901415346082653723e-01 2
2 -2.417926551340938749e+04 1.060437161384553129e-01 3
14 -7.807823294114629675e+01 2.693769486648200928e-02 1
13 -7.807286695932936027e+01 8.704576932789285237e-01 0
0 -1.711362835744475713e+06 5.125540389438292266e-01 0
18 -7.806956642280192682e+01 7.606410615230072003e-02 3
8 -9.975419991113581375e+01 6.389092209616828999e-01 4
22 -7.806831561797855557e+01 5.105173934535451874e-01 4
24 -7.806831364377570992e+01 1.989487850211690834e-01 3
8 -9.545747883714184923e+01 3.717458325525915819e-01 4
20 -7.806831130998976676e+01 4.158663951266324821e-01 0
28 -7.806831043235492018e+01 4.814976846950536071e-03 2
12 -7.824937945453918076e+01 8.464384839073879618e-02 3
10 -7.898067030542745215e+01 5.975065564432681386e-02 3
21 -7.806836314691881284e+01 1.423167318732408981e-01 1
26 -7.806831050940775185e+01 8.398673059479848657e-01 0
27 -7.806831056638930022e+01 5.773353246351655699e-01 1
18 -7.806836990477768268e+01 7.432440243116152923e-01 4
8 -9.476515469306518469e+01 4.895373751475498025e-01 1
18 -7.806838532544927034e+01 5.547328989862361226e-01 2
8 -1.044617404868077415e+02 1.257517266908476372e-01 2
11 -7.808984938544745091e+01 8.250810714525264045e-01 1
22 -7.806832960944956312e+01 3.476513767065893268e-02 2
0 -2.137917782338162069e+05 6.427518566223708874e-01 0
3 -1.307742694133856276e+03 1.961944363235814670e-01 3
0 -3.581661625048762653e+05 2.212416958173353265e-01 0
24 -7.806831300273336183e+01 6.934914083265895091e-01 3
25 -7.806831115001665466e+01 4.441255696780397888e-01 4
0 -5.974607525748687331e+05 1.783932545941535608e-02 2
24 -7.806831067140713287e+01 5.208214502154338010e-01 0
15 -7.807212577767350581e+01 2.058612574511921589e-01 4
18 -7.806839451598821711e+01 2.002509377279259040e-01 1
9 -9.066729627553571902e+01 2.731950057984819935e-01 1
8 -1.139975361872891000e+02 1.677686085708497421e-01 4
12 -7.825311214232169732e+01 8.398615026957299001e-01 0
1 -1.321650510468613647e+05 5.599689742274951421e-01 0
0 -1.384135291041496966e+05 4.341211635619153242e-01 0
14 -7.812076040985766667e+01 6.669876404732986153e-01 4
19 -7.806862489450685416e+01 5.532464850604590367e-01 4
6 -2.867313490735695041e+02 5.865042990947777479e-01 2
2 -1.419599482401992282e+04 7.521142483239116050e-01 1
28 -7.806831042431849710e+01 2.848986354007099209e-02 0
18 -7.806853271978758357e+01 4.583502992082134908e-02 1
20 -7.806832284781275177e+01 1.389045369211850678e-01 3
25 -7.806831107585580298e+01 5.460186979681103114e-01 0
17 -7.807011003401034088e+01 7.103028452777093715e-01 2
28 -7.806831046975126753e+01 7.046333291118618281e-01 2
5 -2.729689026570429178e+02 6.765253246129789844e-01 3
23 -7.806831696177917479e+01 6.172258500903542444e-01 4
9 -8.771305239876070914e+01 5.306990949648047184e-01 1
17 -7.807176035090012078e+01 7.727866028476144677e-01 4
4 -1.177624308340010884e+03 7.245310510775908597e-01 3
1 -2.806495293688759557e+04 6.680496565806777198e-01 3
12 -7.844480790170189266e+01 3.330442349463762497e-01 4
10 -8.272372141784795474e+01 5.598122449419001834e-01 2
18 -7.806839666518303034e+01 8.374338608867920586e-01 4
20 -7.806833233059671784e+01 2.539740638985377164e-01 0
10 -8.133680890897461779e+01 2.067159532250713028e-01 1
19 -7.806872482827259319e+01 6.394346486540486429e-01 3
0 -4.307595201334074773e+03 5.538152936644058499e-01 4
20 -7.806842274993471165e+01 3.906761243343601642e-01 3
15 -7.807147892682988299e+01 1.134591545928739648e-01 2
12 -7.851739533193438092e+01 6.311980154259951847e-01 4
15 -7.807633411067968154e+01 7.432932470486613985e-01 0
0 -2.312486713617174246e+05 4.261158968709649053e-01 2
25 -7.806831101775158288e+01 8.791926978299718920e-01 0
12 -7.850833314932566509e+01 3.912608549605247621e-01 3
6 -2.159556527348328814e+02 1.615299069595296788e-01 3
27 -7.806831047283174030e+01 1.331466111670895902e-01 0
2 -5.839243799444353499e+03 2.981981959187884890e-01 2
4 -6.221714121793503409e+02 2.434665524077043661e-02 4
4 -2.181864298373764541e+03 7.329181828874369309e-01 2
15 -7.808505291325172948e+01 7.397739037977112408e-01 3
29 -7.806831041580932151e+01 8.925271946221826624e-01 1
20 -7.806844464964063945e+01 9.503227550165427306e-01 3
22 -7.806833038499880217e+01 6.593615017341616924e-02 1
23 -7.806831841940628181e+01 3.829272761176087947e-01 3
11 -7.962179774862075021e+01 8.969031583780606720e-01 2
16 -7.807455648332150133e+01 5.077379978245586400e-01 3
0 -6.452423745244703605e+04 4.388721760826566065e-01 4
18 -7.806864309342603292e+01 9.867957282441266464e-01 3
20 -7.806840915937615932e+01 2.023511432148019651e-01 1
2 -7.479832447818150285e+03 3.885145780398300275e-01 2
28 -7.806831044397127073e+01 3.890091552110070405e-01 1
13 -7.813459206725303829e+01 9.877257571890933896e-01 3
21 -7.806834353472301302e+01 3.493522858310527113e-02 0
17 -7.807078828339697907e+01 1.835100336665568543e-01 4
25 -7.806831049234824604e+01 4.851175264279046218e-01 0
13 -7.815766552458933347e+01 3.481381898762689886e-01 4
13 -7.816048734559566924e+01 6.078674934961734166e-01 2
1 -3.829382570437225513e+04 3.687496531755355411e-01 2
0 -4.114912345653429511e+05 1.806892202904943623e-01 1
8 -1.041055566386260267e+02 1.327861502010381500e-01 1
0 -1.069564473981422780e+05 6.591635327326960114e-01 0
19 -7.806868063974248173e+01 4.327267703258267928e-01 2
29 -7.806831041747173572e+01 7.270179858834265874e-01 3
1 -1.062726811171162553e+05 2.958477988428274141e-01 0
15 -7.809058581828423939e+01 3.835153820448225503e-01 0
2 -6.551000977114862508e+03 1.428535578166207354e-01 0
5 -7.453225989639410045e+02 2.605085647072566957e-01 3
8 -8.418053385920316600e+01 9.422874335489805908e-01 3
27 -7.806831048761000602e+01 3.846669332348700565e-01 3
8 -1.020053080034328303e+02 2.705165572227907766e-01 4
3 -5.997618135936488670e+02 1.492421141313154953e-01 3
5 -1.529467804807197240e+02 8.843446656660987060e-01 2
3 -1.028276667676375155e+03 9.604946785306314183e-01 1
12 -7.840449188854788076e+01 2.043337401239705420e-01 4
1 -5.222848108513592160e+04 4.266530427504487410e-01 4
9 -8.183339947131761960e+01 6.400182612567186791e-01 1
8 -8.846376576280235327e+01 6.686835465286122826e-01 4
14 -7.807437353888306575e+01 1.911020377738907872e-01 4
0 -2.617424291192268720e+04 6.118370180192678198e-01 1
19 -7.806865722382380568e+01 6.759231480534800829e-01 3
17 -7.807051915713719836e+01 2.647755932978133053e-01 0
11 -7.964483829940996884e+01 5.655379536924920458e-01 2
15 -7.807315294689757934e+01 4.027583442463261026e-02 1
7 -1.362708496526577733e+02 8.090396576640550563e-01 4
29 -7.806831042771355555e+01 1.267532824683854642e-01 2
26 -7.806831072551662487e+01 8.205770988175878355e-02 1
27 -7.806831057259894635e+01 8.157124648653182319e-01 0
24 -7.806831212678351051e+01 8.308384752386236416e-01 1
1 -2.732573342915193848e+02 7.261653784358308439e-01 3
4 -1.379211157543405761e+03 6.018898659260578654e-01 0
1 -7.019435096607224841e+04 1.904255235976349547e-01 0
9 -8.994195022160180031e+01 2.701042628490942787e-01 3
5 -4.522958569505764217e+02 4.988543894775543941e-01 3
16 -7.807295831563564548e+01 7.633357832455986980e-01 3
18 -7.806872179379494980e+01 3.211344995685860154e-02 0
5 -7.319602486701934367e+02 8.253842048457172842e-01 0
9 -9.136233238797333911e+01 8.212442863752414945e-01 1
20 -7.806839261144379805e+01 7.291955931149468606e-01 4
20 -7.806842654257815184e+01 6.315223899182503819e-01 2
15 -7.807853423762365708e+01 6.010644922272696533e-01 3
18 -7.806894044943592803e+01 8.435396897602251975e-01 2
12 -7.819850735031448608e+01 8.819790825027661318e-01 1
15 -7.807031444762105821e+01 5.148374804035535934e-01 2
3 -3.516579888318264693e+03 3.934208401588311643e-01 3
1 -2.825806012167860536e+04 4.046465516817487895e-01 4
11 -7.904625097886764706e+01 9.055691804248677812e-02 3
0 -2.285609419543008698e+03 1.558583744889319167e-01 3
2 -1.753727137359013796e+04 9.704157889049062069e-01 1
0 -1.523467940653078131e+03 3.022695600949103500e-01 4
2 -1.343261080321124791e+04 4.570622868935119154e-01 4
29 -7.806831042967147027e+01 7.040667876777664258e-01 3
29 -7.806831042519058883e+01 7.925775558944520016e-01 0
21 -7.806832804798321490e+01 4.168931279958800751e-01 2
8 -1.009491025803831263e+02 2.619545685901250587e-01 0
29 -7.806831042910451401e+01 7.279397106019849240e-01 2
23 -7.806831818339475149e+01 8.318128189271594142e-01 2
12 -7.848373855697882107e+01 2.114883752836704822e-02 2
24 -7.806831206157630731e+01 4.243062479342502025e-01 1
9 -8.025298302046034848e+01 5.219227074016759005e-01 1
18 -7.806834477968908459e+01 9.049463334449470153e-02 0
20 -7.806841135120293984e+01 3.693736239101319541e-01 0
21 -7.806832667988919638e+01 4.322619773475899763e-01 1
11 -7.923078620829232932e+01 7.666050770982892892e-01 4
3 -4.325079910038839444e+03 2.325424468601076655e-01 3
25 -7.806831047047799643e+01 2.056480412465345464e-01 1
26 -7.806831082786035836e+01 7.313554408104678828e-01 1
25 -7.806831177301796743e+01 3.536737779592113995e-01 1
28 -7.806831048232641024e+01 3.068871458183705103e-01 1
28 -7.806831041909541113e+01 2.049653586937010552e-01 1
13 -7.823883835299371015e+01 7.683253382230726958e-01 4
12 -7.826191612192036473e+01 2.851214902727190470e-01 2
16 -7.807639792886732266e+01 7.157750386787448127e-02 2
21 -7.806834173492032392e+01 5.573857440535896074e-02 2
15 -7.807768202232404064e+01 8.618247042362749966e-01 3
0 -2.016132503849152708e+06 1.984744209263965276e-01 1
24 -7.806831335502138813e+01 2.892699571747492371e-02 3
11 -7.930366815418545912e+01 2.966363309204873011e-01 0
25 -7.806831107379821333e+01 1.870944191775727461e-01 3
21 -7.806832727295181940e+01 8.720897319107724366e-01 3
5 -4.326956920840856355e+02 8.201656618632753304e-01 2
16 -7.806874676532095236e+01 5.902606038962525670e-01 4
27 -7.806831048347254409e+01 8.010840142504451755e-01 3
6 -2.640390494967361974e+02 4.644493773612552445e-01 0
17 -7.806904670807716684e+01 8.522741671162472610e-01 3
11 -7.908929781852555152e+01 9.239086738131003784e-01 3
21 -7.806835392749314906e+01 4.602817100024331198e-01 2
22 -7.806832552300839723e+01 2.195469611898303863e-01 1
19 -7.806874741839516219e+01 7.513220182312787543e-01 0
29 -7.806831041006546457e+01 9.868110373897422960e-01 2
25 -7.806831090625159675e+01 4.015740986851015215e-01 1
22 -7.806831594838403987e+01 2.134330542394025088e-01 0
21 -7.806834898836214620e+01 4.182897628661557121e-01 4
28 -7.806831047054419059e+01 1.369003537382640634e-01 1
2 -6.024208631499220246e+03 2.183827683471081804e-01 2
5 -5.188756202651221656e+02 9.221023077173140514e-01 3
15 -7.807819366167350950e+01 2.766669208641379107e-01 0
4 -1.743978051481211878e+03 3.663568202033502530e-01 2
10 -8.250354752205934972e+01 6.065402932559416094e-01 4
2 -2.257262823335488065e+04 2.282697398862225668e-01 3
11 -7.943623658569845247e+01 2.378785742736240216e-01 1
2 -1.565301967677370703e+04 2.145619416020290160e-01 1
2 -1.932526486668992948e+04 6.487987939831114659e-01 0
10 -8.266461490700839931e+01 4.578487409680231934e-01 2
11 -7.955284657699708362e+01 5.276814487376388918e-01 1
10 -8.257885646875075736e+01 9.757983569401259549e-01 4
10 -8.046538348648638816e+01 8.487138205402519064e-01 3
19 -7.806853614417235576e+01 6.992556301762191673e-01 4
26 -7.806831049566375214e+01 1.053843300524126836e-01 4
15 -7.806963109440332005e+01 1.449535054324524452e-01 3
23 -7.806831388370517288e+01 4.651951865368335048e-01 0
16 -7.807096207702858237e+01 6.109479480320717526e-01 1
21 -7.806834791468997992e+01 8.648586908887800906e-01 3
22 -7.806832492456891259e+01 7.706222376332731994e-01 1
24 -7.806831191259013281e+01 7.818258334930542341e-01 2
29 -7.806831042309447355e+01 9.659061473527041919e-01 1
3 -3.053002928744209385e+03 9.746113097992950003e-01 0
10 -7.989243508727804510e+01 5.617598227266344946e-01 3
3 -3.586384479017663580e+03 3.209864847302507096e-01 0
11 -7.854398757213459703e+01 4.038031185003599921e-01 2
20 -7.806831960547256699e+01 8.768853625959818210e-01 4
19 -7.806849179183434728e+01 9.851068256471240403e-01 1
6 -2.330360258426241558e+02 5.798573076183983765e-01 1
24 -7.806831079722553568e+01 4.318203834413246178e-01 0
8 -1.118927636016674256e+02 1.710594143216613849e-01 3
19 -7.806870856329859976e+01 4.399906273491905329e-01 4
4 -6.043453918236231175e+02 9.855702038164794176e-01 2
28 -7.806831047847023797e+01 2.698323565704558447e-01 4
28 -7.806831044078808191e+01 5.004549784991135786e-01 4
29 -7.806831043012715554e+01 3.370961601698407861e-02 3
24 -7.806831207367480374e+01 1.915819856035553825e-01 3
29 -7.806831041990885467e+01 9.858012628366572550e-01 3
2 -1.419162009897912321e+04 6.733726473075801744e-01 0
9 -8.700514234270097802e+01 3.098791077967319452e-01 4
8 -9.772788610680002819e+01 8.101131304533288890e-01 0
16 -7.807658850929666983e+01 2.038934751643508292e-01 3
19 -7.806839129093134488e+01 6.231903323260614691e-01 0
22 -7.806832034576706292e+01 5.904266892746284912e-02 2
19 -7.806867064135934697e+01 5.902946851879058432e-01 1
26 -7.806831049249116461e+01 3.767904595881325092e-01 3
11 -7.849011577875839407e+01 3.278157127016881334e-01 3
8 -9.057588452520413114e+01 9.874027812954785377e-01 1
17 -7.807070816737700625e+01 9.127488118547666396e-01 4
25 -7.806831051284805767e+01 3.953746989573383996e-01 1
8 -9.339739242843126021e+01 9.391528003395614999e-01 2
16 -7.807196138010866093e+01 4.001593155803533364e-01 0
23 -7.806831467112382938e+01 5.663071490974185274e-01 2
20 -7.806844021713044413e+01 1.707214783042935169e-01 0
18 -7.806865617262266710e+01 6.261380786267373155e-01 2
7 -1.655164924238843014e+02 6.370812692390899201e-01 4
7 -1.122796472460970847e+02 9.096043194652567720e-01 2
