0.000000000000000000e+00
0.000000000000000000e+00
0.000000000000000000e+00
0.000000000000000000e+00
7.291748859223641671e-244
0.000000000000000000e+00
0.000000000000000000e+00
0.000000000000000000e+00
0.000000000000000000e+00
0.000000000000000000e+00
0.000000000000000000e+00
0.000000000000000000e+00
0.000000000000000000e+00
0.000000000000000000e+00
2.319665851285688016e-06
1.550961705203838525e-01
0.000000000000000000e+00
9.672309620739521366e-167
0.000000000000000000e+00
7.752744159826331386e-173
1.133485375443955231e-57
2.081108635908857817e-246
0.000000000000000000e+00
0.000000000000000000e+00
3.626913847087953273e-293
0.000000000000000000e+00
5.295148301082942544e-01
9.903714823285970914e-02
0.000000000000000000e+00
3.747052818440154698e-01
1.795710596436840834e-01
2.780118507498021731e-03
1.352284123724945712e-08
1.042393478418377761e-01
9.855215280922246701e-54
0.000000000000000000e+00
0.000000000000000000e+00
0.000000000000000000e+00
3.568009939303413980e-02
1.240036109884624579e-02
1.235497568283574522e-02
5.275046256608025876e-03
1.237852681074169160e-02
1.369389307239600017e-03
0.000000000000000000e+00
5.528817499940696933e-01
5.273309642818952911e-03
9.898993769287481315e-02
1.665084040137606398e-03
5.279890352430763149e-03
1.664405888306685899e-03
3.836115860491914331e-01
4.049142483860603825e-01
7.779031243624281609e-04
9.893175771503742721e-02
7.251348007180501056e-05
1.234575286936031788e-02
1.488641750303576183e-21
1.234771538829936705e-02
1.028790294508727526e-01
2.711027636519113806e-05
2.515783974414826881e-04
5.269341823954798790e-03
2.515761012396236637e-04
4.697040219836335424e-04
6.205972091457776507e-01
1.665037708152246115e-03
3.534490379466444232e-02
7.251618667812798806e-05
1.927403773198297031e-11
7.778410170764470631e-04
2.515655389592284645e-04
9.210871609847334773e-02
0.000000000000000000e+00
4.696963089921979155e-12
2.711038799917666128e-05
3.547603788358530408e-02
1.666145063546091518e-03
1.665029021017199644e-03
0.000000000000000000e+00
5.810633265867178876e-01
1.195905471259927880e-05
2.711003104885910107e-05
1.766719403506049058e-01
1.664539819360005661e-03
7.251612964966976549e-05
5.283336655343736331e-03
8.114163261131368236e-07
1.040621499175585357e-01
1.708642544504880290e-01
1.899059790181520423e-06
3.561676742182550565e-02
3.583441333772927756e-02
1.899060807443453911e-06
9.127536645843872809e-02
2.172067689190981658e-07
8.114164208974623569e-07
1.195899682413802370e-05
3.232018305473406103e-08
9.976489136643183493e-08
3.232018284903771477e-08
3.232018347226849682e-08
3.232018339489938245e-08
9.976489043105230572e-08
3.232018360328997509e-08
2.172067604140838588e-07
9.976488742439084393e-08
3.232018285936271552e-08
2.172067428855257089e-07
2.172067446703722801e-07
3.232018332968971059e-08
3.232018390451881981e-08
9.976489195958914233e-08
1.899061107967481884e-06
6.786236013149428061e-06
1.233445252834223550e-02
1.801237565688395548e-01
1.861561688995791214e-04
3.232018340914725087e-08
6.420823289904019626e-01
0.000000000000000000e+00
9.976488669068120385e-08
7.776879075467096544e-04
1.021888075876668384e-01
5.245601904387936756e-64
9.981834994209919099e-02
0.000000000000000000e+00
3.232018423222341307e-08
2.060209374789540694e-06
0.000000000000000000e+00
3.883840932838399008e-167
7.251417321309355768e-05
7.454115481750982523e-69
2.711013429918921770e-05
8.114164968244748624e-07
7.251705879433774935e-05
1.241805512086352134e-02
1.073348756654088583e-08
5.345650844323448959e-07
1.319746034864792374e-162
0.000000000000000000e+00
2.737940842869545179e-06
1.008054940930796367e-01
6.786238754492432031e-06
2.515980001167197975e-04
2.515983617954342818e-04
0.000000000000000000e+00
9.976488877102110824e-08
3.232018329936413775e-08
1.899060892765972919e-06
0.000000000000000000e+00
0.000000000000000000e+00
5.276159908196097204e-03
0.000000000000000000e+00
0.000000000000000000e+00
0.000000000000000000e+00
7.116163147273546659e-03
8.114163863668405614e-07
0.000000000000000000e+00
2.172067550193335323e-07
7.778823809156467121e-04
1.665155395302917113e-03
7.251591918465221352e-05
0.000000000000000000e+00
8.190867272492474954e-241
4.171007745508264258e-262
0.000000000000000000e+00
9.976488989998085900e-08
1.195908146431354796e-05
1.868551031231511436e-07
3.616352015720564889e-02
3.990312324125626532e-29
5.476275624475936242e-29
1.195904873477019874e-05
1.763419385488760779e-152
5.278404254631066661e-03
9.969135274646176437e-02
5.057614079229427045e-02
1.665074604542330586e-03
1.709503942279362914e-62
0.000000000000000000e+00
7.777716397952736359e-04
0.000000000000000000e+00
0.000000000000000000e+00
3.560893528706172984e-02
1.702854358161725816e-111
0.000000000000000000e+00
9.732478116493477327e-02
2.172067628782130813e-07
1.829790613999445609e-04
3.232018422018017290e-08
1.629675963516356574e-01
7.310297480356683070e-08
0.000000000000000000e+00
1.503130550764056245e-57
1.664823249600495391e-03
2.204169707456881925e-21
2.711030522718772186e-05
1.515379250849316037e-05
2.711003317881256498e-05
9.976489053961183342e-08
1.008480408158704267e-01
1.016354508492028630e-01
0.000000000000000000e+00
0.000000000000000000e+00
2.502751487513849016e-01
0.000000000000000000e+00
5.651708066930635210e-01
2.399768739059024991e-01
0.000000000000000000e+00
1.664624834447977044e-03
6.786238121790978885e-06
3.232018342931867214e-08
7.778754666909963155e-04
2.417959256096349459e-23
0.000000000000000000e+00
1.752032009860323980e-01
7.152412433815785066e-06
2.490231654105858095e-41
0.000000000000000000e+00
0.000000000000000000e+00
3.588697552515867500e-02
3.232018416010498977e-08
1.195900235302614678e-05
2.515975836903513118e-04
1.877421405951547051e-01
0.000000000000000000e+00
8.279703922279217155e-144
2.711029794368355233e-05
0.000000000000000000e+00
1.242271312014122352e-02
6.786233363367671945e-06
4.993314824358448534e-01
1.583969918733594706e-36
2.172067354984355971e-07
3.232018294721988449e-08
3.572858176081984000e-02
1.009149824537753232e-01
3.546134517712330736e-02
7.320787523839213801e-04
0.000000000000000000e+00
0.000000000000000000e+00
0.000000000000000000e+00
1.899061057602306741e-06
2.949620492903327822e-164
2.515657018662720052e-04
2.172067411848563985e-07
3.232018329274382750e-08
4.626233169766485601e-13
5.980056322824025783e-111
2.126920688327903979e-275
2.711053069447881634e-05
2.172067501462437460e-07
6.046117289947261497e-01
8.807648543161793186e-02
8.114163818478959650e-07
9.756538358281932610e-02
3.232018293181872116e-08
1.195904953274888965e-05
1.195899667002039589e-05
7.251440251578699498e-05
7.777397310344361667e-04
4.823972868456910763e-29
3.232018371531951222e-08
0.000000000000000000e+00
0.000000000000000000e+00
4.302335547161046936e-01
0.000000000000000000e+00
3.576548583303704176e-02
2.751409778254504737e-02
6.431548876318257113e-01
2.172067556395860605e-07
0.000000000000000000e+00
8.341279205467343915e-263
7.251493637285737551e-05
3.020722106081705219e-52
1.195903741266454473e-05
3.606934668463656485e-02
3.232018277715582542e-08
2.711013945815040049e-05
8.114166613790154341e-07
7.251425213649797705e-05
2.608368021669850391e-04
1.036105954605904904e-21
1.235398581884502960e-02
2.525773040486112633e-02
2.263953776793875082e-51
0.000000000000000000e+00
2.711049380992627518e-05
7.251463649218883336e-05
7.624235333932521988e-22
2.166874497643437806e-69
0.000000000000000000e+00
1.665722320181929053e-03
8.987716278227452227e-01
1.664567634566771134e-03
0.000000000000000000e+00
4.717934797152344983e-01
0.000000000000000000e+00
1.656431423667973357e-01
7.251540884728365768e-05
9.976488584487338387e-08
7.251555227303506281e-05
1.246870966983744389e-02
0.000000000000000000e+00
1.707500081566155625e-01
1.566558890584868469e-01
2.055886245690981102e-114
8.114166733713267478e-07
9.976488679118085571e-08
0.000000000000000000e+00
6.786240900042730331e-06
4.887588963503205486e-01
1.195908029951227387e-05
7.251715821528189655e-05
0.000000000000000000e+00
9.976488810975396097e-08
3.232018291751757570e-08
2.711015240628271292e-05
2.515950238346838664e-04
9.976489032084253285e-08
0.000000000000000000e+00
3.232018331716375428e-08
8.114164111158168266e-07
5.182579493124200853e-01
1.174357167989857334e-97
1.018290019865160819e-35
5.041508177203474217e-01
2.711035622260830549e-05
0.000000000000000000e+00
9.976488702341021126e-08
7.717024011327015641e-07
5.279713637781281027e-03
3.232018396912543730e-08
3.232018302028767291e-08
3.115468183786197082e-02
1.899061543614581376e-06
2.172067516229395457e-07
1.665733567695536167e-03
0.000000000000000000e+00
1.347385527506723510e-126
7.251647550770883228e-05
2.515786776700995294e-04
1.242315386567392418e-02
7.777619513060911620e-04
0.000000000000000000e+00
2.172067383850680566e-07
1.899061055010502178e-06
9.976488979864474887e-08
2.172067338577716359e-07
3.232018394467978851e-08
3.232018413335963991e-08
1.624114265052545477e-126
2.172067409409705725e-07
4.059888407771931051e-01
2.515755009065927640e-04
1.036801392707931667e-02
1.239405262598434337e-02
0.000000000000000000e+00
3.616692190135625817e-02
5.983588235512704578e-01
2.515734834839832620e-04
1.195900764007033757e-05
7.251565679002733235e-05
3.542087029083548777e-02
6.786237242640523481e-06
1.899060177534033541e-06
9.976488845643782296e-08
1.976044317932424965e-01
2.515842643363978316e-04
3.598414151720464443e-02
1.614717827170620353e-04
0.000000000000000000e+00
5.610530472187557199e-44
4.132333005407392568e-01
7.251423888633325837e-05
0.000000000000000000e+00
3.232018342419291182e-08
3.232018312316111475e-08
2.172067370142242967e-07
1.195907642155853130e-05
7.778967799661835793e-04
2.711032340496978248e-05
8.114164337001286090e-07
4.853171391961815795e-01
3.232018379151741163e-08
1.899061502041582815e-06
1.899059744178115184e-06
0.000000000000000000e+00
0.000000000000000000e+00
5.278601263727680272e-03
0.000000000000000000e+00
5.272457619427233823e-03
2.048556090518302841e-01
1.043833038840110833e-01
1.202499415896214288e-45
1.769218905652433504e-01
9.860648296113029565e-02
5.268467953075041399e-03
9.640045909131701729e-02
1.242008240802618471e-02
6.786229317389474084e-06
2.515974611783057188e-04
7.251685330543574564e-05
1.128939673330668780e-179
0.000000000000000000e+00
0.000000000000000000e+00
2.515912610723053866e-04
1.022510201831286492e-02
5.277768597267610759e-03
0.000000000000000000e+00
7.059740904298936748e-01
2.172067619233104088e-07
0.000000000000000000e+00
2.566910886266099835e-04
1.195902111265794778e-05
1.195905980422724779e-05
5.865719294349047335e-288
1.664758798400590122e-03
9.784797454232704861e-02
3.572623524438035547e-01
7.251467553174466892e-05
5.273984101599369333e-03
2.515909476234840718e-04
1.242927314671809363e-02
1.241224072729377008e-02
3.232018344001387262e-08
0.000000000000000000e+00
2.042954618234284758e-01
1.848383267894220250e-01
3.232018402342265797e-08
1.665015982966367098e-03
2.172067529865852196e-07
0.000000000000000000e+00
2.172067318211713879e-07
3.535875647437547453e-02
4.393460439495749936e-02
0.000000000000000000e+00
7.251621206930856055e-05
2.329500368069693157e-43
1.195907750974739988e-05
3.020938922841839340e-168
4.078607086375668814e-04
1.879748119739615975e-01
1.195899708089141300e-05
6.075104362885450637e-01
3.232018316673649311e-08
1.000000000000000000e+00
0.000000000000000000e+00
5.947531585322513651e-06
1.195908251147825785e-05
3.104393778711884462e-15
0.000000000000000000e+00
1.899060710280406599e-06
1.195904603062344556e-05
6.171190370129359115e-01
2.711026979058255725e-05
1.397946611208631345e-55
1.968290972300645592e-01
3.561360217070988526e-61
3.232018352312373955e-08
3.232018360468073039e-08
7.778227246365666337e-04
7.776696970665117553e-04
9.976488708180568173e-08
3.232018297704390133e-08
7.251417843692994935e-05
5.280144161660201355e-03
5.000652791464956166e-315
9.926034326918073969e-01
4.793208603537924982e-24
0.000000000000000000e+00
8.114163578499756614e-07
6.786238905302283529e-06
0.000000000000000000e+00
0.000000000000000000e+00
0.000000000000000000e+00
2.765791020804177962e-106
4.663242909934473546e-01
1.243396022081696972e-02
1.999552591662606960e-01
7.777378064950675853e-04
1.601093268985728177e-41
0.000000000000000000e+00
2.172067535967072867e-07
3.404220295428403431e-02
1.195903347467338639e-05
0.000000000000000000e+00
7.251493279029496038e-05
2.515931281384193511e-04
1.220019065047835832e-02
2.515948149105172167e-04
6.786226113096885000e-06
5.280337097122491871e-03
1.195901043368658397e-05
8.114164279192050828e-07
3.232018409496926124e-08
9.752597040526375660e-02
5.281131787620263821e-03
1.665197450374240277e-03
1.238747530293370265e-02
6.947135634524929937e-02
8.981053373049191043e-06
7.251585057302152723e-05
3.148027029918315827e-07
1.658615263042148014e-01
0.000000000000000000e+00
1.244240698402930209e-02
1.899060196189387656e-06
1.899059924908390798e-06
1.239290479484960079e-02
7.251479859928651689e-05
2.515701038103030783e-04
9.976488904206830294e-08
1.247154092082465929e-02
1.899060864874998875e-06
2.654354097424254655e-01
0.000000000000000000e+00
3.232018428057227208e-08
3.519661194141474048e-02
7.776647354122143748e-04
3.380632890510776312e-01
0.000000000000000000e+00
7.251460917436912835e-05
6.786240195061362181e-06
1.195904012650573908e-05
7.251616864724962975e-05
9.976488838021987931e-08
3.520449463647105232e-02
3.298077434035515121e-01
1.664560022229287463e-03
9.976488517118682777e-08
9.808377790014330411e-02
1.235643985236016366e-02
1.195903784816516745e-05
1.664905101495765078e-03
0.000000000000000000e+00
1.677848045339460081e-01
3.232018363560109242e-08
5.141028309176798317e-01
1.665204986217559214e-03
2.711004097128084830e-05
1.727236304362182728e-01
4.373363968445264649e-01
6.260751954921903728e-01
0.000000000000000000e+00
2.353965380363463715e-71
7.251566391472897210e-05
3.465068644535763859e-19
5.273777880186967908e-03
6.786243779794156937e-06
1.965066044982136505e-06
1.924056841189574524e-14
3.545433861642496159e-02
3.232018293878626198e-08
1.974124715354688975e-01
1.233728406185947285e-02
2.172067644678696184e-07
0.000000000000000000e+00
5.271625825402643205e-03
9.976488680022463972e-08
8.114164397343057749e-07
1.666256098055462912e-03
1.037624506801788499e-01
2.711005082530307906e-05
1.664679399778022824e-03
2.711005164742764692e-05
3.523596308277629485e-02
9.976488959776880755e-08
1.238052522381473119e-01
6.636604515400254750e-05
1.359879963254378658e-11
6.260149060360573419e-171
0.000000000000000000e+00
7.251395754510623682e-05
0.000000000000000000e+00
2.924580279396596927e-01
1.234444023389466918e-02
6.786244597606145483e-06
1.001768514970205332e-01
9.976488798282047547e-08
2.515764208708760647e-04
4.714201176024927498e-01
4.701451842029032435e-01
0.000000000000000000e+00
2.089774726377723925e-41
1.195899590127824824e-05
9.633312233366222999e-02
1.115527406899425918e-38
1.195907679836318263e-05
7.251718637764336393e-05
2.000636087355283088e-01
2.178921171038555091e-155
1.665586568467271236e-03
6.144531909011712312e-01
1.195908503712666300e-05
1.245375365492207287e-02
0.000000000000000000e+00
8.114163580292352558e-07
5.269582258811725609e-03
3.232018382408481598e-08
0.000000000000000000e+00
9.826630754324815198e-02
2.369316974743274876e-41
9.637255289182085349e-02
6.786245511238700612e-06
1.791404160289683245e-01
2.031736228469394057e-01
6.786229284014845374e-06
1.233798651551760300e-02
0.000000000000000000e+00
0.000000000000000000e+00
1.911981386530383631e-01
1.589401574952973461e-73
8.114166688332966992e-07
4.217720160254922906e-75
1.241480827027075830e-02
6.786225344819738116e-06
3.232018312364796679e-08
1.923293030719834540e-01
1.237819900824781681e-02
0.000000000000000000e+00
2.515973951682881713e-04
1.665416909083496707e-03
0.000000000000000000e+00
2.172067574615070256e-07
1.899060464850174700e-06
2.172067535473818847e-07
7.778890211057226710e-04
1.721411710479849588e-01
1.195906063326289299e-05
8.114163049990663969e-07
4.608503585817604331e-01
0.000000000000000000e+00
2.172067397968660447e-07
0.000000000000000000e+00
0.000000000000000000e+00
7.777264085425678996e-04
7.904708751621037797e-11
0.000000000000000000e+00
0.000000000000000000e+00
4.597925980586166377e-91
1.244794121331079147e-02
1.044191227859080223e-01
9.701348118158870104e-02
8.490187052712746317e-90
1.899059933891965486e-06
1.899059919871595775e-06
0.000000000000000000e+00
9.976489260450122159e-08
1.899061105677017551e-06
9.919383437007894821e-02
0.000000000000000000e+00
0.000000000000000000e+00
9.854499431607205429e-02
3.553111048383615633e-02
2.711040328259919907e-05
6.786231043164393410e-06
1.666109501932490616e-03
2.011796261822079157e-01
4.356385641004657393e-04
8.114166988233981692e-07
5.887933172355877539e-13
1.623174733669325021e-01
2.866566090590066951e-02
8.114165737878131205e-07
5.278149751517709383e-03
3.232018386791832764e-08
7.251534615689514635e-05
3.232018377512324776e-08
5.276522920976148279e-03
3.232018380924124518e-08
8.114164052362581136e-07
1.708102541899123028e-01
1.666107806401309448e-03
7.694107746363264555e-01
0.000000000000000000e+00
0.000000000000000000e+00
5.687109727656194244e-66
0.000000000000000000e+00
1.242204888171111708e-02
0.000000000000000000e+00
1.665922061543896300e-03
1.666165765665029259e-03
2.515808887032736779e-04
3.232018283767744785e-08
5.283526267971426493e-03
1.899061524820148475e-06
6.345443941645519573e-73
0.000000000000000000e+00
3.601929281044325554e-02
2.711025655502572474e-05
6.786235785354847547e-06
1.236136286943495012e-02
2.121393597748922636e-30
3.232018352817739619e-08
0.000000000000000000e+00
3.238172389786106876e-14
6.786233233277780314e-06
1.153583567901023858e-116
0.000000000000000000e+00
1.665241268246786359e-03
8.114164891052029396e-07
2.045958416098548092e-32
0.000000000000000000e+00
4.395584136860516641e-04
3.541726277311204457e-02
0.000000000000000000e+00
6.786238949355761538e-06
9.976489214532925339e-08
0.000000000000000000e+00
1.242694882169107298e-02
1.242755992737291405e-02
1.664613839080410305e-03
1.664090682214692252e-01
2.759340717522003675e-02
3.598559962359894338e-02
3.616041270386149281e-02
9.976488505400318118e-08
7.776891176867969675e-04
2.515732874278901353e-04
1.448771426587866224e-115
8.114165642942427543e-07
0.000000000000000000e+00
1.700558503522956771e-26
2.711024037639245577e-05
5.277054315297226468e-03
1.017962582256149301e-01
8.374230069404661192e-01
0.000000000000000000e+00
0.000000000000000000e+00
7.841496790361755093e-03
1.666306342496857258e-03
7.251518283932583916e-05
1.870468875056745250e-01
2.172067541785984339e-07
3.232018278850644410e-08
5.563368131274748496e-01
0.000000000000000000e+00
2.515928641488685371e-04
1.186544093918749827e-02
2.711047128158623510e-05
0.000000000000000000e+00
3.232018276529125625e-08
3.581196166263403424e-02
8.114162930111077738e-07
1.897451830413470208e-01
2.084595056638147897e-17
4.283829630110823230e-48
2.711009621469812782e-05
0.000000000000000000e+00
7.776431295231946410e-04
0.000000000000000000e+00
1.274147847090918023e-03
0.000000000000000000e+00
0.000000000000000000e+00
8.114163085206322390e-07
1.208938373491908046e-21
3.610650679302757765e-02
2.980855221904942261e-06
3.232018298418597726e-08
8.650531547260459785e-13
1.195899305113949497e-05
2.515955785032386051e-04
1.800569021355108237e-57
1.899061525959066223e-06
0.000000000000000000e+00
7.497178349248282054e-21
0.000000000000000000e+00
0.000000000000000000e+00
1.236246442407320720e-02
9.694527602049576057e-06
0.000000000000000000e+00
9.976488821655690116e-08
5.207478141374032032e-03
2.172067689890271943e-07
1.863261677863568277e-01
3.368226707378049298e-23
1.899060988852534105e-06
4.800830834414405690e-74
3.232018388153098090e-08
7.776230489871744159e-04
5.282993533596921573e-03
3.232018428562179282e-08
3.629000898040527541e-06
0.000000000000000000e+00
4.386728107918092862e-10
2.172067630946674541e-07
8.114164854032697959e-07
1.237857561929836710e-02
0.000000000000000000e+00
0.000000000000000000e+00
2.303518441748874102e-01
2.711040752897812979e-05
9.976489032326687350e-08
7.778059326923381957e-04
5.159178322378881187e-01
1.642514528286823587e-15
0.000000000000000000e+00
4.459380108053604103e-37
0.000000000000000000e+00
7.763596375541788444e-14
0.000000000000000000e+00
0.000000000000000000e+00
8.114167083857290818e-07
1.010628243946066693e-02
0.000000000000000000e+00
5.673934220835997945e-211
2.396512639938033437e-19
3.596253748835269437e-02
1.699593754827060654e-01
2.711041127932002813e-05
0.000000000000000000e+00
0.000000000000000000e+00
3.232018362773700031e-08
5.275588598328980437e-03
3.200891606947578161e-14
0.000000000000000000e+00
5.282823576230125974e-03
2.172067462576118087e-07
3.618843984448314594e-02
1.389684794483232455e-01
8.114164986097037366e-07
1.967737972020695866e-08
1.026243980364221070e-01
2.879135678942877882e-104
1.729990318078758471e-01
0.000000000000000000e+00
1.841151298656410196e-01
2.711041152206097510e-05
4.476876333267158781e-02
7.207875600382858199e-77
2.172067446772000274e-07
3.232018361669824856e-08
0.000000000000000000e+00
3.232018381741306171e-08
0.000000000000000000e+00
1.453328898997235073e-02
2.515906708609751651e-04
4.971222020276757081e-01
0.000000000000000000e+00
9.976488683133136885e-08
7.251598596061770792e-05
3.232018424287681115e-08
1.195903473024618056e-05
0.000000000000000000e+00
2.515721244925011972e-04
1.849176919685416032e-01
6.003411486551263332e-01
5.055819381403269253e-01
0.000000000000000000e+00
5.487503490349772575e-130
1.664553307347193308e-03
1.238083339309926402e-02
1.628108088009695698e-01
2.711050822216935180e-05
1.878085441149378810e-89
2.711024113928986432e-05
0.000000000000000000e+00
1.241682752536754641e-02
2.515955015396082036e-04
3.232018289868592232e-08
6.392953370498243304e-01
8.927862599048009288e-19
7.251399840146359661e-05
5.279083438153107065e-03
1.045151146112902746e-01
2.172067339779057629e-07
1.899060719363271335e-06
1.899060386170753832e-06
2.515816970875667767e-04
2.172067653834941026e-07
2.172067599060449320e-07
0.000000000000000000e+00
0.000000000000000000e+00
1.696562072890818174e-01
5.272773410985739061e-03
9.186439770028137707e-188
0.000000000000000000e+00
1.740727262625930694e-01
1.940119583885194232e-01
2.172067570619530347e-07
8.349565345308863906e-02
2.037925229580951643e-54
0.000000000000000000e+00
7.286804820243091667e-14
4.522798295807157832e-165
5.264726620525850276e-01
0.000000000000000000e+00
1.257563121553154084e-01
1.873148285760308229e-01
3.522274444675163596e-02
2.417310690949888979e-238
0.000000000000000000e+00
0.000000000000000000e+00
7.251450460263835071e-05
0.000000000000000000e+00
1.240094383411356055e-02
4.574699657691485011e-01
5.274520888729147122e-03
3.919517129415424073e-01
5.844956067206638628e-02
9.976488597664565097e-08
9.976488504593762758e-08
2.202933526076864684e-02
3.544452095649237161e-02
0.000000000000000000e+00
7.900139805156893909e-158
2.172067364380158141e-07
0.000000000000000000e+00
9.747537654926511665e-21
1.035438563265887871e-36
2.172067561600828832e-07
2.172067539748828014e-07
0.000000000000000000e+00
1.664677072882116615e-03
7.777486748230130970e-04
0.000000000000000000e+00
1.769503948144477701e-01
7.251679009190632329e-05
1.195900024867748938e-05
5.271886396543243487e-03
3.574607241784763523e-02
2.172067318908072371e-07
1.899061577102243245e-06
7.391028274595463408e-18
0.000000000000000000e+00
0.000000000000000000e+00
9.976488554094589218e-08
9.355027354219867859e-08
3.586035470273170322e-02
7.777814044302252703e-04
7.776084830055321083e-04
0.000000000000000000e+00
0.000000000000000000e+00
0.000000000000000000e+00
3.927732312710030538e-01
3.582946616039727611e-02
7.778063151154191368e-04
5.846106728414059983e-01
0.000000000000000000e+00
4.404889773281942564e-31
2.711041469693038991e-05
0.000000000000000000e+00
7.775761805167550646e-04
0.000000000000000000e+00
0.000000000000000000e+00
1.743054346233394725e-01
1.243987241539893512e-02
3.528387514168310896e-02
6.786238206106550208e-06
3.232018279655012043e-08
3.232018344994801399e-08
7.777952636463416995e-04
0.000000000000000000e+00
1.040780936595015610e-01
1.195906234154988793e-05
8.114166432152845354e-07
7.251581315670205415e-05
6.507627287285631112e-01
1.195900209873654763e-05
9.945535334783027481e-02
2.776512446920798732e-04
1.233877576880736647e-02
7.778496719774001013e-04
3.232018366116512910e-08
3.232018303120838929e-08
1.631673954819475025e-01
8.114165556385324980e-07
5.275980904474563381e-03
1.016560558919132190e-01
0.000000000000000000e+00
1.665021760478704784e-03
3.586894584737661956e-02
2.683545456032817910e-132
6.047933692171842628e-06
2.018924589811235404e-01
0.000000000000000000e+00
4.774793402575756018e-01
0.000000000000000000e+00
9.712901071268361664e-01
1.899061534121397998e-06
1.664658752250549895e-03
3.232018296248784527e-08
1.195905905878369343e-05
3.232018393908003384e-08
0.000000000000000000e+00
3.232018379429661938e-08
5.269700052030207825e-03
2.711028745691350354e-05
2.711033072539341106e-05
1.011300537882231555e-163
2.711013066296518844e-05
2.711007229324130532e-05
5.992062907924572803e-14
1.664612354067964827e-03
7.775759651314330737e-04
8.114165492254023206e-07
5.268974147275786238e-03
7.284783461313567516e-06
