  0.10000000E+001  0.16968338E+007 -0.61409638E+001 -0.99596082E+001
  0.10000000E+001  0.18185295E+006 -0.90258881E+000  0.58968897E+001
  0.10000000E+001  0.34349630E+006  0.94437056E+001 -0.44601702E+001
  0.10000000E+001  0.10337366E+006  0.57972665E+001  0.44595468E+001
  0.10000000E+001  0.20380901E+006  0.12588084E+001 -0.93306341E+001
  0.10000000E+001  0.32955721E+007 -0.12053294E+002 -0.69107040E+000
  0.10000000E+001  0.10749015E+007 -0.42561030E+001 -0.71568577E+001
  0.10000000E+001  0.43655669E+006  0.91738092E+001  0.18039481E+001
  0.10000000E+001  0.44974949E+007 -0.13975958E+002 -0.55559825E+001
  0.10000000E+001  0.32421849E+006 -0.24458146E+001  0.79396549E+001
  0.10000000E+001  0.29439274E+005  0.13742903E+001  0.57866164E+001
  0.10000000E+001  0.35521814E+003  0.37329435E+001  0.36691765E+000
  0.10000000E+001  0.39622343E+007  0.20634544E+002  0.27540719E+001
  0.10000000E+001  0.31211604E+005  0.99492057E+000  0.86125564E+001
  0.10000000E+001  0.59401414E+007 -0.16364073E+002 -0.79965628E+001
  0.10000000E+001  0.69166006E+006  0.99392694E+001  0.65198416E+001
  0.10000000E+001  0.17908133E+006  0.71373840E+001  0.15599953E+001
  0.10000000E+001  0.53445717E+007 -0.16241904E+002 -0.16383462E+001
  0.10000000E+001  0.44963510E+006 -0.32590197E+001  0.74108424E+001
  0.10000000E+001  0.40401370E+005  0.62412117E+001 -0.61643986E+001
  0.10000000E+001  0.47227535E+005  0.56088215E+001 -0.24876686E+000
  0.10000000E+001  0.79613306E+004  0.49277157E+001 -0.76023499E+001
  0.10000000E+001  0.15253968E+006  0.72951964E+001 -0.14217770E+001
  0.10000000E+001  0.26767769E+007 -0.10440654E+002 -0.10080578E+001
  0.10000000E+001  0.11050817E+007 -0.53064043E+001 -0.12049987E+001
  0.10000000E+001  0.17697550E+007 -0.71907280E+001 -0.47986436E+001
  0.10000000E+001  0.31688835E+007  0.18765850E+002  0.29696355E+001
  0.10000000E+001  0.10201363E+007 -0.44587036E+001 -0.43704468E+001
  0.10000000E+001  0.21589502E+006 -0.11748079E+001  0.54514250E+001
  0.10000000E+001  0.10256764E+006  0.22436662E+001 -0.81768482E+001
  0.10000000E+001  0.28849579E+007 -0.11125978E+002 -0.81244026E-001
  0.10000000E+001  0.10739828E+007 -0.59126419E+001  0.36829148E+001
  0.10000000E+001  0.58856391E+007 -0.16002782E+002 -0.97028620E+001
  0.10000000E+001  0.55004489E+007 -0.17147576E+002  0.24246726E+001
  0.10000000E+001  0.17237738E+005  0.55592041E+001 -0.61950548E+001
  0.10000000E+001  0.41628496E+006 -0.11526485E+001 -0.50944224E+001
  0.10000000E+001  0.70458227E+004  0.33780295E+001  0.59133866E+001
  0.10000000E+001  0.30557762E+007 -0.12447189E+002  0.58496761E+001
  0.10000000E+001  0.18804645E+005  0.22018916E+001  0.19267882E+001
  0.10000000E+001  0.55364417E+007 -0.17273452E+002  0.28177216E+001
  0.10000000E+001  0.13127134E+006  0.63807905E+001  0.30252502E+001
  0.10000000E+001  0.28905687E+005  0.36708548E+001  0.87986965E+001
  0.10000000E+001  0.13383510E+008 -0.28016890E+002 -0.14729890E+001
  0.10000000E+001  0.23183527E+007 -0.10683626E+002  0.72365671E+001
  0.10000000E+001  0.25647663E+006 -0.85847499E+000  0.81359575E+000
  0.10000000E+001  0.34235138E+007 -0.12094461E+002 -0.24237446E+001
  0.10000000E+001  0.75023564E+005  0.23262490E+001 -0.62548182E+001
  0.10000000E+001  0.16605403E+007 -0.80074792E+001  0.29642106E+001
  0.10000000E+001  0.62684263E+006  0.10282866E+002  0.20302181E+001
  0.10000000E+001  0.43319113E+004  0.27933858E+001  0.71428175E+001
  0.10000000E+001  0.34988495E+005  0.31329316E+001 -0.62714453E+001
  0.10000000E+001  0.65492052E+006  0.10535930E+002  0.13697453E+001
  0.10000000E+001  0.41175041E+004  0.33006549E+001  0.52504249E+001
  0.10000000E+001  0.13365284E+007 -0.74597008E+001  0.70855941E+001
  0.10000000E+001  0.16625501E+006  0.13571846E+001 -0.76162091E+001
  0.10000000E+001  0.11838962E+007 -0.67974445E+001  0.66207579E+001
  0.10000000E+001  0.27833693E+005  0.22325969E+001  0.41532970E-002
  0.10000000E+001  0.53618994E+007 -0.15175930E+002 -0.88109979E+001
  0.10000000E+001  0.31914572E+007 -0.12009360E+002  0.68575934E+000
  0.10000000E+001  0.47677891E+007 -0.15159444E+002 -0.13932735E+001
  0.10000000E+001  0.10223494E+007 -0.53087931E+001  0.11181586E+001
  0.10000000E+001  0.23867781E+007 -0.10237766E+002  0.29214153E+001
  0.10000000E+001  0.24306295E+007 -0.93045826E+001 -0.40430319E+001
  0.10000000E+001  0.13826701E+007 -0.68234502E+001  0.16292443E+001
  0.10000000E+001  0.27099140E+007  0.18262498E+002 -0.14507842E+001
  0.10000000E+001  0.21858504E+006  0.72464598E+001  0.33733485E+001
  0.10000000E+001  0.11434840E+007  0.13187354E+002 -0.11778004E+001
  0.10000000E+001  0.21818195E+007 -0.10312262E+002  0.74143961E+001
  0.10000000E+001  0.45967326E+007 -0.14193525E+002 -0.54620255E+001
  0.10000000E+001  0.90641589E+006  0.10878289E+002  0.72475255E+001
  0.10000000E+001  0.99778146E+005  0.25009148E+000  0.46099298E+001
  0.10000000E+001  0.10366427E+007 -0.49780579E+001 -0.14645362E+001
  0.10000000E+001  0.72802144E+006  0.11859650E+002 -0.49931319E+001
  0.10000000E+001  0.98571876E+005  0.12632466E+001 -0.20238081E+001
  0.10000000E+001  0.77412106E+005  0.54634543E+001  0.41697549E+001
  0.10000000E+001  0.14910159E+006  0.68387002E+000 -0.23609990E+001
  0.10000000E+001  0.16804082E+006  0.15771450E+001 -0.90112851E+001
  0.10000000E+001  0.20400463E+005  0.58747412E+001 -0.85057119E+001
  0.10000000E+001  0.15595919E+007 -0.59415611E+001 -0.82396331E+001
  0.10000000E+001  0.13569551E+007 -0.76504320E+001  0.78658050E+001
  0.10000000E+001  0.50854033E+006 -0.34713890E+001  0.62912963E+001
  0.10000000E+001  0.11629244E+007 -0.71009828E+001  0.92955455E+001
  0.10000000E+001  0.62463735E+006  0.10198121E+002  0.25074981E+001
  0.10000000E+001  0.40069385E+005  0.47166954E+001  0.45249865E+001
  0.10000000E+001  0.17131721E+005  0.56788490E+001 -0.77374718E+001
  0.10000000E+001  0.18342898E+007 -0.94702964E+001  0.89896772E+001
  0.10000000E+001  0.33185639E+006  0.76908132E+001  0.65882551E+001
  0.10000000E+001  0.26029227E+007 -0.98222545E+001 -0.37595675E+001
  0.10000000E+001  0.86421391E+006  0.10917418E+002  0.57384795E+001
  0.10000000E+001  0.15360895E+006  0.12692377E+001 -0.62610466E+001
  0.10000000E+001  0.10901986E+005  0.47103138E+001 -0.93986327E+000
  0.10000000E+001  0.10467241E+007 -0.65018158E+001  0.84957781E+001
  0.10000000E+001  0.12366533E+007 -0.62853544E+001  0.17545144E+001
  0.10000000E+001  0.13210476E+006 -0.20771233E+000  0.48921650E+001
  0.10000000E+001  0.46558672E+007 -0.15534823E+002  0.25836735E+001
  0.10000000E+001  0.11345801E+006  0.68988735E+000  0.36789082E+000
  0.10000000E+001  0.25870869E+007 -0.10337058E+002 -0.10051127E+000
  0.10000000E+001  0.13163033E+005  0.30771289E+001 -0.22892092E+001
  0.10000000E+001  0.85116789E+007 -0.22392887E+002  0.41072945E+001
  0.10000000E+001  0.20164006E+007 -0.94123762E+001  0.46975369E+001
  0.10000000E+001  0.10098442E+006  0.59573546E+001  0.32422514E+001
  0.10000000E+001  0.11894491E+007  0.12201274E+002  0.65295771E+001
  0.10000000E+001  0.10869379E+005  0.20188599E+001  0.56641028E+001
  0.10000000E+001  0.21592473E+006  0.71080472E+001  0.41016610E+001
  0.10000000E+001  0.37931775E+006  0.95950625E+001 -0.36933225E+001
  0.10000000E+001  0.68188032E+006 -0.32399468E+001 -0.18451298E+001
  0.10000000E+001  0.98886932E+006 -0.57226522E+001  0.48719139E+001
  0.10000000E+001  0.12472544E+007 -0.45140314E+001 -0.99500330E+001
  0.10000000E+001  0.40127591E+007 -0.12268713E+002 -0.99591018E+001
  0.10000000E+001  0.18376115E+007 -0.81584417E+001  0.83651065E-001
  0.10000000E+001  0.46877971E+007 -0.16629467E+002  0.95103990E+001
  0.10000000E+001  0.34122629E+005  0.37947479E+001 -0.94617440E+001
  0.10000000E+001  0.13842666E+007 -0.71239823E+001  0.35984326E+001
  0.10000000E+001  0.47775366E+006 -0.24963989E+001  0.98160924E+000
  0.10000000E+001  0.14553763E+007  0.13220989E+002  0.64758293E+001
  0.10000000E+001  0.11093935E+007 -0.51458600E+001 -0.23698305E+001
  0.10000000E+001  0.12576925E+006  0.58180103E+001  0.61326952E+001
  0.10000000E+001  0.44461086E+006 -0.18211130E+001 -0.20416174E+001
  0.10000000E+001  0.46881368E+005  0.62053590E+001 -0.46910967E+001
  0.10000000E+001  0.88585690E+007 -0.21057733E+002 -0.80819228E+001
  0.10000000E+001  0.18377054E+007 -0.69540548E+001 -0.77403265E+001
  0.10000000E+001  0.43928771E+006  0.91628217E+001  0.19949313E+001
  0.10000000E+001  0.11144023E+007 -0.55032845E+001 -0.16546267E+000
  0.10000000E+001  0.22969583E+006  0.70025018E+001  0.55800921E+001
  0.10000000E+001  0.47671671E+006  0.97207908E+001 -0.10763937E+000
  0.10000000E+001  0.19969092E+005  0.33658116E+001  0.88670134E+001
  0.10000000E+001  0.10375240E+007  0.11167233E+002  0.91131959E+001
  0.10000000E+001  0.40146194E+007 -0.13384597E+002 -0.27416961E+001
  0.10000000E+001  0.20311521E+007  0.15241428E+002  0.57637495E+001
  0.10000000E+001  0.77629337E+006  0.10173499E+002  0.77813178E+001
  0.10000000E+001  0.19302630E+007 -0.96593545E+001  0.81902546E+001
  0.10000000E+001  0.25515552E+007 -0.92233421E+001 -0.67363699E+001
  0.10000000E+001  0.37258464E+007 -0.12522613E+002 -0.41897030E+001
  0.10000000E+001  0.21506950E+007 -0.82082450E+001 -0.59113158E+001
  0.10000000E+001  0.28078806E+006  0.96006431E+001 -0.91918079E+001
  0.10000000E+001  0.13017060E+007  0.14239700E+002 -0.40692218E+001
  0.10000000E+001  0.41625450E+007  0.20099401E+002  0.90922433E+001
  0.10000000E+001  0.29066664E+007  0.18060549E+002  0.32905149E+001
  0.10000000E+001  0.29368124E+007 -0.12739928E+002  0.98748609E+001
  0.10000000E+001  0.36794149E+007 -0.12065648E+002 -0.64772241E+001
  0.10000000E+001  0.11805408E+007 -0.48685552E+001 -0.60299988E+001
  0.10000000E+001  0.12332554E+007 -0.44922690E+001 -0.97409172E+001
  0.10000000E+001  0.11491527E+006 -0.26977482E+000  0.68984554E+001
  0.10000000E+001  0.87441698E+006 -0.50084733E+001  0.35447786E+001
  0.10000000E+001  0.11860982E+007  0.12810855E+002  0.24715415E+001
  0.10000000E+001  0.52900345E+006 -0.14262428E+001 -0.78818640E+001
  0.10000000E+001  0.56511804E+006  0.10090929E+002  0.99162933E+000
  0.10000000E+001  0.12904358E+006 -0.44567736E-001  0.40079001E+001
  0.10000000E+001  0.29488648E+006 -0.12162488E+001  0.10673962E+001
  0.10000000E+001  0.47365642E+006 -0.10658143E+001 -0.79827039E+001
  0.10000000E+001  0.30305011E+006 -0.17790072E+001  0.44274909E+001
  0.10000000E+001  0.37535436E+006 -0.39778696E+000 -0.79943061E+001
  0.10000000E+001  0.47103773E+006 -0.14223515E+001 -0.56646488E+001
  0.10000000E+001  0.26121009E+007 -0.96636847E+001 -0.49523397E+001
  0.10000000E+001  0.17839200E+006  0.63063047E+001  0.67995934E+001
  0.10000000E+001  0.12434980E+007  0.13552079E+002 -0.94371217E+000
  0.10000000E+001  0.87194470E+006 -0.35551758E+001 -0.58842596E+001
  0.10000000E+001  0.16220677E+005  0.32463260E+001 -0.38562995E+001
  0.10000000E+001  0.47370200E+006  0.10807125E+002 -0.77710535E+001
  0.10000000E+001  0.83343050E+006 -0.48735800E+001  0.39410230E+001
  0.10000000E+001  0.16817495E+006  0.58413189E+001  0.89539375E+001
  0.10000000E+001  0.14587914E+005  0.55818464E+001 -0.83828167E+001
  0.10000000E+001  0.76658456E+005  0.60714935E+001  0.14851009E+000
  0.10000000E+001  0.59568040E+004  0.41381546E+001 -0.53416703E+001
  0.10000000E+001  0.23054043E+007 -0.10539447E+002  0.65106004E+001
  0.10000000E+001  0.53407963E+006 -0.12498125E+001 -0.91559181E+001
  0.10000000E+001  0.27054644E+006 -0.21680353E+001  0.90676659E+001
  0.10000000E+001  0.57044848E+006 -0.40399900E+001  0.76800194E+001
  0.10000000E+001  0.15985101E+007  0.15181985E+002 -0.31501210E+001
  0.10000000E+001  0.16556881E+006  0.56767158E+001  0.97593054E+001
  0.10000000E+001  0.49150258E+005  0.24333420E+001 -0.41589433E+001
  0.10000000E+001  0.39275360E+005  0.26401432E+001 -0.41264790E+001
  0.10000000E+001  0.27684315E+005  0.14053186E+001  0.59178632E+001
  0.10000000E+001  0.43877602E+007 -0.14942144E+002  0.23005647E+001
  0.10000000E+001  0.88710433E+006 -0.39327672E+001 -0.39223123E+001
  0.10000000E+001  0.11270277E+008 -0.25358077E+002 -0.16731890E+001
  0.10000000E+001  0.26497692E+006 -0.10693846E+001  0.17325619E+001
  0.10000000E+001  0.62342477E+007 -0.16620314E+002 -0.97092229E+001
  0.10000000E+001  0.48897004E+006  0.10731636E+002 -0.65421321E+001
  0.10000000E+001  0.19201539E+007 -0.83942743E+001 -0.94119008E-001
  0.10000000E+001  0.76058755E+006  0.11972175E+002 -0.46296736E+001
  0.10000000E+001  0.69998755E+006  0.10493410E+002  0.32211963E+001
  0.10000000E+001  0.14383523E+007 -0.68951766E+001  0.74762090E+000
  0.10000000E+001  0.28757784E+007  0.17032930E+002  0.94680959E+001
  0.10000000E+001  0.91212545E+005  0.72472159E+001 -0.68024575E+001
  0.10000000E+001  0.48234499E+007 -0.15771854E+002  0.19260529E+001
  0.10000000E+001  0.46556305E+007 -0.16002181E+002  0.57130122E+001
  0.10000000E+001  0.83785980E+005  0.70821157E+001 -0.63967651E+001
  0.10000000E+001  0.30478844E+007 -0.11248728E+002 -0.19913467E+001
  0.10000000E+001  0.14063380E+006 -0.73919227E+000  0.80099345E+001
  0.10000000E+001  0.75964935E+007 -0.20873108E+002  0.33589144E+001
  0.10000000E+001  0.23333849E+006  0.79776383E+001 -0.56221466E+000
  0.10000000E+001  0.14676483E+006  0.56135696E+001  0.88786231E+001
  0.10000000E+001  0.43421672E+006 -0.34254561E+001  0.93134220E+001
  0.10000000E+001  0.18031092E+007 -0.78551719E+001 -0.11788352E+001
  0.10000000E+001  0.11851205E+007 -0.72776697E+001  0.99008107E+001
  0.10000000E+001  0.54645613E+005  0.41284317E+001  0.96045552E+001
  0.10000000E+001  0.35490858E+006 -0.29276209E+001  0.97385322E+001
  0.10000000E+001  0.23515058E+006 -0.66613250E+000  0.78336509E+000
  0.10000000E+001  0.21288484E+006  0.68690526E+001  0.54339714E+001
  0.10000000E+001  0.13337148E+006  0.70993272E+001 -0.16022206E+001
  0.10000000E+001  0.12787510E+007 -0.75224937E+001  0.90373635E+001
  0.10000000E+001  0.28420140E+007 -0.11074909E+002  0.31313756E+000
  0.10000000E+001  0.27331433E+007 -0.97471925E+001 -0.65051573E+001
  0.10000000E+001  0.20983860E+007 -0.86516151E+001 -0.20104661E+001
  0.10000000E+001  0.67024614E+006  0.12109705E+002 -0.88830235E+001
  0.10000000E+001  0.12553916E+007  0.14476178E+002 -0.69234565E+001
  0.10000000E+001  0.56479202E+005  0.26149236E+001 -0.60186631E+001
  0.10000000E+001  0.31866418E+006 -0.24707563E+001  0.84270756E+001
  0.10000000E+001  0.23976906E+007 -0.84652707E+001 -0.88585281E+001
  0.10000000E+001  0.60113527E+005  0.60971231E+001 -0.19608616E+001
  0.10000000E+001  0.30189195E+006 -0.93420239E+000 -0.11478618E+001
  0.10000000E+001  0.27106196E+006  0.91229659E+001 -0.62748528E+001
  0.10000000E+001  0.30816703E+007 -0.11215725E+002 -0.27599676E+001
  0.10000000E+001  0.50830715E+006 -0.17369381E+001 -0.51545893E+001
  0.10000000E+001  0.39716962E+006  0.86420356E+001  0.35394529E+001
  0.10000000E+001  0.74480721E+006  0.12478269E+002 -0.87325589E+001
  0.10000000E+001  0.79893819E+006  0.11964869E+002 -0.32764380E+001
  0.10000000E+001  0.48476302E+004  0.37416749E+001 -0.33824911E+001
  0.10000000E+001  0.29278337E+006  0.77587479E+001  0.42141424E+001
  0.10000000E+001  0.25269643E+007 -0.10856056E+002  0.44485221E+001
  0.10000000E+001  0.90008185E+006 -0.42112009E+001 -0.25110054E+001
  0.10000000E+001  0.24273138E+007 -0.92492099E+001 -0.43427514E+001
  0.10000000E+001  0.61079975E+006 -0.35091228E+001  0.24768245E+001
  0.10000000E+001  0.62318781E+004  0.45490947E+001 -0.65289367E+001
  0.10000000E+001  0.24988687E+006  0.83551997E+001 -0.21366798E+001
  0.10000000E+001  0.13665073E+007 -0.68948602E+001  0.25062119E+001
  0.10000000E+001  0.42146778E+006 -0.12518743E+001 -0.46910615E+001
  0.10000000E+001  0.34367678E+004  0.25246990E+001  0.59094212E+001
  0.10000000E+001  0.27994035E+007 -0.10742603E+002 -0.11491125E+001
  0.10000000E+001  0.56215721E+006  0.10310378E+002 -0.58927063E+000
  0.10000000E+001  0.54279856E+005  0.61584094E+001 -0.31966106E+001
  0.10000000E+001  0.34714889E+006 -0.29022196E+001  0.99741488E+001
  0.10000000E+001  0.15594582E+007 -0.68695174E+001 -0.22598698E+001
  0.10000000E+001  0.14993922E+007 -0.69919756E+001 -0.65057252E-001
  0.10000000E+001  0.91706124E+006  0.12065428E+002 -0.19262422E+000
  0.10000000E+001  0.55141628E+006 -0.41113340E+001  0.89656145E+001
  0.10000000E+001  0.27717779E+007 -0.93716158E+001 -0.95721478E+001
  0.10000000E+001  0.23107361E+005  0.45642906E+001  0.28552764E+001
  0.10000000E+001  0.18683849E+007  0.15207475E+002  0.26543403E+001
  0.10000000E+001  0.43078650E+006  0.82927952E+001  0.72278533E+001
  0.10000000E+001  0.10323479E+007  0.12312872E+002  0.15516694E+001
  0.10000000E+001  0.85130585E+006 -0.36352482E+001 -0.47539980E+001
  0.10000000E+001  0.25986570E+007  0.17710474E+002  0.24473871E+000
  0.10000000E+001  0.69051365E+006 -0.32166415E+001 -0.22915750E+001
  0.10000000E+001  0.41982578E+004  0.31303050E+001  0.59858946E+001
  0.10000000E+001  0.49619787E+007 -0.15369818E+002 -0.25368540E+001
  0.10000000E+001  0.20696463E+006  0.62551954E+001  0.88595918E+001
  0.10000000E+001  0.17521235E+006  0.86181219E+001 -0.92973823E+001
  0.10000000E+001  0.21516948E+006  0.82390755E+001 -0.35262981E+001
  0.10000000E+001  0.58514150E+007 -0.17056833E+002 -0.24283010E+001
  0.10000000E+001  0.19552666E+007 -0.94847934E+001  0.64672926E+001
  0.10000000E+001  0.15795593E+007 -0.81123624E+001  0.55396893E+001
  0.10000000E+001  0.29913079E+007  0.17963623E+002  0.53376859E+001
  0.10000000E+001  0.16634522E+006  0.61323964E+001  0.70808185E+001
  0.10000000E+001  0.55726159E+005  0.29088851E+001 -0.75519129E+001
  0.10000000E+001  0.10873551E+006  0.51581542E+001  0.87498818E+001
  0.10000000E+001  0.51801834E+007  0.23278892E+002  0.17399563E+001
  0.10000000E+001  0.12453367E+007  0.12926777E+002  0.32505384E+001
  0.10000000E+001  0.10651419E+007 -0.40102551E+001 -0.84480423E+001
  0.10000000E+001  0.96097656E+003  0.32025510E+001  0.15555343E+001
  0.10000000E+001  0.13089758E+007 -0.72179565E+001  0.61497625E+001
  0.10000000E+001  0.21287676E+006 -0.12373901E+001  0.60946656E+001
  0.10000000E+001  0.18319915E+007  0.16536582E+002 -0.70762425E+001
  0.10000000E+001  0.74817113E+007 -0.21543264E+002  0.90770966E+001
  0.10000000E+001  0.72919024E+006  0.11113372E+002  0.12132616E+000
  0.10000000E+001  0.11653118E+006  0.18029574E+001 -0.67458762E+001
  0.10000000E+001  0.23473828E+006  0.90786754E+001 -0.83065854E+001
  0.10000000E+001  0.21648983E+006  0.63064643E+000 -0.63315167E+001
  0.10000000E+001  0.29828942E+007  0.18550258E+002  0.13359384E+001
  0.10000000E+001  0.85305651E+006 -0.47681090E+001  0.26039726E+001
  0.10000000E+001  0.47589625E+007 -0.16706723E+002  0.90646308E+001
  0.10000000E+001  0.36758950E+005  0.45608966E+001  0.50055035E+001
  0.10000000E+001  0.80386035E+005 -0.11830206E+000  0.95762821E+001
  0.10000000E+001  0.23245644E+007 -0.10404470E+002  0.52269323E+001
  0.10000000E+001  0.38823032E+007 -0.14367121E+002  0.57131389E+001
  0.10000000E+001  0.65625476E+007  0.26742603E+002 -0.47350916E+001
  0.10000000E+001  0.78001990E+007  0.27440909E+002  0.40411337E+001
  0.10000000E+001  0.92703888E+006 -0.39577433E+001 -0.49377107E+001
  0.10000000E+001  0.14932161E+005  0.36477023E+001 -0.56201847E+001
  0.10000000E+001  0.51998997E+006 -0.15440692E+001 -0.68113560E+001
  0.10000000E+001  0.32414117E+007 -0.13258689E+002  0.82501476E+001
  0.10000000E+001  0.33910008E+006 -0.18303715E+001  0.28826151E+001
  0.10000000E+001  0.75762849E+006 -0.36983507E+001 -0.13992601E+001
  0.10000000E+001  0.10638608E+007 -0.60711997E+001  0.50434711E+001
  0.10000000E+001  0.91503515E+006 -0.39197134E+001 -0.48311597E+001
  0.10000000E+001  0.13598324E+007 -0.77986208E+001  0.88118171E+001
  0.10000000E+001  0.20849925E+007 -0.78121035E+001 -0.71909725E+001
  0.10000000E+001  0.22087050E+007 -0.99558722E+001  0.44682058E+001
  0.10000000E+001  0.10500412E+005  0.29805363E+001 -0.10958474E+001
  0.10000000E+001  0.30916383E+007 -0.12750894E+002  0.72985753E+001
  0.10000000E+001  0.27454199E+007 -0.99328090E+001 -0.55137996E+001
  0.10000000E+001  0.41058533E+007 -0.14402852E+002  0.26844312E+001
  0.10000000E+001  0.88145778E+005  0.53171703E+001  0.60742521E+001
  0.10000000E+001  0.77231292E+005  0.52385836E+001  0.55330056E+001
  0.10000000E+001  0.20147680E+007 -0.79204430E+001 -0.51127448E+001
  0.10000000E+001  0.73168626E+005 -0.32383723E-002  0.96139557E+001
  0.10000000E+001  0.25364747E+007 -0.11108091E+002  0.59704405E+001
  0.10000000E+001  0.10093057E+006  0.56363117E+001  0.52492207E+001
  0.10000000E+001  0.14368086E+006  0.52206878E+000 -0.93653367E+000
  0.10000000E+001  0.15785454E+006  0.59753425E+000 -0.24340742E+001
  0.10000000E+001  0.45350642E+006  0.84488750E+001  0.71880521E+001
  0.10000000E+001  0.13699112E+007 -0.68898061E+001  0.23876532E+001
  0.10000000E+001  0.76340524E+007 -0.20391197E+002 -0.23524025E+000
  0.10000000E+001  0.88283879E+005  0.21485205E+001 -0.64407748E+001
  0.10000000E+001  0.32481379E+006  0.85026619E+001  0.10014574E+001
  0.10000000E+001  0.16125093E+006  0.61387346E+001  0.67026345E+001
  0.10000000E+001  0.30838301E+007 -0.10442600E+002 -0.78159203E+001
  0.10000000E+001  0.20295869E+007 -0.82863733E+001 -0.30316720E+001
  0.10000000E+001  0.12483487E+007 -0.68622706E+001  0.53236185E+001
  0.10000000E+001  0.41102441E+006 -0.23736944E+001  0.30852541E+001
  0.10000000E+001  0.67481050E+007 -0.17896083E+002 -0.71453574E+001
  0.10000000E+001  0.43942803E+005  0.31170817E+001 -0.73260579E+001
  0.10000000E+001  0.10684565E+007 -0.53325932E+001 -0.25633327E-001
  0.10000000E+001  0.37991261E+006  0.80479580E+001  0.65637488E+001
  0.10000000E+001  0.33483459E+007  0.18791635E+002  0.56485716E+001
  0.10000000E+001  0.31241404E+006 -0.10975634E+001 -0.62519238E+000
  0.10000000E+001  0.23731276E+006  0.69767411E+001  0.61748373E+001
  0.10000000E+001  0.19882870E+006 -0.71876964E+000  0.34271871E+001
  0.10000000E+001  0.23378099E+007 -0.86134357E+001 -0.68172165E+001
  0.10000000E+001  0.28469876E+006 -0.21670679E+000 -0.48216744E+001
  0.10000000E+001  0.28616587E+006  0.46223119E+000 -0.90298796E+001
  0.10000000E+001  0.55985869E+006 -0.18922447E+001 -0.61229484E+001
  0.10000000E+001  0.31891958E+005  0.12377273E+001  0.63702827E+001
  0.10000000E+001  0.18260841E+007 -0.67874737E+001 -0.85631179E+001
  0.10000000E+001  0.76288380E+005  0.10288981E+001  0.16298479E+001
  0.10000000E+001  0.16604239E+007  0.14523663E+002  0.26568743E+001
  0.10000000E+001  0.23875780E+006 -0.14787547E+001  0.61103432E+001
  0.10000000E+001  0.98636899E+006 -0.34945269E+001 -0.95416948E+001
  0.10000000E+001  0.23051588E+006  0.19004800E+000 -0.44309743E+001
  0.10000000E+001  0.92419701E+006 -0.38407956E+001 -0.56019061E+001
  0.10000000E+001  0.14492159E+004  0.41038219E+001 -0.24194351E+001
  0.10000000E+001  0.11594431E+007 -0.69417031E+001  0.82904350E+001
  0.10000000E+001  0.73159540E+005  0.29339548E+001 -0.94250698E+001
  0.10000000E+001  0.12867801E+006  0.68413667E+001 -0.22216061E+000
  0.10000000E+001  0.10487457E+006  0.73409522E+001 -0.60050061E+001
  0.10000000E+001  0.13088093E+007  0.13977540E+002 -0.21079250E+001
  0.10000000E+001  0.73471926E+006  0.10556995E+002  0.39738486E+001
  0.10000000E+001  0.10499471E+007  0.12523846E+002  0.65144680E+000
  0.10000000E+001  0.20226411E+007 -0.74579237E+001 -0.82407307E+001
  0.10000000E+001  0.24529030E+004  0.35259556E+001 -0.13486550E+001
  0.10000000E+001  0.40247858E+006 -0.11381353E+001 -0.45909013E+001
  0.10000000E+001  0.14167495E+007 -0.79779999E+001  0.85922328E+001
  0.10000000E+001  0.20058293E+005  0.40256125E+001  0.54757251E+001
  0.10000000E+001  0.10101165E+006  0.49292712E+001  0.94496106E+001
  0.10000000E+001  0.30230842E+005  0.47210795E+001  0.30776168E+001
  0.10000000E+001  0.13102814E+007 -0.60106265E+001 -0.19339825E+001
  0.10000000E+001  0.45296628E+006 -0.25830912E+001  0.26185925E+001
  0.10000000E+001  0.27958563E+007 -0.10271258E+002 -0.41743763E+001
  0.10000000E+001  0.20352521E+007 -0.91137450E+001  0.23094721E+001
  0.10000000E+001  0.42922975E+006 -0.11573712E+001 -0.56119783E+001
  0.10000000E+001  0.17527504E+006  0.73550272E+001 -0.15497908E+000
  0.10000000E+001  0.10751945E+007 -0.60140622E+001  0.43325560E+001
  0.10000000E+001  0.33903248E+005  0.48847759E+001  0.26166539E+001
  0.10000000E+001  0.13670372E+007 -0.68504459E+001  0.21965216E+001
  0.10000000E+001  0.82126527E+006 -0.44397452E+001  0.14246252E+001
  0.10000000E+001  0.36945169E+006 -0.12191382E+001 -0.25984520E+001
  0.10000000E+001  0.70402049E+007 -0.18171591E+002 -0.85121639E+001
  0.10000000E+001  0.94281578E+004  0.27651665E+001  0.51614583E+000
  0.10000000E+001  0.25573949E+006 -0.20679934E+001  0.92693624E+001
  0.10000000E+001  0.93839349E+006  0.11703420E+002  0.28454975E+001
  0.10000000E+001  0.15818316E+007 -0.87565495E+001  0.98954334E+001
  0.10000000E+001  0.16045868E+007 -0.83751630E+001  0.67365225E+001
  0.10000000E+001  0.20366444E+006 -0.12380311E+001  0.67313788E+001
  0.10000000E+001  0.48187744E+006 -0.14390274E+001 -0.59915607E+001
  0.10000000E+001  0.40748045E+004  0.37277122E+001 -0.30210366E+001
  0.10000000E+001  0.57803831E+005  0.63549307E+000  0.66995099E+001
  0.10000000E+001  0.79162617E+006  0.11880092E+002 -0.29424013E+001
  0.10000000E+001  0.90043745E+005  0.17114357E+001 -0.40248225E+001
  0.10000000E+001  0.15888176E+005  0.56478940E+001 -0.82313364E+001
  0.10000000E+001  0.23386643E+007 -0.10796408E+002  0.76081775E+001
  0.10000000E+001  0.53103722E+006 -0.39722261E+001  0.88415304E+001
  0.10000000E+001  0.18191658E+007 -0.89066843E+001  0.54815129E+001
  0.10000000E+001  0.25458218E+006  0.14217384E+000 -0.54643722E+001
  0.10000000E+001  0.43586612E+005  0.57263643E+001 -0.16023988E+001
  0.10000000E+001  0.52558371E+003  0.38412478E+001 -0.74631370E+000
  0.10000000E+001  0.10852650E+007 -0.68747489E+001  0.99533531E+001
  0.10000000E+001  0.29905983E+007 -0.12118840E+002  0.47411137E+001
  0.10000000E+001  0.17750894E+007 -0.65275739E+001 -0.91581258E+001
  0.10000000E+001  0.96936308E+004  0.27689098E+001  0.91775017E+001
  0.10000000E+001  0.43708736E+006 -0.11692875E+001 -0.58649069E+001
  0.10000000E+001  0.99919172E+007 -0.25234306E+002  0.89076921E+001
  0.10000000E+001  0.82881292E+006  0.13034423E+002 -0.97292611E+001
  0.10000000E+001  0.13824085E+006  0.60641457E+001  0.55483502E+001
  0.10000000E+001  0.20809297E+007 -0.10063470E+002  0.77757224E+001
  0.10000000E+001  0.29734034E+007 -0.12346470E+002  0.65676920E+001
  0.10000000E+001  0.12979279E+007 -0.64105779E+001  0.10085867E+001
  0.10000000E+001  0.21909542E+007 -0.77352887E+001 -0.97059539E+001
  0.10000000E+001  0.39906230E+006 -0.21826401E+001  0.23511764E+001
  0.10000000E+001  0.14433669E+005  0.35623066E+001  0.68430400E+001
  0.10000000E+001  0.88568482E+005  0.23245862E+001 -0.74675860E+001
  0.10000000E+001  0.27158365E+006  0.68190521E+001  0.89911983E+001
  0.10000000E+001  0.50766719E+006 -0.26112782E+001  0.51133964E+000
  0.10000000E+001  0.19808882E+006  0.11489395E+001 -0.83534231E+001
  0.10000000E+001  0.13520086E+005  0.53183890E+001 -0.52987734E+001
  0.10000000E+001  0.84745036E+006 -0.51267825E+001  0.52058628E+001
  0.10000000E+001  0.59194299E+004  0.36889509E+001  0.40067384E+001
  0.10000000E+001  0.72544875E+006  0.12165231E+002 -0.72187003E+001
  0.10000000E+001  0.15792877E+007 -0.62504559E+001 -0.67084250E+001
  0.10000000E+001  0.14937865E+005  0.54374245E+001 -0.59173863E+001
  0.10000000E+001  0.32711663E+006 -0.24753553E+001  0.79911796E+001
  0.10000000E+001  0.16912652E+006  0.14623189E+001 -0.84147829E+001
  0.10000000E+001  0.28174541E+006  0.44441838E+000 -0.87036904E+001
  0.10000000E+001  0.44669148E+007 -0.13747585E+002 -0.66311240E+001
  0.10000000E+001  0.17897339E+007 -0.77797764E+001 -0.13879156E+001
  0.10000000E+001  0.32648639E+006 -0.22962464E+001  0.67549148E+001
  0.10000000E+001  0.10427276E+005  0.49034821E+001 -0.88781623E+001
  0.10000000E+001  0.57634900E+006 -0.20525587E+001 -0.57178615E+001
  0.10000000E+001  0.12545564E+007  0.13330669E+002  0.82210417E+000
  0.10000000E+001  0.50397329E+006 -0.32685959E+001  0.50864791E+001
  0.10000000E+001  0.24928395E+006 -0.17165336E+001  0.71345083E+001
  0.10000000E+001  0.73448364E+004  0.35552037E+001  0.51433723E+001
  0.10000000E+001  0.37490449E+007 -0.14644888E+002  0.96082836E+001
  0.10000000E+001  0.50343760E+006 -0.30516229E+001  0.36296899E+001
  0.10000000E+001  0.75099219E+006 -0.47039844E+001  0.55385991E+001
  0.10000000E+001  0.24831378E+006  0.78136042E+001  0.14254598E+001
  0.10000000E+001  0.12805744E+006  0.77497055E+001 -0.68021403E+001
  0.10000000E+001  0.13342778E+007 -0.57049249E+001 -0.45094000E+001
  0.10000000E+001  0.73741134E+005  0.62217630E+001 -0.12043136E+001
  0.10000000E+001  0.46452200E+007  0.21259852E+002  0.80792339E+001
  0.10000000E+001  0.33366481E+006 -0.16088148E+001  0.16697783E+001
  0.10000000E+001  0.47431286E+006 -0.17456218E+001 -0.37538355E+001
  0.10000000E+001  0.21025609E+007  0.16277265E+002  0.37417467E+000
  0.10000000E+001  0.19697229E+006 -0.11125975E+001  0.63049005E+001
  0.10000000E+001  0.89088156E+005  0.48490836E-001  0.72125179E+001
  0.10000000E+001  0.81730705E+006 -0.49915003E+001  0.52674315E+001
  0.10000000E+001  0.19705202E+007 -0.88800044E+001  0.20818001E+001
  0.10000000E+001  0.20416782E+006 -0.11078963E+001  0.57707531E+001
  0.10000000E+001  0.47692529E+005  0.19915341E+001 -0.13285769E+001
  0.10000000E+001  0.11779237E+007  0.14238054E+002 -0.74038566E+001
  0.10000000E+001  0.78413107E+006 -0.47263272E+001  0.45649342E+001
  0.10000000E+001  0.25142020E+006  0.39318038E+000 -0.68287481E+001
  0.10000000E+001  0.12340028E+007 -0.63101209E+001  0.19887833E+001
  0.10000000E+001  0.11389513E+007  0.11708084E+002  0.83798002E+001
  0.10000000E+001  0.13125838E+006  0.15405881E+001 -0.63052301E+001
  0.10000000E+001  0.64341068E+007 -0.17537329E+002 -0.60036598E+001
  0.10000000E+001  0.63089115E+007 -0.17410422E+002 -0.54187871E+001
  0.10000000E+001  0.26048754E+007  0.16980991E+002  0.51663505E+001
  0.10000000E+001  0.66391242E+007 -0.19236005E+002  0.28887406E+001
  0.10000000E+001  0.37195978E+006  0.98978759E+001 -0.61970501E+001
  0.10000000E+001  0.60697259E+007 -0.16519456E+002 -0.84864421E+001
  0.10000000E+001  0.25476571E+007 -0.11666812E+002  0.95618312E+001
  0.10000000E+001  0.50266082E+007  0.22404873E+002  0.55447095E+001
  0.10000000E+001  0.66322591E+006  0.11485687E+002 -0.47576459E+001
  0.10000000E+001  0.35792644E+007 -0.12517851E+002 -0.20288372E+001
  0.10000000E+001  0.12357599E+007  0.13548704E+002 -0.11245428E+001
  0.10000000E+001  0.23143191E+005  0.40074042E+001 -0.87817791E+001
  0.10000000E+001  0.64521733E+007 -0.17057386E+002 -0.93259891E+001
  0.10000000E+001  0.82033542E+006 -0.45095948E+001  0.19195203E+001
  0.10000000E+001  0.23118884E+006  0.64436112E+001  0.91060105E+001
  0.10000000E+001  0.37313207E+006 -0.95309361E+000 -0.44555557E+001
  0.10000000E+001  0.12494487E+005  0.47659759E+001 -0.86368794E+000
  0.10000000E+001  0.39358243E+007  0.19675821E+002  0.86485145E+001
  0.10000000E+001  0.27893981E+007 -0.98934949E+001 -0.65152304E+001
  0.10000000E+001  0.44305513E+007 -0.13546147E+002 -0.74494399E+001
  0.10000000E+001  0.27349293E+006  0.52605282E+000 -0.87755209E+001
  0.10000000E+001  0.15951367E+007 -0.84018994E+001  0.71413431E+001
  0.10000000E+001  0.50987374E+006  0.10864064E+002 -0.65603892E+001
  0.10000000E+001  0.48288925E+006  0.11000669E+002 -0.87448689E+001
  0.10000000E+001  0.33247948E+007  0.19897620E+002 -0.20435106E+001
  0.10000000E+001  0.24666842E+006  0.93335803E+001 -0.94130168E+001
  0.10000000E+001  0.29837232E+005  0.59630029E+001 -0.60795619E+001
  0.10000000E+001  0.17788484E+006  0.71360530E+001  0.14872577E+001
  0.10000000E+001  0.95984462E+005  0.75607592E+001 -0.87587656E+001
  0.10000000E+001  0.50788092E+005  0.65460179E+001 -0.68199747E+001
  0.10000000E+001  0.94443647E+006 -0.46404249E+001 -0.10273308E+001
  0.10000000E+001  0.45923690E+007 -0.14036254E+002 -0.64276662E+001
  0.10000000E+001  0.19717027E+006  0.81388238E+001 -0.40493121E+001
  0.10000000E+001  0.12613786E+006 -0.77599982E+000  0.96391409E+001
  0.10000000E+001  0.19634018E+007  0.14843817E+002  0.69859016E+001
  0.10000000E+001  0.24341666E+006 -0.14572607E+001  0.56661233E+001
  0.10000000E+001  0.90276902E+004  0.45511749E+001 -0.76686775E+001
  0.10000000E+001  0.11963207E+008 -0.26558593E+002  0.39954653E+000
  0.10000000E+001  0.24385957E+005  0.22679661E+001  0.37787067E+000
  0.10000000E+001  0.23051730E+007 -0.99568843E+001  0.25982790E+001
  0.10000000E+001  0.25839154E+004  0.42314415E+001 -0.10928939E+001
  0.10000000E+001  0.13706971E+007  0.12806438E+002  0.71424516E+001
  0.10000000E+001  0.82588986E+006  0.10275185E+002  0.86740687E+001
  0.10000000E+001  0.37464999E+007 -0.13024962E+002 -0.12011991E+001
  0.10000000E+001  0.95872632E+006 -0.43833242E+001 -0.31171095E+001
  0.10000000E+001  0.95636716E+006 -0.56226602E+001  0.51702694E+001
  0.10000000E+001  0.34941754E+006 -0.39604870E+000 -0.68423071E+001
  0.10000000E+001  0.86534468E+005 -0.38428298E-001  0.81746079E+001
  0.10000000E+001  0.50380793E+005  0.13505164E+001  0.25188447E+001
  0.10000000E+001  0.11338344E+007 -0.61985514E+001  0.39338416E+001
  0.10000000E+001  0.11310944E+006  0.23427430E+001 -0.95530849E+001
  0.10000000E+001  0.20265941E+005  0.45816941E+001  0.22134961E+001
  0.10000000E+001  0.14454169E+007 -0.67703709E+001 -0.24642894E+000
  0.10000000E+001  0.17348465E+007  0.14981379E+002  0.12794050E+001
  0.10000000E+001  0.38220392E+007 -0.13166189E+002 -0.13869704E+001
  0.10000000E+001  0.18895921E+005  0.44120750E+001  0.30016845E+001
  0.10000000E+001  0.48557419E+006 -0.15502657E+001 -0.54401679E+001
  0.10000000E+001  0.16049215E+007 -0.73731758E+001  0.11223886E-001
  0.10000000E+001  0.22268291E+007  0.17882684E+002 -0.79920599E+001
  0.10000000E+001  0.26003499E+005  0.54966258E+001 -0.30517426E+001
  0.10000000E+001  0.96971186E+005  0.56034050E+001  0.51104565E+001
  0.10000000E+001  0.46568462E+005  0.59631764E+001 -0.28804339E+001
  0.10000000E+001  0.44259925E+007 -0.13231044E+002 -0.94242484E+001
  0.10000000E+001  0.35633863E+006 -0.17773777E+001  0.16702973E+001
  0.10000000E+001  0.12400098E+007  0.13048669E+002  0.23120151E+001
  0.10000000E+001  0.27022980E+006 -0.20611725E+001  0.83109622E+001
  0.10000000E+001  0.64426164E+007 -0.17419422E+002 -0.68677995E+001
  0.10000000E+001  0.35324255E+007 -0.14050270E+002  0.89360806E+001
  0.10000000E+001  0.47302812E+007 -0.15292875E+002 -0.16719888E-001
  0.10000000E+001  0.91179566E+005  0.26166314E+001 -0.93094574E+001
  0.10000000E+001  0.63356748E+007 -0.18791172E+002  0.33886601E+001
  0.10000000E+001  0.63379626E+005  0.52082420E+001  0.43076187E+001
  0.10000000E+001  0.75555955E+004  0.49997295E+001 -0.58179241E+001
  0.10000000E+001  0.12312699E+007  0.12704019E+002  0.43465419E+001
  0.10000000E+001  0.17058134E+006  0.10465060E+001 -0.60481819E+001
  0.10000000E+001  0.11597336E+008 -0.25692981E+002 -0.22480123E+001
  0.10000000E+001  0.93012581E+007 -0.21461549E+002 -0.96276731E+001
  0.10000000E+001  0.16851489E+006 -0.11281970E+001  0.85591155E+001
  0.10000000E+001  0.37326466E+007  0.20986667E+002 -0.29908382E+001
  0.10000000E+001  0.12050057E+006  0.22852594E+001 -0.97867038E+001
  0.10000000E+001  0.20970544E+007  0.17129725E+002 -0.54770627E+001
  0.10000000E+001  0.77492002E+006 -0.41884471E+001  0.12590703E+001
  0.10000000E+001  0.20161375E+006 -0.66217162E+000  0.28559848E+001
  0.10000000E+001  0.11101634E+007 -0.41630089E+001 -0.86772139E+001
  0.10000000E+001  0.10823649E+005  0.29119463E+001 -0.77239251E+000
  0.10000000E+001  0.25042448E+006  0.62322181E+000 -0.81600410E+001
  0.10000000E+001  0.22723398E+006  0.70220544E+001  0.53149054E+001
  0.10000000E+001  0.67128259E+007 -0.20293512E+002  0.91478940E+001
  0.10000000E+001  0.32626274E+006  0.23902032E+000 -0.96202186E+001
  0.10000000E+001  0.16816250E+007  0.14344731E+002  0.43007364E+001
  0.10000000E+001  0.34735978E+006 -0.59525708E-001 -0.87969080E+001
  0.10000000E+001  0.44875556E+007 -0.15146090E+002  0.22822793E+001
  0.10000000E+001  0.10306820E+006  0.21178475E+001 -0.75042035E+001
  0.10000000E+001  0.34502828E+006 -0.70138875E+000 -0.47448404E+001
  0.10000000E+001  0.40566595E+007 -0.14801879E+002  0.60684702E+001
  0.10000000E+001  0.43717452E+006 -0.19684540E+001 -0.76802913E+000
  0.10000000E+001  0.36877795E+007 -0.11852603E+002 -0.79783904E+001
  0.10000000E+001  0.14749076E+007 -0.81590248E+001  0.83828469E+001
  0.10000000E+001  0.65381480E+006 -0.32183377E+001 -0.10090880E+001
  0.10000000E+001  0.43005176E+006 -0.15302973E+001 -0.32905358E+001
  0.10000000E+001  0.27931031E+007  0.16841108E+002  0.93217575E+001
  0.10000000E+001  0.29819093E+007  0.17969569E+002  0.51435430E+001
  0.10000000E+001  0.29693706E+006  0.81353285E+001  0.19861964E+001
  0.10000000E+001  0.68888167E+006  0.11121355E+002 -0.13349276E+001
  0.10000000E+001  0.32045364E+006  0.74561326E+001  0.75071351E+001
  0.10000000E+001  0.18470782E+005  0.38567153E+001 -0.72837132E+001
  0.10000000E+001  0.98577555E+005  0.54342992E+001  0.62803143E+001
  0.10000000E+001  0.41600231E+006 -0.90312322E+000 -0.66383541E+001
  0.10000000E+001  0.29862002E+006  0.71357272E+001  0.84205351E+001
  0.10000000E+001  0.14181655E+007 -0.74685735E+001  0.50789018E+001
  0.10000000E+001  0.34545189E+006  0.83095221E+001  0.32906301E+001
  0.10000000E+001  0.28707149E+006 -0.35773881E-001 -0.60615530E+001
  0.10000000E+001  0.19845039E+005  0.53068792E+001 -0.30197346E+001
  0.10000000E+001  0.34415366E+007 -0.12704385E+002  0.13209762E+001
  0.10000000E+001  0.47469117E+005  0.67518170E+001 -0.93430994E+001
  0.10000000E+001  0.36791004E+007 -0.13828878E+002  0.51611009E+001
  0.10000000E+001  0.13284582E+006 -0.10271895E+000  0.40923979E+001
  0.10000000E+001  0.10490233E+007 -0.53569030E+001  0.67917418E+000
  0.10000000E+001  0.38713451E+007 -0.14514714E+002  0.68712657E+001
  0.10000000E+001  0.58354016E+007  0.23712625E+002  0.69058166E+001
  0.10000000E+001  0.12368378E+006 -0.62044274E+000  0.86819379E+001
  0.10000000E+001  0.15223190E+007  0.14151187E+002  0.19622019E+001
  0.10000000E+001  0.24049863E+007 -0.10289730E+002  0.29256632E+001
  0.10000000E+001  0.48668104E+006 -0.37278260E+001  0.90449944E+001
  0.10000000E+001  0.30690454E+007  0.19481436E+002 -0.34419400E+001
  0.10000000E+001  0.19802467E+007  0.17329306E+002 -0.93073937E+001
  0.10000000E+001  0.49112733E+006 -0.35655619E+001  0.77008771E+001
  0.10000000E+001  0.15919326E+007  0.14502422E+002  0.12487549E+001
  0.10000000E+001  0.17374308E+005  0.44128660E+001  0.26892668E+001
  0.10000000E+001  0.36050011E+006  0.81700788E+001  0.49019319E+001
  0.10000000E+001  0.10478082E+006  0.34370667E+000  0.34718968E+001
  0.10000000E+001  0.43493573E+006 -0.55710984E+000 -0.95399989E+001
  0.10000000E+001  0.16544627E+007 -0.86469562E+001  0.74263538E+001
  0.10000000E+001  0.15274645E+007  0.13724222E+002  0.48826770E+001
  0.10000000E+001  0.16914954E+005  0.41992849E+001 -0.84501213E+001
  0.10000000E+001  0.64861453E+006 -0.23415856E+001 -0.64465184E+001
  0.10000000E+001  0.65357467E+006 -0.43471682E+001  0.65808437E+001
  0.10000000E+001  0.17080429E+004  0.40304799E+001 -0.27480317E+001
  0.10000000E+001  0.16815697E+007 -0.90838071E+001  0.97968185E+001
  0.10000000E+001  0.24102474E+007 -0.10619858E+002  0.50405013E+001
  0.10000000E+001  0.34453556E+005  0.18819311E+001  0.12196396E+001
  0.10000000E+001  0.10599736E+007 -0.56227141E+001  0.21363594E+001
  0.10000000E+001  0.42518041E+005  0.41425779E+001  0.81286288E+001
  0.10000000E+001  0.34544559E+006  0.95556583E+001 -0.51469200E+001
  0.10000000E+001  0.78874315E+007 -0.22173865E+002  0.90213092E+001
  0.10000000E+001  0.19263390E+007 -0.81782396E+001 -0.16433543E+001
  0.10000000E+001  0.64209708E+006  0.12014866E+002 -0.92989436E+001
  0.10000000E+001  0.18276730E+006  0.65763896E+001  0.54055743E+001
  0.10000000E+001  0.96768650E+006  0.12070818E+002  0.12860977E+001
  0.10000000E+001  0.19238282E+007  0.16893374E+002 -0.75153981E+001
  0.10000000E+001  0.19254632E+007  0.14507106E+002  0.83919716E+001
  0.10000000E+001  0.10881577E+006  0.14996106E+001 -0.43395765E+001
  0.10000000E+001  0.61243142E+007 -0.19119288E+002  0.80675252E+001
  0.10000000E+001  0.26710539E+007 -0.11640535E+002  0.71095537E+001
  0.10000000E+001  0.36507131E+006 -0.70525357E+000 -0.56425538E+001
  0.10000000E+001  0.21622369E+006  0.83827386E+001 -0.44746710E+001
  0.10000000E+001  0.64326270E+007 -0.18701866E+002  0.16800218E+001
  0.10000000E+001  0.10558003E+007 -0.42418685E+001 -0.67334451E+001
  0.10000000E+001  0.58142171E+006 -0.36622293E+001  0.46349857E+001
  0.10000000E+001  0.54401097E+005  0.18669676E+001 -0.13661220E+001
  0.10000000E+001  0.12239164E+007 -0.50709217E+001 -0.58421160E+001
  0.10000000E+001  0.42115460E+005  0.57322266E+000  0.99460470E+001
  0.10000000E+001  0.51714729E+007 -0.15379576E+002 -0.51330606E+001
  0.10000000E+001  0.10710263E+007  0.13826490E+002 -0.76120121E+001
  0.10000000E+001  0.38560242E+006 -0.86654926E+000 -0.55543966E+001
  0.10000000E+001  0.26716006E+007 -0.93204656E+001 -0.81995866E+001
  0.10000000E+001  0.53094826E+006  0.85200446E+001  0.97710762E+001
  0.10000000E+001  0.55102078E+004  0.22495103E+001  0.72576817E+001
  0.10000000E+001  0.13539243E+007 -0.49934060E+001 -0.95147273E+001
  0.10000000E+001  0.27577514E+006  0.90469273E+001 -0.54414214E+001
  0.10000000E+001  0.29903910E+007  0.18177424E+002  0.39211418E+001
  0.10000000E+001  0.23926748E+006 -0.26498741E-001 -0.35736107E+001
  0.10000000E+001  0.68229867E+006 -0.22364936E+001 -0.82361110E+001
  0.10000000E+001  0.37297850E+006 -0.23337639E+001  0.46215779E+001
  0.10000000E+001  0.59239281E+006 -0.15087318E+001 -0.96682940E+001
  0.10000000E+001  0.13993766E+006 -0.76323989E+000  0.82514200E+001
  0.10000000E+001  0.14441523E+007 -0.70072439E+001  0.13510433E+001
  0.10000000E+001  0.67513539E+005  0.19449582E+001 -0.32827533E+001
  0.10000000E+001  0.43285057E+004  0.35710810E+001  0.40531334E+001
  0.10000000E+001  0.17385702E+007  0.15197774E+002 -0.77220962E-001
  0.10000000E+001  0.13457232E+007 -0.67177423E+001  0.18442980E+001
  0.10000000E+001  0.20388892E+005  0.51202599E+001 -0.14419315E+001
  0.10000000E+001  0.15962976E+007 -0.68874444E+001 -0.29776641E+001
  0.10000000E+001  0.36346386E+007 -0.13169352E+002  0.14339892E+001
  0.10000000E+001  0.93016967E+006 -0.37362246E+001 -0.64391337E+001
  0.10000000E+001  0.37733705E+004  0.35067140E+001  0.41529922E+001
  0.10000000E+001  0.25692451E+007 -0.95327514E+001 -0.50475912E+001
  0.10000000E+001  0.56104078E+005  0.54445485E+001  0.19883492E+001
  0.10000000E+001  0.13020426E+007 -0.57333755E+001 -0.35328343E+001
  0.10000000E+001  0.12365643E+007 -0.49667231E+001 -0.68253095E+001
  0.10000000E+001  0.70800074E+006 -0.40168217E+001  0.23761808E+001
  0.10000000E+001  0.37871719E+006  0.83278387E+001  0.47307152E+001
  0.10000000E+001  0.11980530E+007 -0.48006394E+001 -0.69104381E+001
  0.10000000E+001  0.38691132E+007  0.21621657E+002 -0.52110756E+001
  0.10000000E+001  0.16785747E+006 -0.16742573E+000  0.18340169E+001
  0.10000000E+001  0.46754751E+007 -0.14287431E+002 -0.58901241E+001
  0.10000000E+001  0.62728296E+005  0.73603348E+000  0.52673177E+001
  0.10000000E+001  0.13459791E+007 -0.52250625E+001 -0.78615248E+001
  0.10000000E+001  0.84029630E+006  0.11934793E+002 -0.17171309E+001
  0.10000000E+001  0.37342453E+007 -0.13343816E+002  0.10892449E+001
  0.10000000E+001  0.56048438E+007 -0.17578685E+002  0.40105345E+001
  0.10000000E+001  0.20617762E+007 -0.90383353E+001  0.12699354E+001
  0.10000000E+001  0.55242949E+007 -0.15969176E+002 -0.56316366E+001
  0.10000000E+001  0.47083471E+007 -0.15000372E+002 -0.16562069E+001
  0.10000000E+001  0.61624316E+006  0.11215158E+002 -0.46641708E+001
  0.10000000E+001  0.13839011E+006  0.11361574E+001 -0.43946385E+001
  0.10000000E+001  0.11198310E+005  0.52033075E+001 -0.52753640E+001
  0.10000000E+001  0.84807170E+006 -0.45352002E+001  0.12082412E+001
  0.10000000E+001  0.80755369E+006 -0.49881447E+001  0.55671863E+001
  0.10000000E+001  0.10565225E+007  0.11603586E+002  0.68471800E+001
  0.10000000E+001  0.36557281E+006 -0.52938588E+000 -0.67539437E+001
  0.10000000E+001  0.16838050E+004  0.28481833E+001  0.40831589E+001
  0.10000000E+001  0.39618689E+004  0.31306318E+001  0.12850513E+000
  0.10000000E+001  0.61327217E+007  0.26443935E+002 -0.77457636E+001
  0.10000000E+001  0.46867553E+007 -0.14639258E+002 -0.37417838E+001
  0.10000000E+001  0.57164439E+006  0.10525609E+002 -0.16708766E+001
  0.10000000E+001  0.19453848E+006  0.56032248E+000 -0.45965332E+001
  0.10000000E+001  0.15868450E+007 -0.64767316E+001 -0.54245930E+001
  0.10000000E+001  0.17270992E+006  0.12582023E+001 -0.74455958E+001
  0.10000000E+001  0.15157536E+005  0.50749745E+001 -0.24613074E+001
  0.10000000E+001  0.27437587E+006 -0.44232636E+000 -0.28651210E+001
  0.10000000E+001  0.21930409E+007 -0.10582913E+002  0.90358492E+001
  0.10000000E+001  0.45286483E+007 -0.14962171E+002  0.50069166E+000
  0.10000000E+001  0.79730146E+005  0.27310537E+001 -0.89371688E+001
  0.10000000E+001  0.10311603E+008 -0.23180979E+002 -0.76040523E+001
  0.10000000E+001  0.89981036E+006 -0.57833654E+001  0.80350864E+001
  0.10000000E+001  0.76248447E+006  0.11228521E+002  0.47536760E+000
  0.10000000E+001  0.12662606E+006  0.59985408E+001  0.50845644E+001
  0.10000000E+001  0.12745461E+007 -0.53769616E+001 -0.51495206E+001
  0.10000000E+001  0.10498050E+005  0.36201870E+001 -0.44940435E+001
  0.10000000E+001  0.84748331E+006  0.10710245E+002  0.65620042E+001
  0.10000000E+001  0.70796451E+005  0.22821335E+001 -0.55964719E+001
  0.10000000E+001  0.61960812E+006 -0.36832881E+001  0.33183519E+001
  0.10000000E+001  0.12189717E+007  0.14687243E+002 -0.93959282E+001
  0.10000000E+001  0.49457700E+006  0.10754728E+002 -0.64570412E+001
  0.10000000E+001  0.85267291E+006 -0.47724071E+001  0.26449052E+001
  0.10000000E+001  0.46899637E+006 -0.14582355E+001 -0.53574969E+001
  0.10000000E+001  0.11132979E+005  0.47092933E+001 -0.85840299E+000
  0.10000000E+001  0.36089380E+006  0.91839391E+001 -0.17736201E+001
  0.10000000E+001  0.82064294E+006  0.10101370E+002  0.96100262E+001
  0.10000000E+001  0.25950489E+006  0.93833625E+001 -0.89290419E+001
  0.10000000E+001  0.13826208E+007 -0.61148915E+001 -0.30278852E+001
  0.10000000E+001  0.13108731E+007 -0.48588353E+001 -0.93330980E+001
  0.10000000E+001  0.74771698E+006  0.10735271E+002  0.32410148E+001
  0.10000000E+001  0.59451325E+007 -0.18433606E+002  0.55968524E+001
  0.10000000E+001  0.85116698E+004  0.21331156E+001  0.57201449E+001
  0.10000000E+001  0.28143584E+007 -0.10087157E+002 -0.56835911E+001
  0.10000000E+001  0.17520294E+006  0.61506498E+001  0.75460213E+001
  0.10000000E+001  0.13227163E+006  0.17378031E+001 -0.75328910E+001
  0.10000000E+001  0.62260170E+007 -0.18117446E+002  0.18076988E+000
  0.10000000E+001  0.12117181E+007 -0.56757394E+001 -0.16184994E+001
  0.10000000E+001  0.73042724E+003  0.38006619E+001 -0.11897461E+001
  0.10000000E+001  0.10576745E+007 -0.38605476E+001 -0.91882792E+001
  0.10000000E+001  0.64205970E+004  0.27353570E+001  0.82156974E+001
  0.10000000E+001  0.65905387E+006 -0.33714681E+001 -0.19058830E+000
  0.10000000E+001  0.91414651E+007 -0.21207781E+002 -0.97838575E+001
  0.10000000E+001  0.22308082E+007 -0.83387547E+001 -0.65941742E+001
  0.10000000E+001  0.26241560E+007  0.19227577E+002 -0.95670980E+001
  0.10000000E+001  0.68286694E+006  0.10913024E+002 -0.14779448E+000
  0.10000000E+001  0.18656454E+006  0.66865449E+001  0.49570876E+001
  0.10000000E+001  0.12945742E+007  0.13358922E+002  0.16599855E+001
  0.10000000E+001  0.43097080E+007 -0.14738019E+002  0.20289521E+001
  0.10000000E+001  0.87617791E+005  0.12373161E+001 -0.86461516E+000
  0.10000000E+001  0.40912814E+007  0.20798350E+002  0.35241981E+001
  0.10000000E+001  0.24392436E+005  0.54115479E+001 -0.27450428E+001
  0.10000000E+001  0.69110747E+006  0.11946418E+002 -0.69379613E+001
  0.10000000E+001  0.15316571E+007 -0.56524432E+001 -0.94480583E+001
  0.10000000E+001  0.81759490E+006  0.11236245E+002  0.22161502E+001
  0.10000000E+001  0.52503678E+007 -0.14827106E+002 -0.96986876E+001
  0.10000000E+001  0.58598952E+005  0.24677463E+001 -0.54150023E+001
  0.10000000E+001  0.99188869E+005 -0.10515468E+000  0.72639504E+001
  0.10000000E+001  0.38158136E+007 -0.13049934E+002 -0.20602150E+001
  0.10000000E+001  0.99860432E+003  0.30173596E+001  0.33754817E+001
  0.10000000E+001  0.46714963E+006 -0.30602336E+001  0.52422293E+001
  0.10000000E+001  0.50611586E+006  0.11076650E+002 -0.82430094E+001
  0.10000000E+001  0.33196319E+007 -0.13514480E+002  0.87069062E+001
  0.10000000E+001  0.60845538E+005  0.66790819E+001 -0.62879137E+001
  0.10000000E+001  0.22532031E+007 -0.86932054E+001 -0.47258774E+001
  0.10000000E+001  0.20086875E+006  0.69849200E+001  0.39665263E+001
  0.10000000E+001  0.52074745E+005  0.60108267E+001 -0.24205060E+001
  0.10000000E+001  0.28481937E+007 -0.11720215E+002  0.45068431E+001
  0.10000000E+001  0.20509074E+006 -0.10364214E+001  0.52048230E+001
  0.10000000E+001  0.25269227E+007  0.16846098E+002  0.46593958E+001
  0.10000000E+001  0.30892151E+006 -0.20713779E+001  0.61348597E+001
  0.10000000E+001  0.41115224E+006 -0.21805596E+001  0.17823589E+001
  0.10000000E+001  0.12209143E+006  0.53322620E+001  0.87628721E+001
  0.10000000E+001  0.48338368E+006 -0.14992438E+001 -0.56739087E+001
  0.10000000E+001  0.10038181E+007 -0.54474694E+001  0.25773620E+001
  0.10000000E+001  0.21396925E+006 -0.15860227E+001  0.85329265E+001
  0.10000000E+001  0.47357774E+005  0.47394302E+000  0.97642837E+001
  0.10000000E+001  0.16805223E+007 -0.72743541E+001 -0.23277159E+001
  0.10000000E+001  0.19891717E+007 -0.99629023E+001  0.90099535E+001
  0.10000000E+001  0.42273863E+006 -0.13487727E+001 -0.41330262E+001
  0.10000000E+001  0.56598292E+007 -0.16744321E+002 -0.21918114E+001
  0.10000000E+001  0.75592162E+004  0.20282371E+001  0.82315606E+001
  0.10000000E+001  0.34943855E+005  0.13635495E+001  0.48001027E+001
  0.10000000E+001  0.46225955E+007 -0.14449902E+002 -0.41316062E+001
  0.10000000E+001  0.65372425E+006 -0.28210075E+001 -0.35781435E+001
  0.10000000E+001  0.36920470E+006 -0.18138488E+001  0.12924210E+001
  0.10000000E+001  0.40790581E+007 -0.14190740E+002  0.16575486E+001
  0.10000000E+001  0.42531741E+006  0.10503504E+002 -0.78738470E+001
  0.10000000E+001  0.25062160E+007 -0.11477320E+002  0.90446706E+001
  0.10000000E+001  0.68839345E+007 -0.18247704E+002 -0.63336543E+001
  0.10000000E+001  0.12598459E+007 -0.53366867E+001 -0.50416382E+001
  0.10000000E+001  0.22802493E+007 -0.80548033E+001 -0.93349688E+001
  0.10000000E+001  0.24263844E+007 -0.10216072E+002  0.20339282E+001
  0.10000000E+001  0.65610575E+004  0.41376153E+001  0.16005723E+001
  0.10000000E+001  0.30969850E+007 -0.12059226E+002  0.25618175E+001
  0.10000000E+001  0.36732127E+006  0.89924365E+001 -0.16238323E+000
  0.10000000E+001  0.64733819E+007 -0.19075320E+002  0.37003985E+001
  0.10000000E+001  0.55421108E+006  0.11047743E+002 -0.59748934E+001
  0.10000000E+001  0.80748166E+005  0.62801360E+001 -0.84251663E+000
  0.10000000E+001  0.59110920E+004  0.29204279E+001  0.74278587E+001
  0.10000000E+001  0.23860884E+006  0.74803198E+000 -0.82708614E+001
  0.10000000E+001  0.29081616E+006 -0.17320729E+001  0.47808869E+001
  0.10000000E+001  0.53354354E+006  0.95512049E+001  0.33187535E+001
  0.10000000E+001  0.16478841E+005  0.37699772E+001 -0.65054094E+001
  0.10000000E+001  0.42068401E+005  0.10167550E+001  0.62096280E+001
  0.10000000E+001  0.23980043E+007 -0.98081696E+001 -0.14174386E+000
  0.10000000E+001  0.76089087E+005  0.19928336E+001 -0.44189530E+001
  0.10000000E+001  0.23539693E+007 -0.10644217E+002  0.62794236E+001
  0.10000000E+001  0.57622772E+006  0.10274417E+002  0.19708644E+000
  0.10000000E+001  0.13352157E+008 -0.27546593E+002 -0.43261211E+001
  0.10000000E+001  0.15352689E+006  0.75927116E+001 -0.34285088E+001
  0.10000000E+001  0.31346644E+007 -0.11223967E+002 -0.35640914E+001
  0.10000000E+001  0.21520351E+007 -0.87423607E+001 -0.24677541E+001
  0.10000000E+001  0.14665892E+007  0.15575193E+002 -0.90515360E+001
  0.10000000E+001  0.55190322E+006  0.94858017E+001  0.44493321E+001
  0.10000000E+001  0.15364168E+007 -0.67655957E+001 -0.24105742E+001
  0.10000000E+001  0.13942785E+006  0.81131007E+001 -0.85363419E+001
  0.10000000E+001  0.36051460E+007 -0.13697147E+002  0.54123203E+001
  0.10000000E+001  0.12367552E+007 -0.69110012E+001  0.59634913E+001
  0.10000000E+001  0.19962073E+007 -0.95005314E+001  0.57123915E+001
  0.10000000E+001  0.23128878E+007  0.16671719E+002  0.18554887E+001
  0.10000000E+001  0.32422315E+006 -0.16513898E+001  0.24363439E+001
  0.10000000E+001  0.48276619E+006 -0.88532187E+000 -0.94423418E+001
  0.10000000E+001  0.43961479E+006  0.89696702E+001  0.32730102E+001
  0.10000000E+001  0.17709496E+007  0.16395172E+002 -0.74716373E+001
  0.10000000E+001  0.12324433E+007 -0.68404575E+001  0.55989236E+001
  0.10000000E+001  0.17484299E+007  0.15994056E+002 -0.52289494E+001
  0.10000000E+001  0.17331308E+007  0.14834308E+002  0.22145468E+001
  0.10000000E+001  0.96090287E+006  0.11878080E+002  0.23599618E+001
  0.10000000E+001  0.95846653E+006 -0.61084574E+001  0.84429763E+001
  0.10000000E+001  0.10208196E+008 -0.24126016E+002 -0.46799880E+000
  0.10000000E+001  0.24776156E+005  0.16406224E+001  0.47046361E+001
  0.10000000E+001  0.86489617E+007 -0.22273169E+002  0.19483945E+001
  0.10000000E+001  0.16242671E+007 -0.61906724E+001 -0.80817082E+001
  0.10000000E+001  0.34742507E+006 -0.23623835E+001  0.61097868E+001
  0.10000000E+001  0.71778954E+006  0.11425517E+002 -0.23756989E+001
  0.10000000E+001  0.10674465E+006  0.78047021E+001 -0.94873858E+001
  0.10000000E+001  0.11888437E+007 -0.69905055E+001  0.78090109E+001
  0.10000000E+001  0.24346124E+007 -0.97246698E+001 -0.13686863E+001
  0.10000000E+001  0.28744311E+007 -0.10698203E+002 -0.27165068E+001
  0.10000000E+001  0.66748282E+006  0.10833228E+002 -0.16056506E+000
  0.10000000E+001  0.16214878E+007 -0.65664768E+001 -0.56161203E+001
  0.10000000E+001  0.30335672E+005  0.50741604E+001  0.81852834E+000
  0.10000000E+001  0.70308448E+006 -0.37140913E+001  0.53284430E+000
  0.10000000E+001  0.24283487E+006 -0.13378682E+001  0.48686260E+001
  0.10000000E+001  0.13512395E+007  0.14689985E+002 -0.58651540E+001
  0.10000000E+001  0.94958423E+007 -0.24661178E+002  0.97197683E+001
  0.10000000E+001  0.56391639E+005  0.12675233E+001  0.23067051E+001
  0.10000000E+001  0.69805448E+006  0.10755957E+002  0.14282035E+001
  0.10000000E+001  0.41517324E+006 -0.58377254E+000 -0.85649609E+001
  0.10000000E+001  0.17849489E+007  0.15709284E+002 -0.24840531E+001
  0.10000000E+001  0.14467615E+007 -0.56202022E+001 -0.77224963E+001
  0.10000000E+001  0.31584753E+007 -0.12492620E+002  0.44453634E+001
  0.10000000E+001  0.36953145E+006 -0.28149369E+001  0.81592905E+001
  0.10000000E+001  0.22564873E+007 -0.78887014E+001 -0.99530250E+001
  0.10000000E+001  0.69121380E+005  0.86257033E+000  0.35690252E+001
  0.10000000E+001  0.10949098E+007 -0.69216503E+001  0.99983763E+001
  0.10000000E+001  0.78239845E+006  0.11012854E+002  0.25559646E+001
  0.10000000E+001  0.70499950E+006  0.11639456E+002 -0.42936500E+001
  0.10000000E+001  0.21756731E+005  0.23881632E+001  0.93732295E-001
  0.10000000E+001  0.77990373E+007 -0.22001448E+002  0.87875946E+001
  0.10000000E+001  0.19480929E+007 -0.92003704E+001  0.46958676E+001
  0.10000000E+001  0.43142356E+006 -0.78849537E+000 -0.79871515E+001
  0.10000000E+001  0.15064942E+007 -0.60907741E+001 -0.60902460E+001
  0.10000000E+001  0.33345421E+004  0.31483388E+001  0.30625296E+000
  0.10000000E+001  0.24868074E+005  0.26551048E+001 -0.20966933E+001
  0.10000000E+001  0.10479523E+007  0.13144649E+002 -0.35852401E+001
  0.10000000E+001  0.12948456E+007 -0.51182405E+001 -0.73032557E+001
  0.10000000E+001  0.26305812E+006  0.84813891E+001 -0.22224329E+001
  0.10000000E+001  0.11010860E+007 -0.39610513E+001 -0.97063372E+001
  0.10000000E+001  0.13851250E+006  0.41086729E+000  0.17420947E+000
  0.10000000E+001  0.33295897E+007 -0.13457703E+002  0.81591362E+001
  0.10000000E+001  0.86845051E+006 -0.29616183E+001 -0.95108061E+001
  0.10000000E+001  0.80454809E+006  0.10263790E+002  0.80909845E+001
  0.10000000E+001  0.45064276E+007 -0.15896635E+002  0.70504801E+001
  0.10000000E+001  0.10563892E+007 -0.45701778E+001 -0.46532042E+001
  0.10000000E+001  0.89306542E+006  0.12000547E+002 -0.49505835E+000
  0.10000000E+001  0.11715770E+007  0.12757903E+002  0.24359322E+001
  0.10000000E+001  0.28257687E+006 -0.22760995E+001  0.91189401E+001
  0.10000000E+001  0.96609331E+005  0.74597199E+001 -0.78588562E+001
  0.10000000E+001  0.25569736E+005  0.28553330E+001 -0.33704862E+001
  0.10000000E+001  0.17800622E+007  0.14777418E+002  0.36056717E+001
  0.10000000E+001  0.74512824E+005  0.73558138E+001 -0.99653144E+001
  0.10000000E+001  0.15316965E+004  0.29400981E+001  0.31267220E+001
  0.10000000E+001  0.20022738E+007  0.16076796E+002 -0.32529528E+000
  0.10000000E+001  0.60849408E+005  0.78017034E+000  0.51889419E+001
  0.10000000E+001  0.58097421E+007  0.25957175E+002 -0.83586741E+001
  0.10000000E+001  0.42065677E+007 -0.13988177E+002 -0.14901013E+001
  0.10000000E+001  0.10744132E+008 -0.25219300E+002  0.19901818E+001
  0.10000000E+001  0.19323788E+006  0.14286801E+000 -0.18986643E+001
  0.10000000E+001  0.32184167E+006  0.98819924E+001 -0.88116426E+001
  0.10000000E+001  0.24327073E+007  0.15919480E+002  0.89806317E+001
  0.10000000E+001  0.10208051E+005  0.36645759E+001  0.53587397E+001
  0.10000000E+001  0.71696914E+005  0.91109332E+000  0.29345177E+001
  0.10000000E+001  0.31945760E+007 -0.10872449E+002 -0.68039477E+001
  0.10000000E+001  0.29705377E+007  0.19664461E+002 -0.63568000E+001
  0.10000000E+001  0.43430255E+005  0.40898425E+001  0.85272774E+001
  0.10000000E+001  0.82123680E+006 -0.34242237E+001 -0.51831850E+001
  0.10000000E+001  0.95224813E+007 -0.22533342E+002 -0.46840237E+001
  0.10000000E+001  0.10120884E+007 -0.59136167E+001  0.54808180E+001
  0.10000000E+001  0.50500680E+006 -0.10417030E+001 -0.93406464E+001
  0.10000000E+001  0.30127716E+006 -0.79045648E+000 -0.20431235E+001
  0.10000000E+001  0.73213497E+006 -0.42527659E+001  0.31265081E+001
  0.10000000E+001  0.16744970E+006  0.77508718E+001 -0.34670725E+001
  0.10000000E+001  0.42440808E+007 -0.13089974E+002 -0.78712199E+001
  0.10000000E+001  0.10012364E+007  0.13441269E+002 -0.70193919E+001
  0.10000000E+001  0.24299809E+007 -0.89762295E+001 -0.61595911E+001
  0.10000000E+001  0.22859059E+006 -0.12446652E+001  0.51142657E+001
  0.10000000E+001  0.87767665E+006 -0.30407142E+001 -0.92885335E+001
  0.10000000E+001  0.16296632E+007 -0.61363880E+001 -0.85444623E+001
  0.10000000E+001  0.50239185E+007 -0.16915188E+002  0.69392444E+001
  0.10000000E+001  0.23675194E+007 -0.91502919E+001 -0.38895598E+001
  0.10000000E+001  0.31668629E+007 -0.10996417E+002 -0.55613407E+001
  0.10000000E+001  0.73330697E+005  0.56529662E+001  0.25588968E+001
  0.10000000E+001  0.78331845E+005  0.70656211E+001 -0.69585974E+001
  0.10000000E+001  0.39063810E+006 -0.16585246E+001 -0.72909485E+000
  0.10000000E+001  0.16337795E+006  0.26052709E+000 -0.66736571E+000
  0.10000000E+001  0.19947061E+006  0.11869017E+001 -0.86577077E+001
  0.10000000E+001  0.13744618E+006  0.10698686E+001 -0.39203977E+001
  0.10000000E+001  0.14525792E+007 -0.62541642E+001 -0.37890384E+001
  0.10000000E+001  0.14927062E+005  0.31279071E+001  0.89925360E+001
  0.10000000E+001  0.84419117E+007 -0.21245631E+002 -0.28031185E+001
  0.10000000E+001  0.16243107E+006  0.16649651E+001 -0.91584694E+001
  0.10000000E+001  0.35456910E+007 -0.13505932E+002  0.50494843E+001
  0.10000000E+001  0.33067111E+007 -0.10964342E+002 -0.79643781E+001
  0.10000000E+001  0.42833282E+005  0.14175534E+001  0.31203099E+001
  0.10000000E+001  0.86972196E+006  0.13000553E+002 -0.81076783E+001
  0.10000000E+001  0.54982070E+006  0.10453134E+002 -0.20430141E+001
  0.10000000E+001  0.27862275E+007 -0.10436053E+002 -0.29346422E+001
  0.10000000E+001  0.27931021E+007 -0.10293900E+002 -0.39800136E+001
  0.10000000E+001  0.49100358E+006 -0.24236761E+001 -0.46443988E-001
  0.10000000E+001  0.76160448E+007 -0.19122074E+002 -0.83714905E+001
  0.10000000E+001  0.20297363E+006  0.83726936E+001 -0.53190045E+001
  0.10000000E+001  0.11843875E+006  0.18975422E+001 -0.74390521E+001
  0.10000000E+001  0.12203351E+007  0.14137095E+002 -0.55343400E+001
  0.10000000E+001  0.22011559E+007 -0.81080969E+001 -0.75170916E+001
  0.10000000E+001  0.94510604E+007 -0.22363043E+002 -0.51372716E+001
  0.10000000E+001  0.18263743E+007 -0.80263463E+001 -0.54864562E+000
  0.10000000E+001  0.30891325E+006  0.73654132E+001  0.75092322E+001
  0.10000000E+001  0.75593359E+005  0.27940340E+001 -0.89015732E+001
  0.10000000E+001  0.12796191E+007  0.12374099E+002  0.76985912E+001
  0.10000000E+001  0.99417351E+007 -0.22995039E+002 -0.55022781E+001
  0.10000000E+001  0.22034871E+004  0.35972116E+001  0.29489263E+001
  0.10000000E+001  0.42436922E+007  0.20264878E+002  0.91398944E+001
  0.10000000E+001  0.45552675E+006  0.10839918E+002 -0.88569915E+001
  0.10000000E+001  0.24653108E+007 -0.10744267E+002  0.48418757E+001
  0.10000000E+001  0.12230473E+007  0.13514112E+002 -0.12282306E+001
  0.10000000E+001  0.52248408E+004  0.47342318E+001 -0.43570207E+001
  0.10000000E+001  0.26334419E+007 -0.11372971E+002  0.59813006E+001
  0.10000000E+001  0.19811994E+006  0.46633621E-001 -0.15921064E+001
  0.10000000E+001  0.55415263E+006  0.10920405E+002 -0.50858130E+001
  0.10000000E+001  0.49944208E+006  0.11182842E+002 -0.93108043E+001
  0.10000000E+001  0.15571615E+006  0.16623585E+001 -0.87063014E+001
  0.10000000E+001  0.43724488E+004  0.23987102E+001  0.62641829E+001
  0.10000000E+001  0.68491032E+007 -0.17679032E+002 -0.96532285E+001
  0.10000000E+001  0.43780004E+005  0.21830463E+001 -0.20113856E+001
  0.10000000E+001  0.39514555E+005  0.58844895E+001 -0.34357308E+001
  0.10000000E+001  0.17642176E+007 -0.74509764E+001 -0.29915622E+001
  0.10000000E+001  0.47978550E+006 -0.16921444E+001 -0.43140475E+001
  0.10000000E+001  0.31541419E+007 -0.11071006E+002 -0.48737038E+001
  0.10000000E+001  0.32275026E+006  0.75609673E+001  0.69644128E+001
  0.10000000E+001  0.24039032E+005  0.36940517E+001 -0.74934712E+001
  0.10000000E+001  0.15763697E+007 -0.62772446E+001 -0.64718845E+001
  0.10000000E+001  0.11068453E+005  0.27463601E+001  0.96351755E+001
  0.10000000E+001  0.24645037E+007 -0.10371419E+002  0.23602519E+001
  0.10000000E+001  0.30851887E+005  0.62532237E+001 -0.86621146E+001
  0.10000000E+001  0.11405997E+007  0.13010554E+002 -0.72709704E-001
  0.10000000E+001  0.41854975E+004  0.36442573E+001  0.36175139E+001
  0.10000000E+001  0.43796571E+007 -0.13767927E+002 -0.53206600E+001
  0.10000000E+001  0.65996877E+005  0.15848493E+001 -0.89694642E+000
  0.10000000E+001  0.36488807E+006  0.88854902E+001  0.43617497E+000
  0.10000000E+001  0.83633232E+007  0.29742209E+002 -0.55259947E+001
  0.10000000E+001  0.21802809E+006 -0.13292178E+001  0.64005441E+001
  0.10000000E+001  0.78804519E+006 -0.30743568E+001 -0.63758479E+001
  0.10000000E+001  0.11962278E+007  0.14070836E+002 -0.57381311E+001
  0.10000000E+001  0.24592596E+005  0.19999255E+001  0.21279222E+001
  0.10000000E+001  0.68508940E+006 -0.24942498E+001 -0.67175683E+001
  0.10000000E+001  0.11397263E+007 -0.67149318E+001  0.72824403E+001
  0.10000000E+001  0.39546760E+005  0.40619857E+001  0.81943026E+001
  0.10000000E+001  0.30905678E+006 -0.25447834E+001  0.95100043E+001
  0.10000000E+001  0.28671669E+006 -0.20352217E+001  0.71396700E+001
  0.10000000E+001  0.17094299E+007 -0.84829882E+001  0.50556462E+001
  0.10000000E+001  0.11740280E+007  0.12353977E+002  0.51412786E+001
  0.10000000E+001  0.11668832E+006  0.51635857E+001  0.93363359E+001
  0.10000000E+001  0.48451653E+005  0.34771211E+001 -0.96969352E+001
  0.10000000E+001  0.68219488E+006 -0.33343518E+001 -0.12412797E+001
  0.10000000E+001  0.26395925E+006  0.81121728E+000 -0.99774951E+001
  0.10000000E+001  0.17040304E+006  0.11133980E+001 -0.64378212E+001
  0.10000000E+001  0.70870357E+005  0.12231049E+000  0.89093363E+001
  0.10000000E+001  0.21257255E+006  0.65000954E+001  0.77022349E+001
  0.10000000E+001  0.13066937E+006  0.77906290E+001 -0.68664653E+001
  0.10000000E+001  0.37939638E+007 -0.12075844E+002 -0.80852951E+001
  0.10000000E+001  0.50212092E+007 -0.15677081E+002 -0.12759540E+001
  0.10000000E+001  0.11246212E+005  0.34464946E+001 -0.38198043E+001
  0.10000000E+001  0.73460100E+005  0.66782997E+001 -0.45556551E+001
  0.10000000E+001  0.34195187E+006  0.98139562E+001 -0.71835958E+001
  0.10000000E+001  0.45536047E+006 -0.17918212E+001 -0.26810173E+001
  0.10000000E+001  0.23525137E+005  0.57568442E+001 -0.59168940E+001
  0.10000000E+001  0.31444760E+006  0.81033399E+001  0.30985082E+001
  0.10000000E+001  0.23633549E+007 -0.84801521E+001 -0.81407569E+001
  0.10000000E+001  0.79587295E+005  0.69294050E+001 -0.57207884E+001
  0.10000000E+001  0.18957552E+007 -0.85689946E+001  0.15735700E+001
  0.10000000E+001  0.76921678E+004  0.46150604E+001 -0.13756536E+001
  0.10000000E+001  0.53567732E+006 -0.28543656E+001  0.99985891E+000
  0.10000000E+001  0.10024642E+007 -0.35818321E+001 -0.94388618E+001
  0.10000000E+001  0.98833419E+007  0.30139766E+002  0.64314165E+001
  0.10000000E+001  0.25864181E+007 -0.11299275E+002  0.63419296E+001
  0.10000000E+001  0.14163659E+006  0.56664598E+001  0.82077622E+001
  0.10000000E+001  0.17178308E+006  0.95161210E+000 -0.55532170E+001
  0.10000000E+001  0.58440026E+007 -0.16416759E+002 -0.65298261E+001
  0.10000000E+001  0.54603788E+007 -0.17574542E+002  0.57775996E+001
  0.10000000E+001  0.22473533E+007 -0.84356835E+001 -0.62809061E+001
  0.10000000E+001  0.63715224E+005  0.18674751E+001 -0.24134645E+001
  0.10000000E+001  0.97367460E+006 -0.41061286E+001 -0.53263523E+001
  0.10000000E+001  0.53691382E+006 -0.12579872E+001 -0.92103931E+001
  0.10000000E+001  0.69889608E+007 -0.19127863E+002 -0.17024640E+001
  0.10000000E+001  0.12074563E+007 -0.60093842E+001  0.68762490E+000
  0.10000000E+001  0.79481399E+006 -0.30779343E+001 -0.65637257E+001
  0.10000000E+001  0.18174651E+007 -0.80694663E+001 -0.74481697E-001
  0.10000000E+001  0.35439971E+007 -0.11423508E+002 -0.86150720E+001
  0.10000000E+001  0.12657824E+006  0.17962227E+000  0.26714555E+001
  0.10000000E+001  0.23084867E+007 -0.98134040E+001  0.15794632E+001
  0.10000000E+001  0.43687969E+006 -0.27194468E+001  0.42554820E+001
  0.10000000E+001  0.23536271E+007  0.16916137E+002  0.10071716E+001
  0.10000000E+001  0.43400818E+006  0.84270822E+001  0.65163397E+001
  0.10000000E+001  0.67394822E+007 -0.18032204E+002 -0.61635016E+001
  0.10000000E+001  0.35534580E+006  0.80794220E+001  0.52401006E+001
  0.10000000E+001  0.21034975E+007 -0.86334794E+001 -0.22299904E+001
  0.10000000E+001  0.57348617E+007 -0.16527177E+002 -0.45166635E+001
  0.10000000E+001  0.11802415E+007  0.13215746E+002 -0.37076264E+000
  0.10000000E+001  0.34262818E+007 -0.12099919E+002 -0.24307601E+001
  0.10000000E+001  0.26741176E+005  0.17775089E+001  0.32802920E+001
  0.10000000E+001  0.23762351E+007 -0.86549724E+001 -0.72534919E+001
  0.10000000E+001  0.15232613E+006 -0.60517895E+000  0.60432846E+001
  0.10000000E+001  0.22669918E+007 -0.90645860E+001 -0.25679848E+001
  0.10000000E+001  0.45619866E+007 -0.13653103E+002 -0.85089175E+001
  0.10000000E+001  0.75646611E+006 -0.53493050E+001  0.98280430E+001
  0.10000000E+001  0.37564495E+005  0.11262555E+001  0.61518938E+001
  0.10000000E+001  0.37852366E+007 -0.12807871E+002 -0.31990973E+001
  0.10000000E+001  0.60872915E+007 -0.17244720E+002 -0.39607856E+001
  0.10000000E+001  0.37469679E+005  0.65572178E+001 -0.99225010E+001
  0.10000000E+001  0.44029462E+006 -0.27465389E+001  0.42866409E+001
  0.10000000E+001  0.18341596E+007 -0.75316706E+001 -0.39472516E+001
  0.10000000E+001  0.56871001E+007 -0.16147222E+002 -0.64275339E+001
  0.10000000E+001  0.37996669E+006 -0.24533619E+001  0.51019603E+001
  0.10000000E+001  0.17323882E+006 -0.12987117E+001  0.94557941E+001
  0.10000000E+001  0.33215276E+006  0.75043526E+001  0.77665632E+001
  0.10000000E+001  0.14930458E+007 -0.68487141E+001 -0.85924296E+000
  0.10000000E+001  0.14247565E+006  0.64269777E+001  0.35781797E+001
  0.10000000E+001  0.23110909E+007 -0.95870265E+001  0.29970127E-001
  0.10000000E+001  0.18762048E+005  0.13130312E+001  0.95422293E+001
  0.10000000E+001  0.10685575E+007 -0.44199362E+001 -0.59449786E+001
  0.10000000E+001  0.29918301E+006 -0.15865636E+001  0.33222735E+001
  0.10000000E+001  0.27054121E+005  0.36520813E+001 -0.77665970E+001
  0.10000000E+001  0.66558170E+006  0.11695605E+002 -0.61311324E+001
  0.10000000E+001  0.63387102E+006  0.94132827E+001  0.78873414E+001
  0.10000000E+001  0.70141411E+006  0.11814348E+002 -0.56349495E+001
  0.10000000E+001  0.68028199E+006 -0.29025707E+001 -0.39664324E+001
  0.10000000E+001  0.40200138E+006 -0.60950589E+000 -0.78528232E+001
  0.10000000E+001  0.14474235E+005  0.41707860E+001 -0.78206853E+001
  0.10000000E+001  0.13161557E+007  0.13903692E+002 -0.14223564E+001
  0.10000000E+001  0.12410545E+007 -0.55805299E+001 -0.29923484E+001
  0.10000000E+001  0.15913545E+005  0.39174847E+001  0.52808245E+001
  0.10000000E+001  0.58073504E+004  0.34898922E+001  0.49868636E+001
  0.10000000E+001  0.36671876E+005  0.33586975E+001 -0.76669168E+001
  0.10000000E+001  0.58261288E+006  0.11343442E+002 -0.68945728E+001
  0.10000000E+001  0.46589207E+003  0.36961784E+001  0.92428693E+000
  0.10000000E+001  0.11016666E+006  0.25491122E+000  0.35888642E+001
  0.10000000E+001  0.14081588E+007 -0.57039099E+001 -0.62872084E+001
  0.10000000E+001  0.26952633E+007  0.18348128E+002 -0.22855958E+001
  0.10000000E+001  0.34637537E+006 -0.83970358E+000 -0.39379941E+001
  0.10000000E+001  0.36124103E+006  0.90279550E+001 -0.69764424E+000
  0.10000000E+001  0.14473976E+007 -0.82242082E+001  0.95188067E+001
  0.10000000E+001  0.44221091E+007 -0.14715986E+002  0.32552145E+000
  0.10000000E+001  0.35522389E+007 -0.14124565E+002  0.91287385E+001
  0.10000000E+001  0.70763187E+006 -0.23267389E+001 -0.85048350E+001
