  0.35192171E+001  0.11064971E+001 -0.76438860E+002
  0.35253553E+001  0.10668457E+001 -0.76480063E+002
  0.35201206E+001  0.10483104E+001 -0.76511417E+002
  0.35300621E+001  0.10570399E+001 -0.76766754E+002
  0.35101669E+001  0.11349641E+001 -0.76399277E+002
  0.35327309E+001  0.99360044E+000 -0.76836549E+002
  0.35224310E+001  0.10925410E+001 -0.76501555E+002
  0.35250027E+001  0.10170708E+001 -0.76699837E+002
  0.35314381E+001  0.10062777E+001 -0.76722957E+002
  0.35057320E+001  0.11659474E+001 -0.76573457E+002
  0.35230606E+001  0.11002612E+001 -0.76649546E+002
  0.35322388E+001  0.10084693E+001 -0.76731711E+002
  0.35239578E+001  0.10166826E+001 -0.76761296E+002
  0.35324199E+001  0.10002995E+001 -0.76779854E+002
  0.35238107E+001  0.10280560E+001 -0.76599665E+002
  0.35304907E+001  0.10052414E+001 -0.76721020E+002
  0.35045547E+001  0.11485432E+001 -0.76572974E+002
  0.35260007E+001  0.10888545E+001 -0.76773605E+002
  0.35030453E+001  0.11467265E+001 -0.76680248E+002
  0.35081973E+001  0.11344885E+001 -0.76439199E+002
  0.35237214E+001  0.10951083E+001 -0.76637196E+002
  0.35044980E+001  0.11372839E+001 -0.76632611E+002
  0.35243322E+001  0.11018308E+001 -0.76806573E+002
  0.35221006E+001  0.11147636E+001 -0.76793043E+002
  0.35190485E+001  0.11095665E+001 -0.76459885E+002
  0.35338581E+001  0.10021847E+001 -0.76813384E+002
  0.35187745E+001  0.10746577E+001 -0.76342090E+002
  0.35083899E+001  0.11006116E+001 -0.76685734E+002
  0.35080567E+001  0.11143154E+001 -0.76552669E+002
  0.35086163E+001  0.11610251E+001 -0.76560631E+002
  0.35239750E+001  0.10708384E+001 -0.76428819E+002
  0.35127987E+001  0.10650946E+001 -0.76827248E+002
  0.35091391E+001  0.11561866E+001 -0.76524517E+002
  0.35106835E+001  0.11323041E+001 -0.76388020E+002
  0.35033452E+001  0.11551239E+001 -0.76623204E+002
  0.35203553E+001  0.10367786E+001 -0.76659362E+002
  0.35207879E+001  0.10438668E+001 -0.76533450E+002
  0.35036872E+001  0.11281389E+001 -0.76797271E+002
  0.35256597E+001  0.10875594E+001 -0.76717580E+002
  0.35315865E+001  0.10367808E+001 -0.76727466E+002
  0.35173720E+001  0.10611121E+001 -0.76503165E+002
  0.35282147E+001  0.10286649E+001 -0.76550356E+002
  0.35184259E+001  0.10942760E+001 -0.76331396E+002
  0.35044139E+001  0.11809773E+001 -0.76695793E+002
  0.35028935E+001  0.11511421E+001 -0.76666565E+002
  0.35226803E+001  0.10339497E+001 -0.76571545E+002
  0.35179209E+001  0.10784616E+001 -0.76339387E+002
  0.35251121E+001  0.10671970E+001 -0.76468378E+002
  0.35282782E+001  0.10099490E+001 -0.76689768E+002
  0.35198108E+001  0.10422507E+001 -0.76610266E+002
  0.35242776E+001  0.10911942E+001 -0.76634685E+002
  0.35056506E+001  0.11405679E+001 -0.76538391E+002
  0.35124627E+001  0.11357862E+001 -0.76423946E+002
  0.35230731E+001  0.10501121E+001 -0.76416799E+002
  0.35123914E+001  0.11195603E+001 -0.76349051E+002
  0.35139353E+001  0.11481441E+001 -0.76638681E+002
  0.35239156E+001  0.10396064E+001 -0.76477661E+002
  0.35243787E+001  0.10279341E+001 -0.76580720E+002
  0.35052421E+001  0.11425523E+001 -0.76553965E+002
  0.35013482E+001  0.11524488E+001 -0.76781269E+002
  0.35175833E+001  0.10823460E+001 -0.76329922E+002
  0.34994756E+001  0.11776958E+001 -0.76815538E+002
  0.35115983E+001  0.11138346E+001 -0.76368141E+002
  0.35082826E+001  0.11537446E+001 -0.76493184E+002
  0.35017643E+001  0.11427879E+001 -0.76828308E+002
  0.35191166E+001  0.10432450E+001 -0.76641818E+002
  0.35302864E+001  0.10121661E+001 -0.76667736E+002
  0.35295554E+001  0.10377076E+001 -0.76594583E+002
  0.35175364E+001  0.11147494E+001 -0.76429295E+002
  0.35068454E+001  0.11503725E+001 -0.76488010E+002
  0.35251558E+001  0.10849461E+001 -0.76633056E+002
  0.35072658E+001  0.11233038E+001 -0.76534089E+002
  0.35144804E+001  0.10702733E+001 -0.76579872E+002
  0.35041367E+001  0.11403270E+001 -0.76638815E+002
  0.35038954E+001  0.11467937E+001 -0.76618929E+002
  0.35037721E+001  0.11311402E+001 -0.76753016E+002
  0.35203887E+001  0.10462423E+001 -0.76523471E+002
  0.35247495E+001  0.10880251E+001 -0.76635774E+002
  0.35192645E+001  0.10363287E+001 -0.76749265E+002
  0.35028332E+001  0.11754247E+001 -0.76666672E+002
  0.35094657E+001  0.11303830E+001 -0.76404201E+002
  0.35246768E+001  0.10652673E+001 -0.76437456E+002
  0.35068659E+001  0.11725500E+001 -0.76644704E+002
  0.35137488E+001  0.11055939E+001 -0.76333591E+002
  0.35138194E+001  0.11383506E+001 -0.76497967E+002
  0.35161096E+001  0.10585623E+001 -0.76626644E+002
  0.35147439E+001  0.10711152E+001 -0.76548167E+002
  0.35278592E+001  0.10577842E+001 -0.76583751E+002
  0.35161464E+001  0.11056655E+001 -0.76327910E+002
  0.35217830E+001  0.10328646E+001 -0.76631043E+002
  0.35166711E+001  0.11212144E+001 -0.76450108E+002
  0.35221492E+001  0.10955996E+001 -0.76514125E+002
  0.35136473E+001  0.11483034E+001 -0.76621924E+002
  0.35223679E+001  0.11097952E+001 -0.76732864E+002
  0.35202724E+001  0.10761573E+001 -0.76335483E+002
  0.35064680E+001  0.11759410E+001 -0.76674897E+002
  0.35280266E+001  0.10455016E+001 -0.76533981E+002
  0.35204468E+001  0.11080684E+001 -0.76536246E+002
  0.35104029E+001  0.10848596E+001 -0.76725277E+002
  0.35141346E+001  0.10590667E+001 -0.76801021E+002
  0.35062584E+001  0.11127914E+001 -0.76730279E+002
  0.35189019E+001  0.11135007E+001 -0.76494396E+002
  0.35016945E+001  0.11640492E+001 -0.76699965E+002
  0.35224130E+001  0.10585495E+001 -0.76381295E+002
  0.35239727E+001  0.10915079E+001 -0.76611432E+002
  0.35101726E+001  0.11112574E+001 -0.76439748E+002
  0.35290365E+001  0.10631394E+001 -0.76734826E+002
  0.35129545E+001  0.11432935E+001 -0.76515531E+002
  0.35206676E+001  0.10545062E+001 -0.76427619E+002
  0.35188989E+001  0.10567865E+001 -0.76472520E+002
  0.35273322E+001  0.10617761E+001 -0.76575074E+002
  0.35138546E+001  0.10688062E+001 -0.76654835E+002
  0.35019378E+001  0.11951138E+001 -0.76827670E+002
  0.35078446E+001  0.11801388E+001 -0.76788089E+002
  0.35163380E+001  0.10807807E+001 -0.76366968E+002
  0.35239182E+001  0.10459732E+001 -0.76435467E+002
  0.35026659E+001  0.11945555E+001 -0.76827237E+002
  0.35053813E+001  0.11601170E+001 -0.76547839E+002
  0.35159759E+001  0.11304817E+001 -0.76518553E+002
  0.35150021E+001  0.10784393E+001 -0.76445567E+002
  0.35277578E+001  0.10404277E+001 -0.76515588E+002
  0.35082331E+001  0.11636509E+001 -0.76578977E+002
  0.35094288E+001  0.11514837E+001 -0.76488441E+002
  0.35259446E+001  0.10633990E+001 -0.76494435E+002
  0.35009635E+001  0.11960401E+001 -0.76838466E+002
  0.35056861E+001  0.11100041E+001 -0.76833579E+002
  0.35092085E+001  0.10862229E+001 -0.76832490E+002
  0.35244872E+001  0.10815758E+001 -0.76539289E+002
  0.35136236E+001  0.11513162E+001 -0.76667997E+002
  0.35020120E+001  0.11680549E+001 -0.76678565E+002
  0.35182522E+001  0.10684286E+001 -0.76390391E+002
  0.35204533E+001  0.10559262E+001 -0.76421940E+002
  0.35123208E+001  0.11579629E+001 -0.76687807E+002
  0.35325509E+001  0.10205745E+001 -0.76732327E+002
  0.35231773E+001  0.11040765E+001 -0.76720311E+002
  0.35197486E+001  0.10293945E+001 -0.76841358E+002
  0.35317985E+001  0.10049126E+001 -0.76738159E+002
  0.35236821E+001  0.10209625E+001 -0.76707019E+002
  0.35083960E+001  0.10912032E+001 -0.76836681E+002
  0.35221077E+001  0.11150037E+001 -0.76798297E+002
  0.35133134E+001  0.11172551E+001 -0.76340845E+002
  0.34996413E+001  0.11785635E+001 -0.76804814E+002
  0.35012922E+001  0.11836245E+001 -0.76745027E+002
  0.35042303E+001  0.11343955E+001 -0.76677898E+002
  0.35212595E+001  0.10969887E+001 -0.76468188E+002
  0.35058235E+001  0.11285579E+001 -0.76597951E+002
  0.35080218E+001  0.11421311E+001 -0.76446211E+002
  0.35068568E+001  0.11108421E+001 -0.76696329E+002
  0.35225643E+001  0.10375504E+001 -0.76532959E+002
  0.35242259E+001  0.10705212E+001 -0.76439460E+002
  0.35138187E+001  0.10684259E+001 -0.76664262E+002
  0.35204994E+001  0.10715035E+001 -0.76342440E+002
  0.35134022E+001  0.11348849E+001 -0.76444299E+002
  0.35199557E+001  0.10705940E+001 -0.76345651E+002
  0.35236354E+001  0.10257373E+001 -0.76638199E+002
  0.35115805E+001  0.11128339E+001 -0.76371514E+002
  0.35233945E+001  0.10142901E+001 -0.76841722E+002
  0.35218624E+001  0.11164566E+001 -0.76798516E+002
  0.35106686E+001  0.11600823E+001 -0.76624389E+002
  0.35090762E+001  0.11126533E+001 -0.76495168E+002
  0.35263617E+001  0.10468061E+001 -0.76467812E+002
  0.35280379E+001  0.10398812E+001 -0.76526138E+002
  0.35220589E+001  0.10550390E+001 -0.76397757E+002
  0.35045319E+001  0.11790256E+001 -0.76677600E+002
  0.35049904E+001  0.11549855E+001 -0.76547452E+002
  0.35326180E+001  0.10154801E+001 -0.76732845E+002
  0.35108533E+001  0.11577359E+001 -0.76600955E+002
  0.35206647E+001  0.10637675E+001 -0.76367280E+002
  0.35263313E+001  0.10527929E+001 -0.76472626E+002
  0.35177282E+001  0.10437953E+001 -0.76743044E+002
  0.35284692E+001  0.10336909E+001 -0.76544403E+002
  0.35100264E+001  0.11075923E+001 -0.76475168E+002
  0.35087936E+001  0.10969716E+001 -0.76698628E+002
  0.35298874E+001  0.10062445E+001 -0.76711961E+002
  0.35126834E+001  0.11121137E+001 -0.76344534E+002
  0.35152341E+001  0.11147152E+001 -0.76349589E+002
  0.35064839E+001  0.11446377E+001 -0.76491901E+002
  0.35066057E+001  0.11820554E+001 -0.76761583E+002
  0.35064373E+001  0.11189350E+001 -0.76638433E+002
  0.35164891E+001  0.11233678E+001 -0.76463573E+002
  0.35102933E+001  0.10794530E+001 -0.76833180E+002
  0.35160284E+001  0.10756252E+001 -0.76419560E+002
  0.35213810E+001  0.10944029E+001 -0.76451378E+002
  0.35167254E+001  0.11084906E+001 -0.76351593E+002
  0.35074498E+001  0.11271964E+001 -0.76497437E+002
  0.35253521E+001  0.10120037E+001 -0.76761109E+002
  0.35260039E+001  0.10564777E+001 -0.76467694E+002
  0.35221158E+001  0.10863594E+001 -0.76427762E+002
  0.35250425E+001  0.10852024E+001 -0.76626070E+002
  0.35243343E+001  0.10529910E+001 -0.76413586E+002
  0.35193734E+001  0.11139399E+001 -0.76532168E+002
  0.35025966E+001  0.11474179E+001 -0.76711348E+002
  0.35149543E+001  0.11303238E+001 -0.76462098E+002
  0.35007768E+001  0.11831207E+001 -0.76758938E+002
  0.35174291E+001  0.10963281E+001 -0.76320326E+002
  0.35134427E+001  0.11118523E+001 -0.76333590E+002
  0.35138054E+001  0.11177781E+001 -0.76343720E+002
  0.35118078E+001  0.11441213E+001 -0.76479496E+002
  0.35093628E+001  0.11446069E+001 -0.76441608E+002
  0.35097217E+001  0.10832433E+001 -0.76828083E+002
  0.35121170E+001  0.11547154E+001 -0.76624362E+002
  0.35012562E+001  0.11526932E+001 -0.76787598E+002
  0.35277100E+001  0.10529175E+001 -0.76544318E+002
  0.35106870E+001  0.11630502E+001 -0.76668899E+002
  0.35119576E+001  0.11213674E+001 -0.76355308E+002
  0.35288254E+001  0.10396152E+001 -0.76560703E+002
  0.35005016E+001  0.11868971E+001 -0.76783825E+002
  0.35192608E+001  0.11023493E+001 -0.76404744E+002
  0.35228886E+001  0.11027479E+001 -0.76670521E+002
  0.35009102E+001  0.11947736E+001 -0.76827626E+002
  0.35116516E+001  0.11562863E+001 -0.76621237E+002
  0.35277400E+001  0.10034845E+001 -0.76787851E+002
  0.35157473E+001  0.11452301E+001 -0.76729679E+002
  0.35121844E+001  0.10840250E+001 -0.76573267E+002
  0.35202103E+001  0.10955338E+001 -0.76398097E+002
  0.35245436E+001  0.10227177E+001 -0.76640080E+002
  0.35195646E+001  0.10355450E+001 -0.76739071E+002
  0.35020815E+001  0.11670749E+001 -0.76675160E+002
  0.35223834E+001  0.11038362E+001 -0.76639424E+002
  0.35188610E+001  0.10346343E+001 -0.76816926E+002
  0.35250034E+001  0.10668417E+001 -0.76460620E+002
  0.35036696E+001  0.11853781E+001 -0.76734696E+002
  0.35121527E+001  0.11285200E+001 -0.76374574E+002
  0.35214245E+001  0.10801396E+001 -0.76365080E+002
  0.35224847E+001  0.10364138E+001 -0.76549349E+002
  0.35274326E+001  0.10335487E+001 -0.76517973E+002
  0.35065150E+001  0.11825726E+001 -0.76765685E+002
  0.35270480E+001  0.10186308E+001 -0.76617666E+002
  0.35095927E+001  0.11762534E+001 -0.76824278E+002
  0.35180998E+001  0.10488812E+001 -0.76626087E+002
  0.35128395E+001  0.11261525E+001 -0.76369487E+002
  0.35125215E+001  0.10908400E+001 -0.76469338E+002
  0.35089005E+001  0.11593731E+001 -0.76550496E+002
  0.35018479E+001  0.11817965E+001 -0.76721553E+002
  0.35093311E+001  0.11405436E+001 -0.76423647E+002
  0.35232623E+001  0.10371842E+001 -0.76513921E+002
  0.35257876E+001  0.10560661E+001 -0.76457140E+002
  0.35271901E+001  0.10356187E+001 -0.76506694E+002
  0.35255399E+001  0.10438303E+001 -0.76453868E+002
  0.35059134E+001  0.11292788E+001 -0.76585461E+002
  0.35278380E+001  0.10059696E+001 -0.76749321E+002
  0.35107953E+001  0.11646537E+001 -0.76700340E+002
  0.35282090E+001  0.10368646E+001 -0.76532738E+002
  0.35232903E+001  0.10337803E+001 -0.76549840E+002
  0.35174560E+001  0.11169314E+001 -0.76446734E+002
  0.35227142E+001  0.11033695E+001 -0.76663331E+002
  0.35327239E+001  0.10134180E+001 -0.76739418E+002
  0.35281092E+001  0.10246133E+001 -0.76567754E+002
  0.35060658E+001  0.11198951E+001 -0.76661093E+002
  0.35146499E+001  0.10800855E+001 -0.76448841E+002
  0.35130499E+001  0.10696216E+001 -0.76716912E+002
  0.35292018E+001  0.10341172E+001 -0.76572052E+002
  0.35186747E+001  0.10391025E+001 -0.76747656E+002
  0.35160448E+001  0.11120643E+001 -0.76353614E+002
  0.35252058E+001  0.10728636E+001 -0.76512264E+002
  0.35148642E+001  0.11238088E+001 -0.76398259E+002
  0.35313978E+001  0.10023044E+001 -0.76750916E+002
  0.35288289E+001  0.10147349E+001 -0.76639090E+002
  0.35125617E+001  0.10834461E+001 -0.76550828E+002
  0.35182311E+001  0.11065291E+001 -0.76390859E+002
  0.35239717E+001  0.10544506E+001 -0.76405278E+002
  0.35110870E+001  0.11694207E+001 -0.76802625E+002
  0.35197820E+001  0.10953035E+001 -0.76377847E+002
  0.35191768E+001  0.10595594E+001 -0.76432581E+002
  0.35020039E+001  0.11730227E+001 -0.76684365E+002
  0.35072177E+001  0.11388767E+001 -0.76469369E+002
  0.35179460E+001  0.10724005E+001 -0.76371628E+002
  0.35198091E+001  0.10780392E+001 -0.76330690E+002
  0.35299661E+001  0.10061817E+001 -0.76712352E+002
  0.35130684E+001  0.11624292E+001 -0.76825586E+002
  0.35162092E+001  0.11075717E+001 -0.76335729E+002
  0.35267946E+001  0.10466923E+001 -0.76482407E+002
  0.35275854E+001  0.10180661E+001 -0.76616272E+002
  0.35075065E+001  0.11676951E+001 -0.76605379E+002
  0.35268749E+001  0.10529432E+001 -0.76498160E+002
  0.35228917E+001  0.10581379E+001 -0.76384969E+002
  0.35276743E+001  0.10198001E+001 -0.76600322E+002
  0.35222511E+001  0.11116958E+001 -0.76753693E+002
  0.35209878E+001  0.10355462E+001 -0.76637753E+002
  0.34999423E+001  0.11913115E+001 -0.76822906E+002
  0.35218076E+001  0.11161987E+001 -0.76787716E+002
  0.35273087E+001  0.10587537E+001 -0.76551947E+002
  0.35287210E+001  0.10084143E+001 -0.76699833E+002
  0.35135749E+001  0.11155611E+001 -0.76337100E+002
  0.35277477E+001  0.10715601E+001 -0.76709584E+002
  0.35302738E+001  0.10423203E+001 -0.76659857E+002
  0.35054624E+001  0.11532233E+001 -0.76529781E+002
  0.35109563E+001  0.10958223E+001 -0.76524753E+002
  0.35067285E+001  0.11338863E+001 -0.76505641E+002
  0.35239174E+001  0.10817635E+001 -0.76500208E+002
  0.35256226E+001  0.10798659E+001 -0.76612832E+002
  0.35221026E+001  0.10532886E+001 -0.76407288E+002
  0.35158131E+001  0.11062593E+001 -0.76325708E+002
  0.35197479E+001  0.10674784E+001 -0.76360824E+002
  0.35072399E+001  0.11599213E+001 -0.76531653E+002
  0.35056312E+001  0.11680911E+001 -0.76588638E+002
  0.35085959E+001  0.11549544E+001 -0.76504772E+002
  0.35221264E+001  0.10405028E+001 -0.76516022E+002
  0.35033378E+001  0.11818859E+001 -0.76701656E+002
  0.35039496E+001  0.11938363E+001 -0.76843582E+002
  0.35311809E+001  0.10312653E+001 -0.76672715E+002
  0.35253231E+001  0.10668434E+001 -0.76478206E+002
  0.35290514E+001  0.10161664E+001 -0.76628821E+002
  0.35010976E+001  0.11651609E+001 -0.76735167E+002
  0.35219339E+001  0.10436562E+001 -0.76489233E+002
  0.35184705E+001  0.11035554E+001 -0.76379131E+002
  0.35095320E+001  0.11144587E+001 -0.76454353E+002
  0.35328736E+001  0.10316857E+001 -0.76801910E+002
  0.35267247E+001  0.10716558E+001 -0.76616927E+002
  0.35094648E+001  0.11741647E+001 -0.76778769E+002
  0.35163465E+001  0.11436510E+001 -0.76753806E+002
  0.35202237E+001  0.11073716E+001 -0.76511527E+002
  0.35018077E+001  0.11469062E+001 -0.76784451E+002
  0.35093922E+001  0.11148705E+001 -0.76459582E+002
  0.35133069E+001  0.10854702E+001 -0.76474415E+002
  0.35292117E+001  0.10340925E+001 -0.76572471E+002
  0.35209206E+001  0.11104803E+001 -0.76606951E+002
  0.35159328E+001  0.11005773E+001 -0.76316690E+002
  0.35171486E+001  0.11132910E+001 -0.76398674E+002
  0.35170817E+001  0.10617458E+001 -0.76512706E+002
  0.35320378E+001  0.99413355E+000 -0.76827828E+002
  0.35254002E+001  0.10907574E+001 -0.76738942E+002
  0.35153001E+001  0.10962225E+001 -0.76325249E+002
  0.35131773E+001  0.11058282E+001 -0.76345505E+002
  0.35052658E+001  0.11709734E+001 -0.76610502E+002
  0.35300273E+001  0.10084490E+001 -0.76692491E+002
  0.35276380E+001  0.10265195E+001 -0.76552758E+002
  0.35112904E+001  0.11476591E+001 -0.76498415E+002
  0.35151893E+001  0.11086944E+001 -0.76326687E+002
  0.35285124E+001  0.10602393E+001 -0.76655888E+002
  0.35105621E+001  0.11126439E+001 -0.76412237E+002
  0.35141576E+001  0.10929618E+001 -0.76369588E+002
  0.35138236E+001  0.11506417E+001 -0.76671158E+002
  0.35055648E+001  0.11319988E+001 -0.76590855E+002
  0.35177122E+001  0.10534229E+001 -0.76584818E+002
  0.35180565E+001  0.10970347E+001 -0.76332655E+002
  0.35063969E+001  0.11241254E+001 -0.76591035E+002
  0.35087275E+001  0.11398046E+001 -0.76428617E+002
  0.35077524E+001  0.11151759E+001 -0.76567840E+002
  0.35170022E+001  0.11168659E+001 -0.76423459E+002
  0.35064154E+001  0.11220200E+001 -0.76608888E+002
  0.35090378E+001  0.11459561E+001 -0.76448465E+002
  0.35105505E+001  0.11315826E+001 -0.76387022E+002
  0.35054680E+001  0.11239834E+001 -0.76670744E+002
  0.35060174E+001  0.11118168E+001 -0.76769220E+002
  0.35139823E+001  0.10618231E+001 -0.76764198E+002
  0.35120388E+001  0.10947091E+001 -0.76462275E+002
  0.35197508E+001  0.11220882E+001 -0.76684337E+002
  0.35272546E+001  0.10733872E+001 -0.76684386E+002
  0.35175863E+001  0.10526161E+001 -0.76605825E+002
  0.35327566E+001  0.10148750E+001 -0.76740168E+002
  0.35174322E+001  0.11265398E+001 -0.76561886E+002
  0.35275180E+001  0.10342950E+001 -0.76517361E+002
  0.35113718E+001  0.11360535E+001 -0.76406383E+002
  0.35183760E+001  0.11171891E+001 -0.76504114E+002
  0.35082098E+001  0.11281388E+001 -0.76453472E+002
  0.35186240E+001  0.10780219E+001 -0.76331872E+002
  0.35238006E+001  0.10178582E+001 -0.76750864E+002
  0.34999103E+001  0.11734560E+001 -0.76793853E+002
  0.35122306E+001  0.11615074E+001 -0.76742153E+002
  0.35039048E+001  0.11789222E+001 -0.76675487E+002
  0.35300041E+001  0.10445159E+001 -0.76652969E+002
  0.35213025E+001  0.10839751E+001 -0.76376232E+002
  0.35251608E+001  0.10494624E+001 -0.76434622E+002
  0.35241548E+001  0.11009916E+001 -0.76772157E+002
  0.35158953E+001  0.10731084E+001 -0.76450869E+002
  0.35115666E+001  0.11244638E+001 -0.76363433E+002
  0.35173002E+001  0.11000078E+001 -0.76327845E+002
  0.35255430E+001  0.10113245E+001 -0.76762357E+002
  0.35169607E+001  0.11268104E+001 -0.76533126E+002
  0.35279089E+001  0.10239498E+001 -0.76570066E+002
  0.35215437E+001  0.10952196E+001 -0.76469045E+002
  0.35143637E+001  0.11023469E+001 -0.76328342E+002
  0.35339268E+001  0.10204526E+001 -0.76827345E+002
  0.35307497E+001  0.10412958E+001 -0.76689668E+002
  0.35199365E+001  0.10801434E+001 -0.76331700E+002
  0.35262510E+001  0.10242291E+001 -0.76575329E+002
  0.35010319E+001  0.11515392E+001 -0.76817366E+002
  0.35121692E+001  0.11428512E+001 -0.76478925E+002
  0.35045246E+001  0.11363802E+001 -0.76637260E+002
  0.35200889E+001  0.10950856E+001 -0.76389471E+002
  0.35084423E+001  0.11314171E+001 -0.76434966E+002
  0.35149502E+001  0.11245456E+001 -0.76407128E+002
  0.35181629E+001  0.11139580E+001 -0.76454593E+002
  0.35161183E+001  0.11112163E+001 -0.76350827E+002
  0.35132859E+001  0.11270023E+001 -0.76380472E+002
  0.35146711E+001  0.11371504E+001 -0.76527585E+002
  0.35109283E+001  0.10972800E+001 -0.76511039E+002
  0.35029687E+001  0.11631628E+001 -0.76632974E+002
  0.35102892E+001  0.10814372E+001 -0.76796862E+002
  0.35263030E+001  0.10236336E+001 -0.76580185E+002
  0.35264265E+001  0.10143093E+001 -0.76682623E+002
  0.35022012E+001  0.11610180E+001 -0.76676074E+002
  0.35031934E+001  0.11878530E+001 -0.76757107E+002
  0.35296490E+001  0.99734423E+000 -0.76816925E+002
  0.35185723E+001  0.10393512E+001 -0.76751811E+002
  0.35209899E+001  0.10826016E+001 -0.76359741E+002
  0.35078117E+001  0.10960373E+001 -0.76819411E+002
  0.35108406E+001  0.10756074E+001 -0.76843621E+002
  0.35300939E+001  0.99458750E+000 -0.76843851E+002
  0.35288201E+001  0.10109624E+001 -0.76672635E+002
  0.35183338E+001  0.10597908E+001 -0.76466807E+002
  0.35010093E+001  0.11553429E+001 -0.76790136E+002
  0.35228989E+001  0.10953971E+001 -0.76569528E+002
  0.35266098E+001  0.10276528E+001 -0.76543258E+002
  0.35156105E+001  0.10826709E+001 -0.76380522E+002
  0.35032828E+001  0.11925917E+001 -0.76812164E+002
  0.35054437E+001  0.11631547E+001 -0.76559785E+002
  0.35281785E+001  0.10570939E+001 -0.76602260E+002
  0.35222933E+001  0.10817202E+001 -0.76406579E+002
  0.35135898E+001  0.11373701E+001 -0.76476648E+002
  0.35156613E+001  0.10639806E+001 -0.76579572E+002
  0.35194357E+001  0.11060805E+001 -0.76447157E+002
  0.35053359E+001  0.11660636E+001 -0.76576755E+002
  0.35329822E+001  0.10306854E+001 -0.76804710E+002
  0.35149045E+001  0.11006912E+001 -0.76322924E+002
  0.35254618E+001  0.10219169E+001 -0.76617819E+002
  0.35024406E+001  0.11890849E+001 -0.76767530E+002
  0.35289100E+001  0.99696450E+000 -0.76843726E+002
  0.35013284E+001  0.11627549E+001 -0.76727122E+002
  0.35046724E+001  0.11299701E+001 -0.76680769E+002
  0.35055541E+001  0.11469364E+001 -0.76527252E+002
  0.35200250E+001  0.10280315E+001 -0.76844119E+002
  0.35073861E+001  0.11280101E+001 -0.76496754E+002
  0.35004618E+001  0.11567295E+001 -0.76828981E+002
  0.35068535E+001  0.11773204E+001 -0.76703794E+002
  0.35256894E+001  0.10446760E+001 -0.76454023E+002
  0.35229664E+001  0.10442028E+001 -0.76457409E+002
  0.35258378E+001  0.10802355E+001 -0.76636283E+002
  0.35177351E+001  0.11342224E+001 -0.76708438E+002
  0.35137581E+001  0.10998691E+001 -0.76349231E+002
  0.35294001E+001  0.10129466E+001 -0.76654344E+002
  0.35156444E+001  0.10540932E+001 -0.76744036E+002
  0.35071501E+001  0.11446103E+001 -0.76470596E+002
  0.35296391E+001  0.99951197E+000 -0.76788896E+002
  0.35173121E+001  0.10887120E+001 -0.76317583E+002
  0.35243842E+001  0.10459578E+001 -0.76435706E+002
  0.35099539E+001  0.11657552E+001 -0.76670741E+002
  0.35219376E+001  0.10620207E+001 -0.76369317E+002
  0.35197436E+001  0.11095667E+001 -0.76504259E+002
  0.35180429E+001  0.10407974E+001 -0.76771221E+002
  0.35219076E+001  0.10263831E+001 -0.76726933E+002
  0.35227658E+001  0.11097612E+001 -0.76774408E+002
  0.35094503E+001  0.10892224E+001 -0.76752908E+002
  0.35118777E+001  0.10847370E+001 -0.76589024E+002
  0.35273990E+001  0.10734501E+001 -0.76699093E+002
  0.35198556E+001  0.10602917E+001 -0.76404047E+002
  0.35108651E+001  0.11666940E+001 -0.76738604E+002
  0.35312157E+001  0.10092317E+001 -0.76701124E+002
  0.35071437E+001  0.11341682E+001 -0.76483250E+002
  0.35193459E+001  0.10852774E+001 -0.76328018E+002
  0.35240338E+001  0.10212592E+001 -0.76683906E+002
  0.35076231E+001  0.11642858E+001 -0.76572685E+002
  0.35142526E+001  0.10878078E+001 -0.76400689E+002
  0.35058512E+001  0.11413565E+001 -0.76525090E+002
  0.35282846E+001  0.10271927E+001 -0.76557519E+002
  0.35115794E+001  0.11693343E+001 -0.76838571E+002
  0.35061878E+001  0.11789516E+001 -0.76704816E+002
  0.35099958E+001  0.10977219E+001 -0.76578186E+002
  0.35236985E+001  0.10329167E+001 -0.76545971E+002
  0.35303732E+001  0.10432501E+001 -0.76672958E+002
  0.35134195E+001  0.11268152E+001 -0.76381840E+002
  0.35102107E+001  0.10968793E+001 -0.76570704E+002
  0.35126240E+001  0.11552614E+001 -0.76663939E+002
  0.35171041E+001  0.10573548E+001 -0.76570213E+002
  0.35007037E+001  0.11675118E+001 -0.76754908E+002
  0.35072779E+001  0.11269073E+001 -0.76509329E+002
  0.35108179E+001  0.10918557E+001 -0.76583304E+002
  0.35180393E+001  0.10873076E+001 -0.76317783E+002
  0.35000950E+001  0.11839757E+001 -0.76788056E+002
  0.35211642E+001  0.10862142E+001 -0.76381929E+002
  0.35333334E+001  0.10167457E+001 -0.76774542E+002
  0.35268636E+001  0.10528254E+001 -0.76497214E+002
  0.35251841E+001  0.10769007E+001 -0.76546012E+002
  0.35337648E+001  0.10154462E+001 -0.76800129E+002
  0.35009439E+001  0.11825643E+001 -0.76751083E+002
  0.35207173E+001  0.11038377E+001 -0.76504858E+002
  0.35226597E+001  0.10191181E+001 -0.76804030E+002
  0.35145643E+001  0.10806910E+001 -0.76447644E+002
  0.35104906E+001  0.11297977E+001 -0.76384085E+002
  0.35116836E+001  0.10802745E+001 -0.76672342E+002
  0.35259933E+001  0.10177608E+001 -0.76652299E+002
  0.35226704E+001  0.10882764E+001 -0.76476222E+002
  0.35039691E+001  0.11813264E+001 -0.76696555E+002
  0.35117685E+001  0.11402510E+001 -0.76443078E+002
  0.35249021E+001  0.10172262E+001 -0.76702179E+002
  0.35265634E+001  0.10723992E+001 -0.76611047E+002
  0.35033950E+001  0.11486707E+001 -0.76643709E+002
  0.35214446E+001  0.11090206E+001 -0.76631363E+002
  0.35212291E+001  0.11204540E+001 -0.76804808E+002
  0.35224136E+001  0.10643277E+001 -0.76368928E+002
  0.35304277E+001  0.10095716E+001 -0.76686712E+002
  0.35148787E+001  0.11393189E+001 -0.76569194E+002
  0.35252951E+001  0.10914752E+001 -0.76739016E+002
  0.35186741E+001  0.11177980E+001 -0.76532066E+002
  0.35075541E+001  0.11418479E+001 -0.76457322E+002
  0.35266362E+001  0.10189609E+001 -0.76621677E+002
  0.35128365E+001  0.11040740E+001 -0.76361361E+002
  0.34992626E+001  0.11872943E+001 -0.76833488E+002
  0.35159437E+001  0.10846189E+001 -0.76356388E+002
  0.35332445E+001  0.99536183E+000 -0.76829913E+002
  0.35092964E+001  0.11456152E+001 -0.76446943E+002
  0.35114879E+001  0.10780452E+001 -0.76728474E+002
  0.35184782E+001  0.11256689E+001 -0.76630129E+002
  0.35089399E+001  0.11156168E+001 -0.76481289E+002
  0.35218301E+001  0.10743027E+001 -0.76361611E+002
  0.35263223E+001  0.10767191E+001 -0.76637945E+002
  0.35169457E+001  0.11412613E+001 -0.76764394E+002
  0.35090629E+001  0.11610650E+001 -0.76573169E+002
  0.35046333E+001  0.11890466E+001 -0.76795470E+002
  0.35110077E+001  0.10766609E+001 -0.76804600E+002
  0.35104982E+001  0.10927037E+001 -0.76599441E+002
  0.35277684E+001  0.10712169E+001 -0.76707350E+002
  0.35238105E+001  0.10157091E+001 -0.76787310E+002
  0.35214735E+001  0.10803239E+001 -0.76367319E+002
  0.35030006E+001  0.11917397E+001 -0.76798028E+002
  0.35041400E+001  0.11805070E+001 -0.76689552E+002
  0.35161226E+001  0.10891253E+001 -0.76331134E+002
  0.35220245E+001  0.10928637E+001 -0.76477286E+002
  0.35248654E+001  0.10207248E+001 -0.76653971E+002
  0.35120382E+001  0.10963304E+001 -0.76447636E+002
  0.35254379E+001  0.10600664E+001 -0.76453307E+002
  0.35139864E+001  0.10908472E+001 -0.76390300E+002
  0.35163493E+001  0.10682230E+001 -0.76478638E+002
  0.35149431E+001  0.11319852E+001 -0.76479776E+002
  0.35153099E+001  0.11192828E+001 -0.76378581E+002
  0.35172701E+001  0.10475675E+001 -0.76714610E+002
  0.35215432E+001  0.10293585E+001 -0.76701096E+002
  0.35312119E+001  0.10453431E+001 -0.76759532E+002
  0.35044906E+001  0.11614078E+001 -0.76573711E+002
  0.35218438E+001  0.10742298E+001 -0.76361832E+002
  0.35021267E+001  0.11792183E+001 -0.76701759E+002
  0.34996727E+001  0.11780039E+001 -0.76803211E+002
  0.35219899E+001  0.10356378E+001 -0.76581174E+002
  0.35254321E+001  0.10437160E+001 -0.76452765E+002
  0.35035716E+001  0.11783850E+001 -0.76672990E+002
  0.35111743E+001  0.11334322E+001 -0.76391574E+002
  0.35091057E+001  0.11653177E+001 -0.76626399E+002
  0.35186685E+001  0.11025125E+001 -0.76379877E+002
  0.35168986E+001  0.10689648E+001 -0.76441171E+002
  0.35137401E+001  0.11443429E+001 -0.76570036E+002
  0.35164418E+001  0.10746334E+001 -0.76409423E+002
  0.35124267E+001  0.11137769E+001 -0.76347737E+002
  0.35203112E+001  0.11011563E+001 -0.76450442E+002
  0.35210633E+001  0.10504058E+001 -0.76451847E+002
  0.35270752E+001  0.10139403E+001 -0.76668707E+002
  0.35150366E+001  0.10702253E+001 -0.76538861E+002
  0.35137945E+001  0.11117085E+001 -0.76330809E+002
  0.35107841E+001  0.11315546E+001 -0.76385254E+002
  0.35298288E+001  0.10432041E+001 -0.76632906E+002
  0.35115842E+001  0.11692266E+001 -0.76836850E+002
  0.35059824E+001  0.11265110E+001 -0.76602768E+002
  0.35309158E+001  0.10468240E+001 -0.76745569E+002
  0.35150317E+001  0.11269600E+001 -0.76431687E+002
  0.35002655E+001  0.11675029E+001 -0.76785533E+002
  0.35031088E+001  0.11806452E+001 -0.76693502E+002
  0.35071080E+001  0.11705951E+001 -0.76628197E+002
  0.35030567E+001  0.11880097E+001 -0.76757992E+002
  0.35081494E+001  0.11605843E+001 -0.76546668E+002
  0.35170279E+001  0.11134740E+001 -0.76395197E+002
  0.35110841E+001  0.11053959E+001 -0.76430120E+002
  0.35329551E+001  0.10232757E+001 -0.76765716E+002
  0.35265916E+001  0.10265819E+001 -0.76551461E+002
  0.35288189E+001  0.10253143E+001 -0.76575363E+002
  0.35181846E+001  0.11012596E+001 -0.76354813E+002
  0.35221215E+001  0.10669453E+001 -0.76362709E+002
  0.35220078E+001  0.10672864E+001 -0.76360833E+002
  0.35246082E+001  0.10458214E+001 -0.76437344E+002
  0.35208308E+001  0.10253693E+001 -0.76827418E+002
  0.35229145E+001  0.10934205E+001 -0.76547008E+002
  0.35184303E+001  0.10769199E+001 -0.76337801E+002
  0.35134958E+001  0.11601707E+001 -0.76817781E+002
  0.34992864E+001  0.11908899E+001 -0.76843631E+002
  0.35065528E+001  0.11208231E+001 -0.76609175E+002
  0.35268137E+001  0.10063608E+001 -0.76781288E+002
  0.35115960E+001  0.10977882E+001 -0.76461448E+002
  0.35152855E+001  0.10742874E+001 -0.76473065E+002
  0.35310549E+001  0.10394732E+001 -0.76702089E+002
  0.35242917E+001  0.10220521E+001 -0.76660052E+002
  0.35219384E+001  0.10352504E+001 -0.76588907E+002
  0.35207451E+001  0.11235871E+001 -0.76812231E+002
  0.35110457E+001  0.11247268E+001 -0.76370328E+002
  0.35149300E+001  0.10942779E+001 -0.76338891E+002
  0.35040182E+001  0.11540780E+001 -0.76589320E+002
  0.35068289E+001  0.11092152E+001 -0.76721145E+002
  0.35264930E+001  0.10754720E+001 -0.76638742E+002
  0.35305178E+001  0.10259303E+001 -0.76629342E+002
  0.35152524E+001  0.10943164E+001 -0.76331359E+002
  0.35293321E+001  0.10575924E+001 -0.76702789E+002
  0.35179249E+001  0.10508624E+001 -0.76608102E+002
  0.35154215E+001  0.10878561E+001 -0.76354684E+002
  0.35041543E+001  0.11375815E+001 -0.76657492E+002
  0.35232831E+001  0.10248601E+001 -0.76668434E+002
  0.35132452E+001  0.10994203E+001 -0.76368299E+002
  0.35300750E+001  0.10220743E+001 -0.76618515E+002
  0.35169974E+001  0.10484887E+001 -0.76721990E+002
  0.35260993E+001  0.10096273E+001 -0.76762441E+002
  0.35199657E+001  0.10373944E+001 -0.76676435E+002
  0.35009064E+001  0.11836275E+001 -0.76756554E+002
  0.35076009E+001  0.11004515E+001 -0.76770035E+002
  0.35303255E+001  0.10188810E+001 -0.76635787E+002
  0.35116909E+001  0.10873141E+001 -0.76570069E+002
  0.35095533E+001  0.11603995E+001 -0.76581439E+002
  0.35191596E+001  0.10361503E+001 -0.76761366E+002
  0.35028579E+001  0.11420894E+001 -0.76730558E+002
  0.35136268E+001  0.10719981E+001 -0.76624685E+002
  0.35057808E+001  0.11473447E+001 -0.76517293E+002
  0.35175394E+001  0.11302179E+001 -0.76624756E+002
  0.35074555E+001  0.11258539E+001 -0.76504788E+002
  0.35155048E+001  0.10864264E+001 -0.76360039E+002
  0.35048900E+001  0.11708601E+001 -0.76610706E+002
  0.35110133E+001  0.11343665E+001 -0.76395236E+002
  0.34997596E+001  0.11678517E+001 -0.76822432E+002
  0.35139475E+001  0.11307181E+001 -0.76425289E+002
  0.35177494E+001  0.11312741E+001 -0.76659185E+002
  0.35111737E+001  0.11397469E+001 -0.76427344E+002
  0.35242115E+001  0.10624093E+001 -0.76410923E+002
  0.35240841E+001  0.10734050E+001 -0.76448015E+002
  0.35240713E+001  0.10635561E+001 -0.76408341E+002
  0.35102072E+001  0.11739596E+001 -0.76824052E+002
  0.35235824E+001  0.10439871E+001 -0.76449842E+002
  0.35136787E+001  0.11397043E+001 -0.76507108E+002
  0.35185549E+001  0.11258050E+001 -0.76638755E+002
  0.35283171E+001  0.10743445E+001 -0.76807077E+002
  0.35178512E+001  0.11168849E+001 -0.76468167E+002
  0.35209572E+001  0.10494112E+001 -0.76464840E+002
  0.35233764E+001  0.10355862E+001 -0.76527119E+002
  0.35105927E+001  0.11366491E+001 -0.76404523E+002
  0.35177203E+001  0.10745143E+001 -0.76364458E+002
  0.35150029E+001  0.10991175E+001 -0.76323980E+002
  0.35137849E+001  0.10701077E+001 -0.76640275E+002
  0.35017205E+001  0.11609341E+001 -0.76706774E+002
  0.35204020E+001  0.10885063E+001 -0.76364366E+002
  0.35064948E+001  0.11702617E+001 -0.76613083E+002
  0.35169012E+001  0.10587709E+001 -0.76564223E+002
  0.35145560E+001  0.11449002E+001 -0.76630731E+002
  0.35129848E+001  0.10657759E+001 -0.76793755E+002
  0.35136682E+001  0.11292645E+001 -0.76404687E+002
  0.35145317E+001  0.11023944E+001 -0.76325681E+002
  0.35161402E+001  0.10628100E+001 -0.76561055E+002
  0.35036714E+001  0.11330703E+001 -0.76741820E+002
  0.35296525E+001  0.10023598E+001 -0.76754437E+002
  0.35267077E+001  0.10401656E+001 -0.76484781E+002
  0.35332256E+001  0.10197761E+001 -0.76773867E+002
  0.35084548E+001  0.11784378E+001 -0.76792641E+002
  0.35129910E+001  0.11038610E+001 -0.76357197E+002
  0.35117007E+001  0.10866237E+001 -0.76578343E+002
  0.35240447E+001  0.10133591E+001 -0.76814209E+002
  0.35282395E+001  0.10370550E+001 -0.76533753E+002
  0.35276391E+001  0.10621804E+001 -0.76601638E+002
  0.35099559E+001  0.11053145E+001 -0.76499698E+002
  0.35185837E+001  0.10922472E+001 -0.76328745E+002
  0.35054879E+001  0.11500705E+001 -0.76527595E+002
  0.35034436E+001  0.11667935E+001 -0.76618925E+002
  0.35126098E+001  0.11157151E+001 -0.76343968E+002
  0.35097905E+001  0.10956638E+001 -0.76622340E+002
  0.35072440E+001  0.11640949E+001 -0.76565273E+002
  0.35065706E+001  0.11174327E+001 -0.76643082E+002
  0.35276235E+001  0.10167425E+001 -0.76628402E+002
  0.35028965E+001  0.11454214E+001 -0.76700949E+002
  0.35067295E+001  0.11186958E+001 -0.76615778E+002
  0.35132886E+001  0.11553674E+001 -0.76712120E+002
  0.35293024E+001  0.10342191E+001 -0.76576524E+002
  0.35182383E+001  0.10552909E+001 -0.76525368E+002
  0.35174992E+001  0.11041622E+001 -0.76349789E+002
  0.35027752E+001  0.11454285E+001 -0.76710922E+002
  0.35257431E+001  0.10197172E+001 -0.76635835E+002
  0.35311121E+001  0.10391113E+001 -0.76704325E+002
  0.35088641E+001  0.11617174E+001 -0.76574636E+002
  0.35149663E+001  0.11100293E+001 -0.76328534E+002
  0.35115974E+001  0.10810701E+001 -0.76667999E+002
  0.35181378E+001  0.10763546E+001 -0.76344869E+002
  0.35177288E+001  0.11241624E+001 -0.76550075E+002
  0.35053575E+001  0.11337794E+001 -0.76593301E+002
  0.35070647E+001  0.11114309E+001 -0.76668714E+002
  0.35069134E+001  0.11188241E+001 -0.76599199E+002
  0.35271379E+001  0.10683100E+001 -0.76617609E+002
  0.35141672E+001  0.10817669E+001 -0.76459881E+002
  0.35250237E+001  0.10885255E+001 -0.76668243E+002
  0.35197370E+001  0.11262180E+001 -0.76755925E+002
  0.35148523E+001  0.11215806E+001 -0.76381404E+002
  0.35066527E+001  0.11378631E+001 -0.76495595E+002
  0.35284436E+001  0.10156735E+001 -0.76631922E+002
  0.35220348E+001  0.11045941E+001 -0.76619025E+002
  0.35326975E+001  0.10028042E+001 -0.76771146E+002
  0.35177101E+001  0.10859690E+001 -0.76319696E+002
  0.35241708E+001  0.10146583E+001 -0.76783130E+002
  0.35233876E+001  0.10311920E+001 -0.76577015E+002
  0.35232762E+001  0.10873083E+001 -0.76508032E+002
  0.35133753E+001  0.10887808E+001 -0.76437765E+002
  0.35340020E+001  0.10042282E+001 -0.76814360E+002
  0.35238359E+001  0.10862792E+001 -0.76538536E+002
  0.35081297E+001  0.11729861E+001 -0.76691631E+002
  0.35012003E+001  0.11656756E+001 -0.76727099E+002
  0.35226626E+001  0.10735217E+001 -0.76385176E+002
  0.35120442E+001  0.11370223E+001 -0.76423807E+002
  0.35267316E+001  0.10645110E+001 -0.76552735E+002
  0.35140781E+001  0.11495835E+001 -0.76672095E+002
  0.35341985E+001  0.10030234E+001 -0.76826193E+002
  0.35278850E+001  0.99986334E+000 -0.76837765E+002
  0.35203132E+001  0.10737674E+001 -0.76337995E+002
  0.35167267E+001  0.10955042E+001 -0.76314968E+002
  0.35093233E+001  0.11624475E+001 -0.76598133E+002
  0.35137383E+001  0.11541071E+001 -0.76724171E+002
  0.35046489E+001  0.11721168E+001 -0.76620800E+002
  0.35322115E+001  0.10383467E+001 -0.76791995E+002
  0.35198938E+001  0.10856054E+001 -0.76339062E+002
  0.35196554E+001  0.10372381E+001 -0.76701980E+002
  0.35029315E+001  0.11814282E+001 -0.76700945E+002
  0.35243282E+001  0.10230686E+001 -0.76644281E+002
  0.35051637E+001  0.11333825E+001 -0.76610573E+002
  0.35087267E+001  0.11704290E+001 -0.76680689E+002
  0.35206131E+001  0.10383767E+001 -0.76617977E+002
  0.35135301E+001  0.11421546E+001 -0.76529624E+002
  0.35152932E+001  0.10704573E+001 -0.76518045E+002
  0.35282430E+001  0.10663477E+001 -0.76695184E+002
  0.35178877E+001  0.10523845E+001 -0.76587906E+002
  0.35241395E+001  0.11040316E+001 -0.76824310E+002
  0.35113549E+001  0.11520332E+001 -0.76550100E+002
  0.35241031E+001  0.10172031E+001 -0.76744055E+002
  0.35076122E+001  0.11841671E+001 -0.76844229E+002
  0.35010739E+001  0.11824263E+001 -0.76746221E+002
  0.35247263E+001  0.10783497E+001 -0.76525895E+002
  0.35300218E+001  0.10307107E+001 -0.76607437E+002
  0.35063700E+001  0.11571099E+001 -0.76519411E+002
  0.35228153E+001  0.10288091E+001 -0.76634618E+002
  0.35242551E+001  0.10483288E+001 -0.76425389E+002
  0.35125197E+001  0.10912067E+001 -0.76465822E+002
  0.35298674E+001  0.10352915E+001 -0.76605993E+002
  0.35025880E+001  0.11507304E+001 -0.76691051E+002
  0.35318042E+001  0.99609254E+000 -0.76808139E+002
  0.35219852E+001  0.10527645E+001 -0.76412123E+002
  0.35065984E+001  0.11210204E+001 -0.76603517E+002
  0.35186047E+001  0.11283923E+001 -0.76685902E+002
  0.35216949E+001  0.10484722E+001 -0.76450798E+002
  0.35317076E+001  0.10336330E+001 -0.76719066E+002
  0.35163208E+001  0.10784248E+001 -0.76383889E+002
  0.35290738E+001  0.10392912E+001 -0.76572591E+002
  0.35113350E+001  0.10730618E+001 -0.76836144E+002
  0.35142002E+001  0.10916997E+001 -0.76375615E+002
  0.35248704E+001  0.10961461E+001 -0.76768604E+002
  0.35172338E+001  0.10671299E+001 -0.76443257E+002
  0.35110857E+001  0.11557119E+001 -0.76584817E+002
  0.35187321E+001  0.11117584E+001 -0.76464282E+002
  0.35134731E+001  0.11454349E+001 -0.76569690E+002
  0.35283704E+001  0.10252315E+001 -0.76567768E+002
  0.35335997E+001  0.10222504E+001 -0.76809602E+002
  0.35174126E+001  0.10931171E+001 -0.76316052E+002
  0.35138321E+001  0.11389612E+001 -0.76505751E+002
  0.35192304E+001  0.11324402E+001 -0.76822738E+002
  0.35295080E+001  0.10416900E+001 -0.76604773E+002
  0.35040580E+001  0.11828656E+001 -0.76711951E+002
  0.35236487E+001  0.10579748E+001 -0.76394893E+002
  0.35189114E+001  0.10825300E+001 -0.76322951E+002
  0.35335197E+001  0.10023581E+001 -0.76799546E+002
  0.35204505E+001  0.10741584E+001 -0.76338406E+002
  0.35158321E+001  0.10811573E+001 -0.76382740E+002
  0.35210641E+001  0.10821730E+001 -0.76360576E+002
  0.35061504E+001  0.11776013E+001 -0.76687054E+002
  0.35219735E+001  0.10834080E+001 -0.76401481E+002
  0.35288609E+001  0.10573117E+001 -0.76658630E+002
  0.35249587E+001  0.10635876E+001 -0.76443923E+002
  0.35198960E+001  0.10841202E+001 -0.76335778E+002
  0.35118584E+001  0.11357088E+001 -0.76410912E+002
  0.35132095E+001  0.11428144E+001 -0.76521802E+002
  0.35134777E+001  0.10880683E+001 -0.76438499E+002
  0.35178005E+001  0.10459305E+001 -0.76698465E+002
  0.35210896E+001  0.10498927E+001 -0.76455785E+002
  0.35002836E+001  0.11780346E+001 -0.76769201E+002
  0.35006021E+001  0.11812315E+001 -0.76759662E+002
  0.35192815E+001  0.11149117E+001 -0.76538074E+002
  0.35221618E+001  0.10769110E+001 -0.76378847E+002
  0.35172254E+001  0.10419775E+001 -0.76825153E+002
  0.35060155E+001  0.11720978E+001 -0.76624666E+002
  0.35233276E+001  0.10561845E+001 -0.76393654E+002
  0.35068880E+001  0.11770174E+001 -0.76700886E+002
  0.35241597E+001  0.10573637E+001 -0.76405682E+002
  0.35211138E+001  0.11023592E+001 -0.76515910E+002
  0.35189141E+001  0.10561316E+001 -0.76479048E+002
  0.35205302E+001  0.10963230E+001 -0.76419976E+002
  0.35180436E+001  0.10848448E+001 -0.76320102E+002
  0.35214962E+001  0.10558477E+001 -0.76399852E+002
  0.35242427E+001  0.10595333E+001 -0.76408257E+002
  0.35109284E+001  0.11624824E+001 -0.76673759E+002
  0.35292317E+001  0.10352715E+001 -0.76574114E+002
  0.35233110E+001  0.10837879E+001 -0.76477829E+002
  0.35175298E+001  0.10665136E+001 -0.76435401E+002
  0.35339244E+001  0.10068473E+001 -0.76806265E+002
  0.35252982E+001  0.10604116E+001 -0.76448189E+002
  0.35018140E+001  0.11746328E+001 -0.76695265E+002
  0.35272341E+001  0.10260762E+001 -0.76553691E+002
  0.35246392E+001  0.10227811E+001 -0.76635428E+002
  0.35095581E+001  0.10976670E+001 -0.76616532E+002
  0.35184256E+001  0.11373487E+001 -0.76835879E+002
  0.35135067E+001  0.11080434E+001 -0.76334406E+002
  0.35109144E+001  0.10813929E+001 -0.76730479E+002
  0.35198992E+001  0.10588878E+001 -0.76413884E+002
  0.35120484E+001  0.11015028E+001 -0.76407352E+002
  0.35073890E+001  0.11690417E+001 -0.76617452E+002
  0.35076368E+001  0.11407038E+001 -0.76454455E+002
  0.35223840E+001  0.10701282E+001 -0.76369199E+002
  0.35271661E+001  0.10120286E+001 -0.76689673E+002
  0.35027727E+001  0.11784746E+001 -0.76683889E+002
  0.35148796E+001  0.11103254E+001 -0.76328735E+002
  0.35314847E+001  0.10314403E+001 -0.76693300E+002
  0.35300507E+001  0.10073634E+001 -0.76701725E+002
  0.35315851E+001  0.10317392E+001 -0.76701402E+002
  0.35169438E+001  0.11109136E+001 -0.76373069E+002
  0.35064341E+001  0.11658340E+001 -0.76572978E+002
  0.35321299E+001  0.10002050E+001 -0.76775729E+002
  0.35130974E+001  0.10769346E+001 -0.76596331E+002
  0.35159122E+001  0.10719576E+001 -0.76462124E+002
  0.35069379E+001  0.11157148E+001 -0.76629697E+002
  0.35080952E+001  0.11736525E+001 -0.76699713E+002
  0.35084816E+001  0.10953842E+001 -0.76755707E+002
  0.35181911E+001  0.10488535E+001 -0.76619875E+002
  0.35210923E+001  0.10995302E+001 -0.76483117E+002
  0.35174548E+001  0.11125214E+001 -0.76405413E+002
  0.35142430E+001  0.11066359E+001 -0.76325731E+002
  0.35288517E+001  0.10421595E+001 -0.76568071E+002
  0.35105324E+001  0.10904502E+001 -0.76627164E+002
  0.35100050E+001  0.11363510E+001 -0.76404728E+002
  0.35093318E+001  0.11244835E+001 -0.76417422E+002
  0.35177487E+001  0.10768029E+001 -0.76350659E+002
  0.35160890E+001  0.11310703E+001 -0.76533150E+002
  0.35307822E+001  0.10341838E+001 -0.76657001E+002
  0.35105267E+001  0.11036782E+001 -0.76476527E+002
  0.35120662E+001  0.11185055E+001 -0.76352040E+002
  0.35049292E+001  0.11380286E+001 -0.76595975E+002
  0.35139305E+001  0.11464491E+001 -0.76612238E+002
  0.35230573E+001  0.10733216E+001 -0.76399372E+002
  0.35069985E+001  0.11616079E+001 -0.76543022E+002
  0.35121206E+001  0.10747009E+001 -0.76721625E+002
  0.35278129E+001  0.10251541E+001 -0.76562067E+002
  0.35341495E+001  0.10101111E+001 -0.76817850E+002
  0.35141747E+001  0.11336418E+001 -0.76462167E+002
  0.35272268E+001  0.10347356E+001 -0.76510180E+002
  0.35253718E+001  0.10303516E+001 -0.76532813E+002
  0.35082113E+001  0.11540359E+001 -0.76494794E+002
  0.35283557E+001  0.10565027E+001 -0.76611210E+002
  0.35071786E+001  0.11601127E+001 -0.76532804E+002
  0.35059827E+001  0.11190743E+001 -0.76678089E+002
  0.35311358E+001  0.10137924E+001 -0.76677455E+002
  0.35247830E+001  0.10550740E+001 -0.76421529E+002
  0.35286613E+001  0.10383867E+001 -0.76551268E+002
  0.35319490E+001  0.10405387E+001 -0.76785927E+002
  0.35229937E+001  0.10988153E+001 -0.76622716E+002
  0.35156156E+001  0.11487578E+001 -0.76784087E+002
  0.35307994E+001  0.10006805E+001 -0.76763285E+002
  0.35209907E+001  0.10679684E+001 -0.76351271E+002
  0.35344013E+001  0.10124001E+001 -0.76837030E+002
  0.35208508E+001  0.10285194E+001 -0.76765785E+002
  0.35050547E+001  0.11339495E+001 -0.76614609E+002
  0.35147642E+001  0.10577530E+001 -0.76761646E+002
  0.34993528E+001  0.11802445E+001 -0.76821356E+002
  0.35228576E+001  0.10347575E+001 -0.76554397E+002
  0.35152971E+001  0.11337527E+001 -0.76520019E+002
  0.35079190E+001  0.11542057E+001 -0.76494959E+002
  0.35189345E+001  0.10860963E+001 -0.76323476E+002
  0.35151896E+001  0.10608037E+001 -0.76667667E+002
  0.35134441E+001  0.11218748E+001 -0.76356326E+002
  0.35325726E+001  0.10389371E+001 -0.76830984E+002
  0.35192962E+001  0.11134650E+001 -0.76520651E+002
  0.35079373E+001  0.11808620E+001 -0.76805118E+002
  0.35191532E+001  0.10745283E+001 -0.76338369E+002
  0.35080115E+001  0.11050626E+001 -0.76661182E+002
  0.35126581E+001  0.11643798E+001 -0.76829366E+002
  0.35337693E+001  0.10043769E+001 -0.76803383E+002
  0.35133337E+001  0.11511015E+001 -0.76644673E+002
  0.35139917E+001  0.10654984E+001 -0.76697352E+002
  0.35276827E+001  0.10481830E+001 -0.76524025E+002
  0.35082704E+001  0.11139567E+001 -0.76540042E+002
  0.35022870E+001  0.11384296E+001 -0.76821792E+002
  0.35212904E+001  0.10988563E+001 -0.76489263E+002
  0.35255763E+001  0.10776130E+001 -0.76583951E+002
  0.35051428E+001  0.11327702E+001 -0.76616872E+002
  0.35221015E+001  0.10352809E+001 -0.76580537E+002
  0.35296883E+001  0.10504637E+001 -0.76669896E+002
  0.35158023E+001  0.10789505E+001 -0.76401094E+002
  0.35248707E+001  0.10185175E+001 -0.76684668E+002
  0.35131718E+001  0.11547302E+001 -0.76692695E+002
  0.35154034E+001  0.11358488E+001 -0.76554175E+002
  0.35018820E+001  0.11462184E+001 -0.76783568E+002
  0.35262865E+001  0.10658656E+001 -0.76531969E+002
  0.35135838E+001  0.10722826E+001 -0.76624047E+002
  0.35162915E+001  0.11031785E+001 -0.76322706E+002
  0.35053054E+001  0.11891580E+001 -0.76818464E+002
  0.35175109E+001  0.10677596E+001 -0.76424348E+002
  0.35028677E+001  0.11799974E+001 -0.76691792E+002
  0.35081648E+001  0.10987337E+001 -0.76736512E+002
  0.35152461E+001  0.11520301E+001 -0.76814066E+002
  0.35158386E+001  0.11205647E+001 -0.76406516E+002
  0.35174588E+001  0.10702273E+001 -0.76404608E+002
  0.35096116E+001  0.11295056E+001 -0.76400715E+002
  0.35239709E+001  0.11026270E+001 -0.76780225E+002
  0.35276376E+001  0.10682101E+001 -0.76660042E+002
  0.35316565E+001  0.10008117E+001 -0.76765336E+002
  0.35258612E+001  0.10087746E+001 -0.76787591E+002
  0.35145193E+001  0.10983506E+001 -0.76334745E+002
  0.35148048E+001  0.11005803E+001 -0.76324428E+002
  0.35228344E+001  0.10933676E+001 -0.76540189E+002
  0.35169186E+001  0.10448005E+001 -0.76798860E+002
  0.35186260E+001  0.10598655E+001 -0.76452379E+002
  0.35164386E+001  0.11234817E+001 -0.76462148E+002
  0.35227272E+001  0.10543898E+001 -0.76397299E+002
  0.35238737E+001  0.10292056E+001 -0.76582975E+002
  0.35154856E+001  0.10568305E+001 -0.76709381E+002
  0.35068104E+001  0.11714270E+001 -0.76630832E+002
  0.35130817E+001  0.11358715E+001 -0.76442517E+002
  0.35258244E+001  0.10621397E+001 -0.76481032E+002
  0.35315996E+001  0.10101880E+001 -0.76705482E+002
  0.35133604E+001  0.11074333E+001 -0.76337910E+002
  0.35013813E+001  0.11913568E+001 -0.76793959E+002
  0.35249163E+001  0.10315260E+001 -0.76529773E+002
  0.35105422E+001  0.11471565E+001 -0.76473163E+002
  0.35333713E+001  0.10048118E+001 -0.76785393E+002
  0.35312731E+001  0.10436072E+001 -0.76750220E+002
  0.35182668E+001  0.10371729E+001 -0.76821448E+002
  0.35166388E+001  0.10704291E+001 -0.76439398E+002
  0.35199229E+001  0.11169250E+001 -0.76617180E+002
  0.35077741E+001  0.11429465E+001 -0.76452906E+002
  0.35140194E+001  0.10668061E+001 -0.76672674E+002
  0.35196162E+001  0.10502170E+001 -0.76513344E+002
  0.35036754E+001  0.11835902E+001 -0.76716903E+002
  0.35334303E+001  0.10218407E+001 -0.76795052E+002
  0.35199462E+001  0.10592930E+001 -0.76409265E+002
  0.35191084E+001  0.10626082E+001 -0.76408302E+002
  0.35206622E+001  0.10385296E+001 -0.76612731E+002
  0.35133088E+001  0.10873434E+001 -0.76455227E+002
  0.35030659E+001  0.11795959E+001 -0.76686546E+002
  0.35311809E+001  0.10122807E+001 -0.76685011E+002
  0.35078553E+001  0.11092412E+001 -0.76623130E+002
  0.35263903E+001  0.10734360E+001 -0.76607346E+002
  0.35033245E+001  0.11386332E+001 -0.76719380E+002
  0.35186357E+001  0.10672917E+001 -0.76386854E+002
  0.35271087E+001  0.10365309E+001 -0.76502400E+002
  0.35113409E+001  0.11601348E+001 -0.76661258E+002
  0.35022578E+001  0.11700295E+001 -0.76668951E+002
  0.35028391E+001  0.11685742E+001 -0.76643749E+002
  0.35227225E+001  0.10528553E+001 -0.76404451E+002
  0.35051984E+001  0.11658215E+001 -0.76576763E+002
  0.35047756E+001  0.11586043E+001 -0.76559270E+002
  0.35129246E+001  0.11532891E+001 -0.76652218E+002
  0.35121245E+001  0.10912773E+001 -0.76490938E+002
  0.35149557E+001  0.11439929E+001 -0.76645064E+002
  0.35189515E+001  0.11276921E+001 -0.76705799E+002
  0.35127371E+001  0.10736238E+001 -0.76679461E+002
  0.35188832E+001  0.11289278E+001 -0.76721183E+002
  0.35253053E+001  0.10449004E+001 -0.76447388E+002
  0.35049910E+001  0.11148235E+001 -0.76838643E+002
  0.35137475E+001  0.11402950E+001 -0.76517630E+002
  0.35213486E+001  0.10589458E+001 -0.76384029E+002
  0.35079138E+001  0.11324693E+001 -0.76453448E+002
  0.35119500E+001  0.10958543E+001 -0.76457175E+002
  0.35125145E+001  0.11556897E+001 -0.76663664E+002
  0.35226483E+001  0.11023735E+001 -0.76642256E+002
  0.35243637E+001  0.10170013E+001 -0.76732822E+002
  0.35067194E+001  0.11102173E+001 -0.76718443E+002
  0.35204924E+001  0.10963962E+001 -0.76418589E+002
  0.35233202E+001  0.10210409E+001 -0.76726600E+002
  0.35056565E+001  0.11569613E+001 -0.76531682E+002
  0.35172723E+001  0.11100014E+001 -0.76378394E+002
  0.35048625E+001  0.11476396E+001 -0.76559015E+002
  0.35343474E+001  0.10126507E+001 -0.76833839E+002
  0.35141526E+001  0.11488489E+001 -0.76665381E+002
  0.35228171E+001  0.10536231E+001 -0.76400510E+002
  0.35234722E+001  0.10360738E+001 -0.76519254E+002
  0.35143142E+001  0.11268471E+001 -0.76404785E+002
  0.35252057E+001  0.10390085E+001 -0.76472077E+002
  0.35210871E+001  0.10861873E+001 -0.76378684E+002
  0.35321973E+001  0.10011373E+001 -0.76770142E+002
  0.35231688E+001  0.10633212E+001 -0.76382851E+002
  0.35197856E+001  0.11171554E+001 -0.76609022E+002
  0.35064679E+001  0.11410749E+001 -0.76496566E+002
  0.35047753E+001  0.11908581E+001 -0.76825457E+002
  0.35091493E+001  0.11704161E+001 -0.76700343E+002
  0.35274673E+001  0.10799393E+001 -0.76796416E+002
  0.35001785E+001  0.11829129E+001 -0.76781762E+002
  0.35231300E+001  0.10429733E+001 -0.76464192E+002
  0.35155483E+001  0.11347419E+001 -0.76548215E+002
  0.35030366E+001  0.11855600E+001 -0.76734309E+002
  0.35279903E+001  0.10222789E+001 -0.76581348E+002
  0.35202784E+001  0.10352214E+001 -0.76690367E+002
  0.35092510E+001  0.11335927E+001 -0.76410010E+002
  0.35266961E+001  0.10335872E+001 -0.76507456E+002
  0.35219953E+001  0.10232945E+001 -0.76775413E+002
  0.35034921E+001  0.11271909E+001 -0.76830581E+002
  0.35212214E+001  0.10918183E+001 -0.76420884E+002
  0.35328269E+001  0.10173771E+001 -0.76744728E+002
  0.35294539E+001  0.10256094E+001 -0.76590435E+002
  0.35236948E+001  0.10319789E+001 -0.76556590E+002
  0.35280315E+001  0.10581503E+001 -0.76599210E+002
  0.35142309E+001  0.11309904E+001 -0.76438060E+002
  0.35062202E+001  0.11324496E+001 -0.76542909E+002
  0.35337391E+001  0.10139630E+001 -0.76796074E+002
  0.35204853E+001  0.10332428E+001 -0.76709117E+002
  0.35216547E+001  0.10438781E+001 -0.76496678E+002
  0.35082090E+001  0.11656167E+001 -0.76600043E+002
  0.35075509E+001  0.11039231E+001 -0.76722507E+002
  0.35260572E+001  0.10756587E+001 -0.76602978E+002
  0.35033197E+001  0.11742999E+001 -0.76650787E+002
  0.35026766E+001  0.11920155E+001 -0.76798112E+002
  0.34999459E+001  0.11680335E+001 -0.76807272E+002
  0.35257978E+001  0.10455784E+001 -0.76454279E+002
  0.35174546E+001  0.10690734E+001 -0.76414783E+002
  0.35083932E+001  0.11358179E+001 -0.76432256E+002
  0.35062719E+001  0.11524963E+001 -0.76505792E+002
  0.35270383E+001  0.10285763E+001 -0.76537084E+002
  0.35140653E+001  0.10922681E+001 -0.76377438E+002
  0.35259894E+001  0.10895222E+001 -0.76783078E+002
  0.35179924E+001  0.10448821E+001 -0.76700896E+002
  0.35280037E+001  0.10268034E+001 -0.76555017E+002
  0.35222006E+001  0.10528697E+001 -0.76408643E+002
  0.35251338E+001  0.10509697E+001 -0.76432197E+002
  0.35288016E+001  0.10653204E+001 -0.76737400E+002
  0.35219112E+001  0.10862245E+001 -0.76416154E+002
  0.35263883E+001  0.10631575E+001 -0.76520095E+002
  0.35095689E+001  0.11758280E+001 -0.76814912E+002
  0.35028928E+001  0.11536547E+001 -0.76655536E+002
  0.35271891E+001  0.10483334E+001 -0.76500697E+002
  0.35242403E+001  0.10587222E+001 -0.76407742E+002
  0.35255528E+001  0.10153929E+001 -0.76700204E+002
  0.35323538E+001  0.10413259E+001 -0.76831608E+002
  0.35080384E+001  0.11642227E+001 -0.76580440E+002
