  0.350162890703306E+001  0.117701034581868E+001 -0.767084170319296E+002 -0.825342773982903E+002
  0.352405524912473E+001  0.108010834209655E+001 -0.764949822358182E+002 -0.800895121150632E+002
  0.351717712823496E+001  0.105088430201469E+001 -0.766650455695512E+002 -0.774285306416458E+002
  0.352672660410508E+001  0.103826339849715E+001 -0.764899459555480E+002 -0.793102641242982E+002
  0.352017366741913E+001  0.111919259019509E+001 -0.766754302095263E+002 -0.782372575543929E+002
  0.350673135442292E+001  0.113099879403383E+001 -0.765193180804989E+002 -0.786836510986794E+002
  0.350552285645029E+001  0.115507768546547E+001 -0.765306096438605E+002 -0.778170670185979E+002
  0.352195474588692E+001  0.103342370289820E+001 -0.766134662448616E+002 -0.769515838070304E+002
  0.352470194696667E+001  0.103905870135518E+001 -0.764731985728763E+002 -0.826177559708684E+002
  0.352222790693951E+001  0.109832280327716E+001 -0.765517259484847E+002 -0.776654283653824E+002
  0.353231447507936E+001  0.103671877953567E+001 -0.767885834579839E+002 -0.769293782460713E+002
  0.350374953076509E+001  0.112904997755230E+001 -0.767795620994610E+002 -0.770011322450305E+002
  0.352181570627976E+001  0.111935108961863E+001 -0.768491522649612E+002 -0.781270803364438E+002
  0.351917484696012E+001  0.110665351889938E+001 -0.764380143374919E+002 -0.769849695165561E+002
  0.350710523632902E+001  0.117163360651968E+001 -0.766399922491571E+002 -0.770091429551528E+002
  0.352635666620552E+001  0.104139019351663E+001 -0.764745308332858E+002 -0.787510432293748E+002
  0.351763015745440E+001  0.111070429809478E+001 -0.763979928378402E+002 -0.782207271355140E+002
  0.351311274709071E+001  0.106541472579486E+001 -0.767869891010982E+002 -0.772873209763946E+002
  0.351138775600567E+001  0.110759986086265E+001 -0.764013386584785E+002 -0.770692797645490E+002
  0.351371277135503E+001  0.114040632814064E+001 -0.765172431952680E+002 -0.777996586045776E+002
  0.351512527611001E+001  0.108238573112740E+001 -0.764033832731250E+002 -0.769610302682356E+002
  0.352305639761982E+001  0.108531451960147E+001 -0.764746974422458E+002 -0.772876256449044E+002
  0.351615239049022E+001  0.108559340945029E+001 -0.763452817155373E+002 -0.770594112264011E+002
  0.351329138052812E+001  0.111782888291851E+001 -0.763421511734761E+002 -0.770660954191914E+002
  0.351633026278321E+001  0.104844318992609E+001 -0.767849058626177E+002 -0.825518782611463E+002
  0.352843967510437E+001  0.107834937142726E+001 -0.768839015219963E+002 -0.769040017855214E+002
  0.351161798606668E+001  0.110356279418010E+001 -0.764149221244064E+002 -0.772894413097370E+002
  0.352706946537826E+001  0.102418429860439E+001 -0.765677141376510E+002 -0.102526634312476E+003
  0.351895755595874E+001  0.111133245110926E+001 -0.764733076052524E+002 -0.774740364240940E+002
  0.351735444484717E+001  0.104165725833948E+001 -0.768189613165756E+002 -0.956345357906856E+002
  0.353184593071856E+001  0.104155729146636E+001 -0.767850488125240E+002 -0.781536791674808E+002
  0.351214385506599E+001  0.108634209813160E+001 -0.765465083612368E+002 -0.779343080725060E+002
  0.352908079628217E+001  0.100090841397019E+001 -0.767831011801714E+002 -0.774028146535211E+002
  0.352899500061958E+001  0.106617414206132E+001 -0.767677036536455E+002 -0.770458364952753E+002
  0.350744307592839E+001  0.109991999335440E+001 -0.767960821751238E+002 -0.777584529090854E+002
  0.350971389448116E+001  0.111819014331475E+001 -0.764244830539894E+002 -0.779806085349731E+002
  0.350676014431658E+001  0.116664642228769E+001 -0.765824425472291E+002 -0.805508919606348E+002
  0.351852448350369E+001  0.113445857948951E+001 -0.767887954878073E+002 -0.850492126910525E+002
  0.351596984247110E+001  0.109293807772288E+001 -0.763226131575658E+002 -0.775579768424606E+002
  0.352903907802422E+001  0.106121428663832E+001 -0.767133762529497E+002 -0.770156948390220E+002
  0.351518455676262E+001  0.114687611862229E+001 -0.767116999736637E+002 -0.784176373090198E+002
  0.351352587676021E+001  0.110152458275014E+001 -0.763497379666693E+002 -0.771885096853419E+002
  0.350962681268435E+001  0.111980345601383E+001 -0.764214061472313E+002 -0.771339061343920E+002
  0.351572563399127E+001  0.108265054413606E+001 -0.763762438550851E+002 -0.785068171696967E+002
  0.351204783828262E+001  0.112471202484713E+001 -0.763610223437894E+002 -0.875683987030499E+002
  0.350837643291212E+001  0.115869262731378E+001 -0.765332164386432E+002 -0.777216169362181E+002
  0.351943197643068E+001  0.112004865322694E+001 -0.766230270499703E+002 -0.774177002225375E+002
  0.350362235311447E+001  0.114577400432226E+001 -0.766429673158217E+002 -0.780001335961245E+002
  0.351196093316901E+001  0.112095193194857E+001 -0.763548370389528E+002 -0.772028605411681E+002
  0.351415605670937E+001  0.111303494076268E+001 -0.763321752391824E+002 -0.785874075010304E+002
  0.351757212824692E+001  0.112572729703489E+001 -0.765605411989438E+002 -0.798493780426220E+002
  0.351316533037031E+001  0.109310288669510E+001 -0.764125075084530E+002 -0.769236040412406E+002
  0.350043353151031E+001  0.116359152874350E+001 -0.767892151579551E+002 -0.786742761551180E+002
  0.350869544858508E+001  0.115248403858352E+001 -0.764872185812159E+002 -0.769520799044127E+002
  0.352473623338308E+001  0.100715045279105E+001 -0.768838290213701E+002 -0.792396312871354E+002
  0.352140830541466E+001  0.103979251285287E+001 -0.765550015809980E+002 -0.769341227873788E+002
  0.351888187147653E+001  0.104860012543241E+001 -0.765767329037852E+002 -0.781902049848865E+002
  0.350579737423182E+001  0.116202417195384E+001 -0.765497697123313E+002 -0.120503378014836E+003
  0.351702877411805E+001  0.106920462958368E+001 -0.764325182909597E+002 -0.771946731169831E+002
  0.351648833413279E+001  0.114966352797538E+001 -0.768884228707498E+002 -0.770393819351927E+002
  0.350668779494921E+001  0.110007149947570E+001 -0.768819126374886E+002 -0.833286829378581E+002
  0.352190790046146E+001  0.102302158642589E+001 -0.767868676690685E+002 -0.774438817583531E+002
  0.349830289870693E+001  0.118739180186002E+001 -0.768844060203520E+002 -0.806515342796665E+002
  0.350882944994919E+001  0.116379002319109E+001 -0.765974577871128E+002 -0.770713428908013E+002
  0.353063392342544E+001  0.101794046290594E+001 -0.766478838272635E+002 -0.785176582569021E+002
  0.352352731183777E+001  0.109774630266117E+001 -0.766566781516188E+002 -0.772528943998201E+002
  0.351976068603109E+001  0.110566293949729E+001 -0.764621847268381E+002 -0.769542647253674E+002
  0.352891406149309E+001  0.106717832275718E+001 -0.767722092735656E+002 -0.803725525593244E+002
  0.353038505690867E+001  0.101109177733126E+001 -0.766759299537178E+002 -0.778935350550517E+002
  0.351962661204604E+001  0.111217548839266E+001 -0.765279485628855E+002 -0.770409816738876E+002
  0.352318791161814E+001  0.107643358508923E+001 -0.764195656246922E+002 -0.769431007473156E+002
  0.352020807705971E+001  0.106991666732556E+001 -0.763465775476052E+002 -0.779711380166234E+002
  0.350543990279204E+001  0.111623598414261E+001 -0.767684285417069E+002 -0.769115385261112E+002
  0.351441339000551E+001  0.106624263260865E+001 -0.766466450991675E+002 -0.771696321960334E+002
  0.353241897814490E+001  0.104280807971758E+001 -0.768527867086717E+002 -0.770792317266183E+002
  0.350723881597152E+001  0.111977354452174E+001 -0.765646965660902E+002 -0.771030538311703E+002
  0.353458850042464E+001  0.100041324995398E+001 -0.768506516995024E+002 -0.785374107147063E+002
  0.352522390236961E+001  0.105405307316766E+001 -0.764338840846015E+002 -0.769277663628549E+002
  0.351689610641640E+001  0.112165344523881E+001 -0.764667398435879E+002 -0.773604254123510E+002
  0.351238079722963E+001  0.116371924555721E+001 -0.767940383198222E+002 -0.778443416053452E+002
  0.352678953942568E+001  0.103692718127731E+001 -0.764951899713519E+002 -0.808126200153187E+002
  0.351062918715000E+001  0.116433104404410E+001 -0.766854830801896E+002 -0.771600816481363E+002
  0.350881135750019E+001  0.117267222146902E+001 -0.767180619533822E+002 -0.769860144554694E+002
  0.350784412326941E+001  0.109884914883202E+001 -0.767690458008391E+002 -0.799237189934117E+002
  0.350392739727018E+001  0.115368538913959E+001 -0.765946100746305E+002 -0.772662154076467E+002
  0.350385157176583E+001  0.119211954758542E+001 -0.768173613903055E+002 -0.771737865045522E+002
  0.353488173775391E+001  0.101509469749112E+001 -0.768808148621026E+002 -0.769338788778840E+002
  0.353513348825554E+001  0.100571816524439E+001 -0.768767340494899E+002 -0.773767691950799E+002
  0.353031622311565E+001  0.101201005620973E+001 -0.766691324687404E+002 -0.769772141855662E+002
  0.351197523166372E+001  0.116316651515354E+001 -0.767531689617996E+002 -0.779045254126611E+002
  0.353491307906859E+001  0.994744410893187E+000 -0.768833185975474E+002 -0.777308636961522E+002
  0.350138386171142E+001  0.120112000098665E+001 -0.768929343908485E+002 -0.794559377096356E+002
  0.350859536765830E+001  0.116684799051511E+001 -0.766270841664642E+002 -0.769164659934212E+002
  0.352183871438591E+001  0.109593162436589E+001 -0.764957733221135E+002 -0.773765381775730E+002
  0.350694391889861E+001  0.111870069640627E+001 -0.765979263875877E+002 -0.770705352718460E+002
  0.351902826430637E+001  0.103814995685277E+001 -0.767354811516183E+002 -0.777371589448237E+002
  0.352443078164352E+001  0.109496645829252E+001 -0.767036043535725E+002 -0.799182640702337E+002
  0.351972607492125E+001  0.102980267734228E+001 -0.768351552165110E+002 -0.955240394232854E+002
  0.350164942490737E+001  0.117275868468882E+001 -0.766986479556227E+002 -0.771067096748433E+002
  0.352880054451091E+001  0.101958702266210E+001 -0.766041344521358E+002 -0.840873996564533E+002
  0.350436043377164E+001  0.112642467425858E+001 -0.767488716146854E+002 -0.791126676400949E+002
  0.351635908406207E+001  0.105132448141068E+001 -0.767280768189033E+002 -0.770006263817292E+002
  0.352729997952488E+001  0.103787460397654E+001 -0.765036626346941E+002 -0.791930663438731E+002
  0.352535057340080E+001  0.109078463174105E+001 -0.767341497209143E+002 -0.903630255852799E+002
  0.353292597650735E+001  0.990547504490451E+000 -0.768663198230604E+002 -0.769042265877023E+002
  0.352179345414343E+001  0.104751198993915E+001 -0.764566054043247E+002 -0.791841519301445E+002
  0.350827463026433E+001  0.116180961091592E+001 -0.765608844638925E+002 -0.778686597371963E+002
  0.353254500699964E+001  0.102615642814237E+001 -0.767469893730707E+002 -0.785540831000570E+002
  0.350836206109122E+001  0.112176530499361E+001 -0.764756162467784E+002 -0.771440485217233E+002
  0.351880123106088E+001  0.111693273310855E+001 -0.765298403514245E+002 -0.773351468072935E+002
  0.353236853946227E+001  0.100645237713325E+001 -0.767441255549507E+002 -0.771051105829960E+002
  0.352595935659463E+001  0.101875434035205E+001 -0.766410566948920E+002 -0.771050266658223E+002
  0.350386160940195E+001  0.119415176559729E+001 -0.768456494720364E+002 -0.773694471877716E+002
  0.353127090179804E+001  0.100405987400615E+001 -0.767359908393120E+002 -0.787754488562059E+002
  0.350592382827922E+001  0.115214794194119E+001 -0.765142380771710E+002 -0.113948338394143E+003
  0.351532644359497E+001  0.106824563422684E+001 -0.765445798028598E+002 -0.783095139123829E+002
  0.350503230559959E+001  0.114969459683080E+001 -0.765470082231131E+002 -0.787536428872546E+002
  0.353431257366547E+001  0.102475606493724E+001 -0.768838267571925E+002 -0.769034557988018E+002
  0.350654835982191E+001  0.118316873651131E+001 -0.767759534055398E+002 -0.769816846333326E+002
  0.352349447787787E+001  0.110723822374976E+001 -0.768094431770516E+002 -0.794839601633140E+002
  0.350061092827471E+001  0.117575619688234E+001 -0.767510180542812E+002 -0.772318012638498E+002
  0.353318043928160E+001  0.988894886257887E+000 -0.768839545685779E+002 -0.776880942161917E+002
  0.351862175960968E+001  0.112223743834702E+001 -0.765895787900841E+002 -0.195593363349177E+003
  0.352171084408272E+001  0.111206568812178E+001 -0.767047488730850E+002 -0.776308332489621E+002
  0.352246365561176E+001  0.102900134545930E+001 -0.766505240675745E+002 -0.769707580169951E+002
  0.351649730622778E+001  0.110949520865111E+001 -0.763510524564131E+002 -0.784763863828493E+002
  0.350072396906215E+001  0.115654662336777E+001 -0.768067308679697E+002 -0.769595488228669E+002
  0.350820103518659E+001  0.113112700808518E+001 -0.764449013963654E+002 -0.775262199019339E+002
  0.350020601885101E+001  0.118799726786770E+001 -0.767983462835735E+002 -0.773644858156549E+002
  0.350634964535938E+001  0.116498292572571E+001 -0.765660996293530E+002 -0.770727606932834E+002
  0.351995039325572E+001  0.110057759686006E+001 -0.764248735042848E+002 -0.770129878770265E+002
  0.351933420379063E+001  0.104579811185865E+001 -0.765883330232178E+002 -0.812457319076889E+002
  0.352415309953822E+001  0.104083005342020E+001 -0.764655985624779E+002 -0.772112099203275E+002
  0.352122877866877E+001  0.107167840146491E+001 -0.763480140716911E+002 -0.771347362837984E+002
  0.352529429462458E+001  0.106784275113040E+001 -0.764824887834904E+002 -0.816675449592463E+002
  0.352952091004787E+001  0.101991144559462E+001 -0.766126216472836E+002 -0.772630706454044E+002
  0.353453041113573E+001  0.101121917050076E+001 -0.768436258305153E+002 -0.772494874092064E+002
  0.351924605791365E+001  0.104510977128646E+001 -0.766041505754469E+002 -0.769103539956070E+002
  0.352862629102186E+001  0.104739124502846E+001 -0.765743930196134E+002 -0.784337144096360E+002
  0.352840472714765E+001  0.107093614215557E+001 -0.767684636247247E+002 -0.779647938594116E+002
  0.352551481679583E+001  0.103509166921796E+001 -0.764953806619605E+002 -0.791763262835647E+002
  0.351177447723300E+001  0.109726926323267E+001 -0.764551504266962E+002 -0.769092789570938E+002
  0.349965315109746E+001  0.115823470159988E+001 -0.768940125869920E+002 -0.852783515973899E+002
  0.351494237383095E+001  0.110990124738485E+001 -0.763280629386653E+002 -0.777957963301646E+002
  0.352055441974387E+001  0.104592226827506E+001 -0.765194413266381E+002 -0.793556313934556E+002
  0.352581778102666E+001  0.103263027167257E+001 -0.765108235397535E+002 -0.769605732377517E+002
  0.352210222899714E+001  0.108373441292933E+001 -0.764094850754848E+002 -0.900547308111193E+002
  0.350843614496267E+001  0.117705526037804E+001 -0.767684907205972E+002 -0.775141080363669E+002
  0.349844921851016E+001  0.117627891594177E+001 -0.768918036621044E+002 -0.790797695982754E+002
  0.352820455413835E+001  0.101474840775544E+001 -0.766415528469223E+002 -0.778526619464459E+002
  0.350491033909176E+001  0.112422425394522E+001 -0.767204569985272E+002 -0.769052670179229E+002
  0.350841591072572E+001  0.109880786914345E+001 -0.767094172862640E+002 -0.771235730215923E+002
  0.352303930734906E+001  0.106461117630523E+001 -0.763802770273020E+002 -0.769612319183429E+002
  0.351028067550311E+001  0.112080244889355E+001 -0.763926900005079E+002 -0.779709345852548E+002
  0.352798942461171E+001  0.105803296358551E+001 -0.765951621665152E+002 -0.817445547829497E+002
  0.352316244116628E+001  0.101692605470991E+001 -0.768088000900755E+002 -0.772888165919429E+002
  0.350814740707707E+001  0.111824894421018E+001 -0.765126156766849E+002 -0.827214583329687E+002
  0.352571904832371E+001  0.109563761764973E+001 -0.768567248910712E+002 -0.834224255356102E+002
  0.352432649758783E+001  0.108716669336422E+001 -0.765878560699048E+002 -0.791656795291581E+002
  0.351114051877168E+001  0.112234268453026E+001 -0.763679870665948E+002 -0.779099925682449E+002
  0.351807030047845E+001  0.113233142820402E+001 -0.767055959576077E+002 -0.773659245756162E+002
  0.352445718701457E+001  0.107462934346868E+001 -0.764774964330521E+002 -0.769051619053753E+002
  0.352618855870206E+001  0.105201578198865E+001 -0.764653556309707E+002 -0.785405911178958E+002
  0.352834236933316E+001  0.103238530381630E+001 -0.765426538647396E+002 -0.772437153108861E+002
  0.351773754853272E+001  0.113994378103024E+001 -0.768165588685025E+002 -0.819149964537385E+002
  0.352351111244571E+001  0.103328068416589E+001 -0.765479767589956E+002 -0.783134798576978E+002
  0.352394194146719E+001  0.109984540057935E+001 -0.767302914482201E+002 -0.980697988885942E+002
  0.351012562495363E+001  0.109094802038692E+001 -0.766576830654434E+002 -0.773197592088605E+002
  0.352961770530323E+001  0.100856113457654E+001 -0.766912490898293E+002 -0.779249486924312E+002
  0.350197814584102E+001  0.118318048704434E+001 -0.767266365059600E+002 -0.769332694667866E+002
  0.353225697419800E+001  0.996646200072933E+000 -0.768056395530602E+002 -0.791766085196559E+002
  0.351992126955182E+001  0.104540752390418E+001 -0.765587048064388E+002 -0.769444061644269E+002
  0.353062027697441E+001  0.991014270261468E+000 -0.768810839632103E+002 -0.777264631971350E+002
  0.350234355389286E+001  0.114418997441298E+001 -0.767587397000244E+002 -0.799539699063336E+002
  0.351361098665821E+001  0.115872168506747E+001 -0.767993886413348E+002 -0.772854124907799E+002
  0.352864429146962E+001  0.107101279841924E+001 -0.767952269165149E+002 -0.771094082217665E+002
  0.351721247683158E+001  0.103944649219575E+001 -0.768788975580031E+002 -0.773243952633674E+002
  0.350336135399317E+001  0.115539888761470E+001 -0.766216440965508E+002 -0.787531147275050E+002
  0.350511358068202E+001  0.118417258398122E+001 -0.767434519082424E+002 -0.832866906619940E+002
  0.352669997731416E+001  0.104517990039017E+001 -0.764787927273791E+002 -0.791555702922475E+002
  0.351523915006343E+001  0.115206288567405E+001 -0.768140726871195E+002 -0.769669481608147E+002
  0.350823551185397E+001  0.113172144079980E+001 -0.764421932754448E+002 -0.779347202878600E+002
  0.353239983582250E+001  0.103006624074830E+001 -0.767535832278396E+002 -0.769393478936073E+002
  0.353284872940907E+001  0.102376452470502E+001 -0.767598738205973E+002 -0.773703942352920E+002
  0.351293057832465E+001  0.106950511171645E+001 -0.767308314958749E+002 -0.102474395357530E+003
  0.350503216425926E+001  0.118787485562231E+001 -0.767907040018052E+002 -0.779934496175205E+002
  0.353063834276439E+001  0.104718385013648E+001 -0.767238682622077E+002 -0.783069615217407E+002
  0.350961920907775E+001  0.109918782612542E+001 -0.765918357450650E+002 -0.784827535315903E+002
  0.350516902537262E+001  0.115015808951959E+001 -0.765405153996863E+002 -0.769610756859119E+002
  0.352381031056117E+001  0.105319918592917E+001 -0.764060907512968E+002 -0.771067889814919E+002
  0.350343369800673E+001  0.112498992160060E+001 -0.768675413220502E+002 -0.770283132449359E+002
  0.352569874595722E+001  0.107394882981819E+001 -0.765570427372548E+002 -0.812154632352918E+002
  0.351137275841711E+001  0.108000837253641E+001 -0.767070499722718E+002 -0.776359962343712E+002
  0.353144684520509E+001  0.102316293318250E+001 -0.766734336110121E+002 -0.769526018069671E+002
  0.351551305056891E+001  0.112229645078519E+001 -0.764087436722575E+002 -0.778893488873215E+002
  0.351396979984145E+001  0.105999453042624E+001 -0.768003412936800E+002 -0.782134110857528E+002
  0.353351401254317E+001  0.100720699268237E+001 -0.767856423976323E+002 -0.772764172348863E+002
  0.352938144245313E+001  0.103017531893662E+001 -0.765802693687880E+002 -0.773901642074708E+002
  0.351026791430989E+001  0.114158003114427E+001 -0.764286914816137E+002 -0.771804439174583E+002
  0.351145841379797E+001  0.112202811756848E+001 -0.763623675369741E+002 -0.769129349740587E+002
  0.351706223145569E+001  0.105469182521169E+001 -0.766128283425748E+002 -0.941296596810694E+002
  0.353036854652996E+001  0.101081932066047E+001 -0.766775077613171E+002 -0.806010503291800E+002
  0.352461907743962E+001  0.107741325331603E+001 -0.765100006306637E+002 -0.769847846913757E+002
  0.350574314257052E+001  0.117488310708824E+001 -0.766488532055374E+002 -0.776231724876339E+002
  0.351370108238387E+001  0.115680485158568E+001 -0.767704305409584E+002 -0.907661166579066E+002
  0.352954958162714E+001  0.102045343756018E+001 -0.766107336983480E+002 -0.770112070425014E+002
  0.352481246890007E+001  0.103374673299586E+001 -0.765119419545419E+002 -0.800462949974295E+002
  0.351920524424980E+001  0.104945038508277E+001 -0.765453975073517E+002 -0.790110914684246E+002
  0.351932799673976E+001  0.106204518647526E+001 -0.764058344528674E+002 -0.774010847720826E+002
  0.350097856878428E+001  0.114761613143290E+001 -0.768589975151000E+002 -0.780194692625371E+002
  0.350445549352131E+001  0.118875771152118E+001 -0.767869830719322E+002 -0.176220962144709E+003
  0.352149121305460E+001  0.112160289051232E+001 -0.768567773351465E+002 -0.776419149152019E+002
  0.350505781416831E+001  0.119268900126892E+001 -0.768638510868724E+002 -0.807560160724159E+002
  0.351382202874635E+001  0.107850083468598E+001 -0.765194639065132E+002 -0.777997642122608E+002
  0.352611147519736E+001  0.109151392826440E+001 -0.768301758329924E+002 -0.798579335374402E+002
  0.350830031593448E+001  0.116086960297162E+001 -0.765521503148180E+002 -0.807851603042607E+002
  0.351323008446283E+001  0.114897608000556E+001 -0.766057299530907E+002 -0.144567659010346E+003
  0.350662902928460E+001  0.118486355275453E+001 -0.768057907793641E+002 -0.788881847692576E+002
  0.351862522197367E+001  0.113393038231936E+001 -0.767888248421034E+002 -0.770871393289894E+002
  0.351453694870734E+001  0.107452050423787E+001 -0.765187389740558E+002 -0.787076450896000E+002
  0.352080835251316E+001  0.104810069149226E+001 -0.764837783642266E+002 -0.769213186227260E+002
  0.351689782443257E+001  0.112174059853267E+001 -0.764677965325244E+002 -0.769617628281964E+002
  0.351852664855897E+001  0.110474358443550E+001 -0.763899960717736E+002 -0.790171126487037E+002
  0.351854135962087E+001  0.108603797642058E+001 -0.763200474568723E+002 -0.797348851362790E+002
  0.350544540690400E+001  0.118051451589284E+001 -0.767059456166652E+002 -0.772080847859938E+002
  0.352271310322884E+001  0.107575625176932E+001 -0.763953196126073E+002 -0.771077131533347E+002
  0.351852780899514E+001  0.103643664720654E+001 -0.768117637205252E+002 -0.776493036654747E+002
  0.350369242097885E+001  0.118051018244418E+001 -0.766891404169766E+002 -0.773900122712514E+002
  0.352753895443510E+001  0.101359966082606E+001 -0.766624531161051E+002 -0.791220420439007E+002
  0.352510540392742E+001  0.104991732517446E+001 -0.764328166257687E+002 -0.773766434194283E+002
  0.353405101478150E+001  0.101947681999205E+001 -0.768329529131409E+002 -0.773503323614892E+002
  0.351179239908222E+001  0.117011704933485E+001 -0.768715740915885E+002 -0.769928322230578E+002
  0.352567988563906E+001  0.105555311013134E+001 -0.764516450759084E+002 -0.797701761807127E+002
  0.352256981216011E+001  0.108716953700073E+001 -0.764601742642621E+002 -0.772181386200783E+002
  0.349912474030562E+001  0.117852018122751E+001 -0.768371141716776E+002 -0.771831172848098E+002
  0.352055304838370E+001  0.107707661278614E+001 -0.763388054952071E+002 -0.778209693975112E+002
  0.350485751388273E+001  0.115916979827668E+001 -0.765579420077555E+002 -0.796850047150355E+002
  0.350845024031563E+001  0.118081638720972E+001 -0.768339783667065E+002 -0.784579973210257E+002
  0.351705568070243E+001  0.113692820381764E+001 -0.766955001408800E+002 -0.774314887884647E+002
  0.352178069799427E+001  0.103092132033698E+001 -0.766607333358504E+002 -0.770367797888589E+002
  0.350557802227740E+001  0.113948421630998E+001 -0.765468171725711E+002 -0.770303392532945E+002
  0.350799284168180E+001  0.109169339682623E+001 -0.768757609061323E+002 -0.782944447773363E+002
  0.353481905254631E+001  0.100410484247026E+001 -0.768572794992737E+002 -0.771375383625811E+002
  0.353036746916677E+001  0.101843562301491E+001 -0.766385263610174E+002 -0.769469768874816E+002
  0.350692718543858E+001  0.115651474009159E+001 -0.765109583395565E+002 -0.774482763519570E+002
  0.350679281136225E+001  0.117518974886902E+001 -0.766744069594132E+002 -0.771712846400497E+002
  0.350077723598558E+001  0.115951238336500E+001 -0.767832257195720E+002 -0.776711763632662E+002
  0.350625423424748E+001  0.113848274585773E+001 -0.765134381129413E+002 -0.781951213743665E+002
  0.352210463081610E+001  0.104099061053250E+001 -0.765114509051258E+002 -0.850052143401200E+002
  0.351335481268647E+001  0.113585907880984E+001 -0.764518945666684E+002 -0.772312172278874E+002
  0.351532206088274E+001  0.112691070320788E+001 -0.764436355548668E+002 -0.775149516083732E+002
  0.351061502044421E+001  0.116670941749128E+001 -0.767230404270950E+002 -0.793354905514437E+002
  0.351546506215684E+001  0.111041894369447E+001 -0.763348498599759E+002 -0.775788724760124E+002
  0.352663414098306E+001  0.103158281282421E+001 -0.765175806469288E+002 -0.775981111055168E+002
  0.351227463996785E+001  0.114098325591698E+001 -0.764640365657246E+002 -0.790917262968481E+002
  0.352933726060208E+001  0.100306006943630E+001 -0.767510691756868E+002 -0.780741974715452E+002
  0.350774941363553E+001  0.113096454675644E+001 -0.764650807052909E+002 -0.797485734707458E+002
  0.352896460938092E+001  0.103317523352449E+001 -0.765624369024857E+002 -0.771028249161491E+002
  0.353357813404110E+001  0.102871525110833E+001 -0.768440224156982E+002 -0.772986397893139E+002
  0.350552433607439E+001  0.113109613688047E+001 -0.766006425046621E+002 -0.772180388703125E+002
  0.352419447873980E+001  0.102855547214967E+001 -0.765795154124211E+002 -0.778052575133823E+002
  0.350804735903250E+001  0.110612989706660E+001 -0.766440063021884E+002 -0.778277641694131E+002
  0.351936908925455E+001  0.110101673690898E+001 -0.763994290122048E+002 -0.772718057867564E+002
  0.352785753691982E+001  0.105174461751506E+001 -0.765475838254085E+002 -0.774149729839560E+002
  0.352408595539175E+001  0.102289232728982E+001 -0.766575072220145E+002 -0.772223140170922E+002
  0.352461740607300E+001  0.107714867983297E+001 -0.765076210026690E+002 -0.777602212888322E+002
  0.353288847167468E+001  0.100627499377445E+001 -0.767621296380073E+002 -0.770839259523841E+002
  0.352417837864151E+001  0.101318988714182E+001 -0.768085852232753E+002 -0.785113410809657E+002
  0.353356309504602E+001  0.101479256335309E+001 -0.767861230088280E+002 -0.783045465850960E+002
  0.352544824392751E+001  0.107816288809373E+001 -0.765793345109884E+002 -0.776992513646487E+002
  0.352515497390832E+001  0.102463343983665E+001 -0.765951192800554E+002 -0.770612418470785E+002
  0.350002829525377E+001  0.117992013465164E+001 -0.767838519648450E+002 -0.782063312549026E+002
  0.353099476160355E+001  0.993826127089918E+000 -0.768373381238647E+002 -0.773505637318114E+002
  0.352374070090624E+001  0.108797868738136E+001 -0.765496498250152E+002 -0.769343404480583E+002
  0.351243999948705E+001  0.111715099905544E+001 -0.763465427262639E+002 -0.769681145313171E+002
  0.351792930341009E+001  0.111590983429789E+001 -0.764620490543855E+002 -0.772390720221329E+002
  0.351677642209305E+001  0.111874423827670E+001 -0.764305807293473E+002 -0.773257034923773E+002
  0.351106479014475E+001  0.108215345909521E+001 -0.767025531654703E+002 -0.772372741871908E+002
  0.353030924583551E+001  0.991291909746641E+000 -0.768849646748325E+002 -0.773653540100611E+002
  0.351709055681659E+001  0.108612493984363E+001 -0.763248958236323E+002 -0.781655985164574E+002
  0.350472015552582E+001  0.112420326055066E+001 -0.767394725431232E+002 -0.770105776236796E+002
  0.351438819907358E+001  0.105813562781046E+001 -0.767925936074626E+002 -0.774026196219133E+002
  0.351115781541089E+001  0.107252357032932E+001 -0.768673034577254E+002 -0.953838941637978E+002
  0.351597123580711E+001  0.111260701223762E+001 -0.763547933534848E+002 -0.769822334773179E+002
  0.352971624013545E+001  0.106618832071836E+001 -0.768463187042853E+002 -0.770082195932176E+002
  0.350244393021988E+001  0.115766864255649E+001 -0.766703008190250E+002 -0.777349261935738E+002
  0.351364253963438E+001  0.106923452473740E+001 -0.766670916747002E+002 -0.780732579432019E+002
  0.350644260137537E+001  0.116462817986421E+001 -0.765636707549212E+002 -0.778449713915028E+002
  0.351998755465531E+001  0.110462906101237E+001 -0.764654405743211E+002 -0.770100115258807E+002
  0.352880942918210E+001  0.101898435776213E+001 -0.766080363066967E+002 -0.769536549279912E+002
  0.352752910803945E+001  0.101969093746198E+001 -0.766021615373740E+002 -0.790465765359085E+002
  0.351425756811523E+001  0.106882323786948E+001 -0.766195153529654E+002 -0.770090929786210E+002
  0.352882401545490E+001  0.106410904238070E+001 -0.767252661267627E+002 -0.785485788616762E+002
  0.352510732531212E+001  0.108926828976113E+001 -0.766868532464683E+002 -0.784702436054495E+002
  0.350711395753555E+001  0.113280746481179E+001 -0.764896115635111E+002 -0.817177323988098E+002
  0.352511163616497E+001  0.103115170544282E+001 -0.765297789627323E+002 -0.774546137961011E+002
  0.350258109662663E+001  0.116722942447463E+001 -0.766520969548300E+002 -0.769262287845423E+002
  0.352634041165250E+001  0.102313062023355E+001 -0.765844325831789E+002 -0.770517588071667E+002
  0.351370332280506E+001  0.111617415786579E+001 -0.763385728651321E+002 -0.771388834070962E+002
  0.351706379947938E+001  0.113984525919245E+001 -0.767488503687359E+002 -0.809851961814229E+002
  0.351816503115211E+001  0.105397444900970E+001 -0.765471893389718E+002 -0.775568804799602E+002
  0.349897595100239E+001  0.119087723530004E+001 -0.768564157515486E+002 -0.772587556977484E+002
  0.351926069783674E+001  0.103829674088584E+001 -0.767140882106520E+002 -0.791904772000574E+002
  0.350607934883661E+001  0.114042703746284E+001 -0.765162801107087E+002 -0.773654368732377E+002
  0.350956707072123E+001  0.111693352597594E+001 -0.764378602538175E+002 -0.769170397026877E+002
  0.351511097735533E+001  0.113108088353101E+001 -0.764779668411487E+002 -0.775498072990128E+002
  0.351595392398170E+001  0.107242598767439E+001 -0.764548015198867E+002 -0.771118632903713E+002
  0.350467421205684E+001  0.116290590452561E+001 -0.765730820977990E+002 -0.774048072140032E+002
  0.350692121000013E+001  0.111717548104158E+001 -0.766153647611703E+002 -0.781999854051297E+002
  0.351149178239684E+001  0.112837316634042E+001 -0.763728833864888E+002 -0.779001272539966E+002
  0.352590093037529E+001  0.108675837599061E+001 -0.767306400381677E+002 -0.799495746753437E+002
  0.351459893401664E+001  0.108341327641123E+001 -0.764201794332945E+002 -0.779230403141236E+002
  0.352668505064658E+001  0.101828707372046E+001 -0.766279758729550E+002 -0.769866993881302E+002
  0.350004996815707E+001  0.118707414666348E+001 -0.767999341597759E+002 -0.772415797963341E+002
  0.350516012273134E+001  0.114219747559623E+001 -0.765600554423738E+002 -0.849394926616531E+002
  0.353258033398285E+001  0.101269918868646E+001 -0.767335693681023E+002 -0.783924685468009E+002
  0.350087188892747E+001  0.116922219869796E+001 -0.767403739962222E+002 -0.778380319381999E+002
  0.350585609726020E+001  0.111734399018142E+001 -0.767111740423293E+002 -0.890939746312735E+002
  0.351138322315424E+001  0.112589421170746E+001 -0.763675643615746E+002 -0.772876079779257E+002
  0.352719733002152E+001  0.101743649926467E+001 -0.766274440995696E+002 -0.770847542153761E+002
  0.350630975389219E+001  0.111322503833472E+001 -0.767192291815514E+002 -0.181850934089110E+003
  0.352056023735509E+001  0.107331137045659E+001 -0.763400715729470E+002 -0.769204004904500E+002
  0.352064225820823E+001  0.112655166637844E+001 -0.768597730962439E+002 -0.769410992421691E+002
  0.352809378670081E+001  0.100986000538640E+001 -0.766941048794639E+002 -0.773168854680140E+002
  0.351233733518394E+001  0.114994511086358E+001 -0.765693282540589E+002 -0.770091519272783E+002
  0.350933392416279E+001  0.111817918852094E+001 -0.764430679741468E+002 -0.789229181190356E+002
  0.352029782122125E+001  0.112844335621153E+001 -0.768593571512663E+002 -0.779051248228083E+002
  0.350769635202469E+001  0.113887397156985E+001 -0.764526440107024E+002 -0.774779528483290E+002
  0.350503063730929E+001  0.113873712923647E+001 -0.765848649255732E+002 -0.839429636910854E+002
  0.352054284202295E+001  0.109400318465170E+001 -0.764029062907813E+002 -0.773030696276292E+002
  0.351998699049257E+001  0.111227437141961E+001 -0.765560787224799E+002 -0.769619203289305E+002
  0.350994618185601E+001  0.111728225173918E+001 -0.764180015867540E+002 -0.801925420139194E+002
  0.350258228181049E+001  0.114648643303101E+001 -0.767192303474064E+002 -0.789858559533689E+002
  0.351244008251431E+001  0.112869345280370E+001 -0.763777672476069E+002 -0.772318011520869E+002
  0.351301968775484E+001  0.112170289937691E+001 -0.763526685631953E+002 -0.774014759695468E+002
  0.350807488315662E+001  0.116408150801229E+001 -0.765797931011741E+002 -0.808435292459047E+002
  0.351142998421126E+001  0.116814374902133E+001 -0.768041826156252E+002 -0.774287099944984E+002
  0.352912313571634E+001  0.105946668404165E+001 -0.767026783521342E+002 -0.772103623493959E+002
  0.351652106413038E+001  0.114072624044679E+001 -0.767158504810285E+002 -0.785017013988013E+002
  0.352473231877636E+001  0.101314498394034E+001 -0.767758019390617E+002 -0.769892563863429E+002
  0.353022542150343E+001  0.103748539229565E+001 -0.766335267795026E+002 -0.771870500612835E+002
  0.352183978906060E+001  0.107215930715303E+001 -0.763587763476361E+002 -0.771951334258423E+002
  0.352037001316460E+001  0.105973484891271E+001 -0.763952988850269E+002 -0.776114123855720E+002
  0.351792938176166E+001  0.110934390300029E+001 -0.763999664198129E+002 -0.774816288059073E+002
  0.351162391038823E+001  0.114979170006805E+001 -0.765344162921681E+002 -0.773072405998576E+002
  0.352172856667754E+001  0.108790077856652E+001 -0.764184416416944E+002 -0.771856187004167E+002
  0.351650668577251E+001  0.109455717945677E+001 -0.763154608298105E+002 -0.771597674905370E+002
  0.350244022879317E+001  0.116656721936365E+001 -0.766579345286467E+002 -0.786031591551340E+002
  0.352653791243776E+001  0.103020398694770E+001 -0.765257482482150E+002 -0.775248832046884E+002
  0.350147573677298E+001  0.116834727250870E+001 -0.767062993240014E+002 -0.907158380017068E+002
  0.351209394529686E+001  0.112741557747730E+001 -0.763697703945337E+002 -0.769533222397704E+002
  0.353402305448423E+001  0.101909645949478E+001 -0.768292632652477E+002 -0.772218165837611E+002
  0.350972896695883E+001  0.108092544197100E+001 -0.768712805321613E+002 -0.774936629529864E+002
  0.352112188548092E+001  0.106834653288820E+001 -0.763509392107272E+002 -0.769511116041478E+002
  0.352296118502360E+001  0.110128385989166E+001 -0.766553215915436E+002 -0.772778742599399E+002
  0.353185519883456E+001  0.102922174631724E+001 -0.767102406116969E+002 -0.772130803313995E+002
  0.352758063770429E+001  0.100209677759328E+001 -0.768151804186302E+002 -0.774544773116623E+002
  0.353085646106573E+001  0.100965439330192E+001 -0.766920100682642E+002 -0.782291334704496E+002
  0.351979384408113E+001  0.106862820663928E+001 -0.763547708084773E+002 -0.772804478616401E+002
  0.350949313312119E+001  0.114221181592928E+001 -0.764297749990268E+002 -0.782502570496181E+002
  0.351602884167661E+001  0.104639395813805E+001 -0.768566643052994E+002 -0.774873234020164E+002
  0.350659385161227E+001  0.117437559158875E+001 -0.766593827580637E+002 -0.776126083799268E+002
  0.352152187817486E+001  0.106984954420627E+001 -0.763526756269937E+002 -0.819779983332870E+002
  0.352177536138936E+001  0.105661860099389E+001 -0.763919606230351E+002 -0.771937217269610E+002
  0.351848694638313E+001  0.105934694178057E+001 -0.764642404433233E+002 -0.771944015012843E+002
  0.351458590733976E+001  0.114603520879706E+001 -0.766509686623706E+002 -0.771040817841146E+002
  0.352862778449337E+001  0.103951241457690E+001 -0.765510951157982E+002 -0.769888915606796E+002
  0.351355808192694E+001  0.106591987220493E+001 -0.767319497808925E+002 -0.775595886592111E+002
  0.351751531891720E+001  0.107280037476092E+001 -0.763823026832610E+002 -0.794348182976892E+002
  0.350979628976804E+001  0.108873331854263E+001 -0.767245225876721E+002 -0.780561463256433E+002
  0.350764411326666E+001  0.109372565990112E+001 -0.768805101706026E+002 -0.904094373539869E+002
  0.351704205576979E+001  0.106926887126188E+001 -0.764312724392693E+002 -0.774555899200172E+002
  0.352476593229912E+001  0.102760047841796E+001 -0.765728270665095E+002 -0.774119870321037E+002
  0.353323677463344E+001  0.989146080938797E+000 -0.768818791405130E+002 -0.772701464461559E+002
  0.351469048478272E+001  0.114033054787117E+001 -0.765715764206413E+002 -0.775944548845723E+002
  0.352501339153720E+001  0.102691108399443E+001 -0.765736692760983E+002 -0.769900528757060E+002
  0.351333228263448E+001  0.106345320960800E+001 -0.768011278202952E+002 -0.776250130858660E+002
  0.352962060073410E+001  0.100519207681987E+001 -0.767239084551381E+002 -0.778964546341587E+002
  0.351979736349848E+001  0.112771921643642E+001 -0.767904237808355E+002 -0.769116737609289E+002
  0.353014995139339E+001  0.993868576211517E+000 -0.768524193541064E+002 -0.775818167258417E+002
  0.352879274540618E+001  0.101507370573212E+001 -0.766363478233367E+002 -0.774248314554381E+002
  0.352855353321825E+001  0.107681132728021E+001 -0.768724039683609E+002 -0.945234099645631E+002
  0.353420042973970E+001  0.999805187369109E+000 -0.768353347833940E+002 -0.773172852509140E+002
  0.351254257994478E+001  0.112534312567911E+001 -0.763636633011705E+002 -0.769348840429500E+002
  0.351761063344597E+001  0.112792466056804E+001 -0.765951899511491E+002 -0.789690007423937E+002
  0.350662176782948E+001  0.113004912798478E+001 -0.765314638793957E+002 -0.100760524430442E+003
  0.352162972623671E+001  0.106956083399684E+001 -0.763542772848922E+002 -0.770261178307460E+002
  0.353297602052156E+001  0.103480591642182E+001 -0.768342432016622E+002 -0.775973022933008E+002
  0.351325375725044E+001  0.115665425355306E+001 -0.767321257256657E+002 -0.772284627167608E+002
  0.353154998195212E+001  0.104037709356567E+001 -0.767490340756240E+002 -0.769463114066566E+002
  0.353041793969774E+001  0.990778135439914E+000 -0.768895310032346E+002 -0.771736676355833E+002
  0.353093776609828E+001  0.102458617248048E+001 -0.766487496336106E+002 -0.780745229349948E+002
  0.350458326164345E+001  0.114554099819611E+001 -0.765810548126153E+002 -0.776013642639679E+002
  0.352238398005337E+001  0.108553158885178E+001 -0.764363148025573E+002 -0.771307137220019E+002
  0.351886132344367E+001  0.111198210674596E+001 -0.764745337190963E+002 -0.770979338278664E+002
  0.350777195035828E+001  0.115197368518655E+001 -0.764825418451588E+002 -0.773986850423848E+002
  0.351277089435127E+001  0.106927853003115E+001 -0.767511231551855E+002 -0.771081095764178E+002
  0.350360857193473E+001  0.119136142011545E+001 -0.768024672389326E+002 -0.779145407834151E+002
  0.351841277883460E+001  0.113788241350500E+001 -0.768454171266965E+002 -0.790652231983254E+002
  0.352595373383538E+001  0.102821714688610E+001 -0.765436411838137E+002 -0.769594674906495E+002
  0.350582833050928E+001  0.117032087502808E+001 -0.766068027350830E+002 -0.797497564863717E+002
  0.350265639932697E+001  0.118068380021874E+001 -0.766993258575668E+002 -0.769233131478356E+002
  0.350756064612417E+001  0.113240091894686E+001 -0.764691853789553E+002 -0.793518033248719E+002
  0.350856051562644E+001  0.117123832310579E+001 -0.766850057863258E+002 -0.772640202886853E+002
  0.351307896207696E+001  0.110484317649609E+001 -0.763510708861072E+002 -0.770090781346049E+002
  0.350217776566378E+001  0.113717594133393E+001 -0.768478200522973E+002 -0.769684526750376E+002
  0.352254296851562E+001  0.103267237200123E+001 -0.765943175707975E+002 -0.776189755801288E+002
  0.351227528555906E+001  0.115494320515479E+001 -0.766370964696448E+002 -0.775598583768734E+002
  0.350944864862564E+001  0.118003760179848E+001 -0.768861603983554E+002 -0.116657286159445E+003
  0.351783751215686E+001  0.113186966122043E+001 -0.766767745383789E+002 -0.770743928669023E+002
  0.352492364602558E+001  0.101691317032254E+001 -0.767058461112905E+002 -0.784474213519336E+002
  0.352062023375237E+001  0.104437796684056E+001 -0.765352293542167E+002 -0.775291636530014E+002
  0.352092940723991E+001  0.107755715030160E+001 -0.763458772868655E+002 -0.773498198250002E+002
  0.351938896792813E+001  0.111575591581826E+001 -0.765573248921729E+002 -0.789604599715114E+002
  0.351814264148543E+001  0.106346628753979E+001 -0.764376836075207E+002 -0.769606774499933E+002
  0.350795402981617E+001  0.114133455889977E+001 -0.764465960195935E+002 -0.817087083499643E+002
  0.352276500145713E+001  0.111526674952658E+001 -0.768788454836985E+002 -0.778290458776288E+002
  0.351533107962452E+001  0.106756729777618E+001 -0.765534584316147E+002 -0.769108751952637E+002
  0.352779197814480E+001  0.100621195064228E+001 -0.767474308987656E+002 -0.776312142368597E+002
  0.352003205902158E+001  0.106282648919795E+001 -0.763821077920161E+002 -0.770431700897974E+002
  0.352181663968808E+001  0.107498002451899E+001 -0.763625891059467E+002 -0.771602912331403E+002
  0.350171534426402E+001  0.119357960845143E+001 -0.768117202133091E+002 -0.769228904310850E+002
  0.349940421219197E+001  0.119211819391779E+001 -0.768444112567822E+002 -0.768985185424398E+002
  0.351216212026268E+001  0.110615454905521E+001 -0.763764006854967E+002 -0.783703745149353E+002
  0.350822670938845E+001  0.112612010262051E+001 -0.764606719969392E+002 -0.772899847156736E+002
  0.352195855499393E+001  0.109375707081524E+001 -0.764816833171401E+002 -0.782686662215324E+002
  0.350945041849172E+001  0.112269983751243E+001 -0.764181639946938E+002 -0.772417175660416E+002
  0.350983173279663E+001  0.112311261854225E+001 -0.764025458883160E+002 -0.772376420980133E+002
  0.353000264116486E+001  0.105452570000681E+001 -0.767341242566253E+002 -0.769240876610883E+002
  0.353070212795393E+001  0.106062869106964E+001 -0.768808645880421E+002 -0.780497333106232E+002
  0.351048186318427E+001  0.111549914788515E+001 -0.764025238543373E+002 -0.770760988679662E+002
  0.350727095777969E+001  0.118210228305793E+001 -0.767914355977822E+002 -0.776471988833478E+002
  0.351815034261348E+001  0.108809004121089E+001 -0.763180183635812E+002 -0.769498039506720E+002
  0.353420795904028E+001  0.100398956858259E+001 -0.768247461825545E+002 -0.794542387918253E+002
  0.353318944077532E+001  0.102840201306605E+001 -0.768081350810207E+002 -0.811644993732447E+002
  0.351998044381977E+001  0.108191882535834E+001 -0.763338296768668E+002 -0.769303667624868E+002
  0.351647607036361E+001  0.114519069500879E+001 -0.767954494694046E+002 -0.780295575237721E+002
  0.350586179331156E+001  0.112039091840579E+001 -0.766742272644878E+002 -0.823135709051292E+002
  0.352361776633996E+001  0.102396217736272E+001 -0.766645661300067E+002 -0.785548458440054E+002
  0.351415275309655E+001  0.106775446328681E+001 -0.766452674381704E+002 -0.769289963842389E+002
  0.350506681454035E+001  0.112837201218758E+001 -0.766616447609076E+002 -0.771782830751333E+002
  0.350611835285246E+001  0.115789590369934E+001 -0.765262889678361E+002 -0.769559242813835E+002
  0.352820896461977E+001  0.105730623231104E+001 -0.766061811025738E+002 -0.769293370058829E+002
  0.351971654182240E+001  0.103129437986779E+001 -0.768064209747723E+002 -0.204165472460284E+003
  0.351632329277108E+001  0.104388413983436E+001 -0.768781770133228E+002 -0.778635344108220E+002
  0.351997245710358E+001  0.110322270222334E+001 -0.764504158241769E+002 -0.772678037022067E+002
  0.352757721897463E+001  0.106233403506594E+001 -0.765981116180160E+002 -0.803221483364464E+002
  0.351104491374154E+001  0.114414087433408E+001 -0.764586257123711E+002 -0.770282830932446E+002
  0.350247042196946E+001  0.114600688439982E+001 -0.767323926707974E+002 -0.797924528073671E+002
  0.351177346949957E+001  0.116995676254434E+001 -0.768667463567706E+002 -0.770297417412503E+002
  0.352809010208550E+001  0.103109128704036E+001 -0.765394784996045E+002 -0.771199147992527E+002
  0.350752121833350E+001  0.117101375811007E+001 -0.766440097467983E+002 -0.776852805060909E+002
  0.350348078825290E+001  0.113005374414318E+001 -0.767953136919926E+002 -0.774835395654958E+002
  0.352065141769607E+001  0.104430967825405E+001 -0.765345539311521E+002 -0.791603688227998E+002
  0.351335060748875E+001  0.111595010109967E+001 -0.763382386544793E+002 -0.771029799518614E+002
  0.352769250122676E+001  0.999047340791414E+000 -0.768595218492024E+002 -0.773215858448263E+002
  0.351719550426525E+001  0.104031957325587E+001 -0.768622419561635E+002 -0.770240123075339E+002
  0.350615254076486E+001  0.118939364088222E+001 -0.768579308524632E+002 -0.772438002265588E+002
  0.352799631819174E+001  0.104604447519634E+001 -0.765338977775593E+002 -0.805418545993532E+002
  0.350336463917487E+001  0.117352615643335E+001 -0.766459685482868E+002 -0.775067458697687E+002
  0.352432249997845E+001  0.100847248442984E+001 -0.768872333421568E+002 -0.787481095517476E+002
  0.352909066891689E+001  0.100388796635415E+001 -0.767455115523470E+002 -0.772715120368593E+002
  0.351362217588088E+001  0.111165038751897E+001 -0.763319196267047E+002 -0.787132409101028E+002
  0.352742435079738E+001  0.106216349513046E+001 -0.765849959406383E+002 -0.769095497894625E+002
  0.351463684293180E+001  0.112196385969675E+001 -0.763782184481728E+002 -0.825339937232780E+002
  0.352943088938629E+001  0.102746686837106E+001 -0.765856566711548E+002 -0.899401718089142E+002
  0.351889295825387E+001  0.104091899319649E+001 -0.766972601950779E+002 -0.133591855051196E+003
  0.352339533375746E+001  0.107203780632241E+001 -0.764081738163781E+002 -0.770675129503153E+002
  0.350288555794298E+001  0.116481302066757E+001 -0.766371790869657E+002 -0.774620956492506E+002
  0.350728549304704E+001  0.110049802533316E+001 -0.768043485435786E+002 -0.784413537882395E+002
  0.352276481580595E+001  0.108966857425358E+001 -0.764957101401277E+002 -0.769103491585458E+002
  0.351658607816801E+001  0.109542423059775E+001 -0.763149735098669E+002 -0.809109757238080E+002
  0.350286660693635E+001  0.115750634471793E+001 -0.766449878034764E+002 -0.771082452354339E+002
  0.351100208678851E+001  0.108122684467076E+001 -0.767242553396159E+002 -0.769777731582727E+002
  0.351815140358700E+001  0.113633015801002E+001 -0.767873442077071E+002 -0.769471790214361E+002
  0.350557456733577E+001  0.112738074149072E+001 -0.766279228270591E+002 -0.781819385327886E+002
  0.352399677067997E+001  0.102945447076222E+001 -0.765756359519727E+002 -0.806974567676689E+002
  0.350978399791272E+001  0.108090743714508E+001 -0.768650535490249E+002 -0.779807183060389E+002
  0.351604007413201E+001  0.112460071794057E+001 -0.764537562761974E+002 -0.805373259181939E+002
  0.351858792774081E+001  0.104876051764671E+001 -0.765936295828510E+002 -0.769713906222630E+002
  0.350108500086426E+001  0.119259217014231E+001 -0.768074344094639E+002 -0.769281097306759E+002
  0.350452784508060E+001  0.115433574438320E+001 -0.765654236785845E+002 -0.788693781832456E+002
  0.350941692664781E+001  0.111854629741341E+001 -0.764369834485529E+002 -0.770174591599591E+002
  0.352914118989836E+001  0.997157995517048E+000 -0.768333575066333E+002 -0.773940485470012E+002
  0.351561717551159E+001  0.112297019917972E+001 -0.764187583232633E+002 -0.770350397223882E+002
  0.352569721444031E+001  0.103758068910624E+001 -0.764808653938257E+002 -0.780717114117826E+002
  0.351273982074159E+001  0.110215713432502E+001 -0.763734959695579E+002 -0.770182154443162E+002
  0.350130722098896E+001  0.118316611649698E+001 -0.767423943036048E+002 -0.788172453865650E+002
  0.351677253953368E+001  0.105271884004356E+001 -0.766676075087936E+002 -0.773083324790435E+002
  0.352918618147572E+001  0.999307114530668E+000 -0.768018711281606E+002 -0.797769988430790E+002
  0.351940794677962E+001  0.111041391503879E+001 -0.764916380057481E+002 -0.826556251007192E+002
  0.352715228825623E+001  0.104381902353341E+001 -0.764940988760222E+002 -0.781540520610655E+002
  0.350147608576816E+001  0.115718185143687E+001 -0.767405188400279E+002 -0.774054642187244E+002
  0.352900504585804E+001  0.100405506702158E+001 -0.767450903085378E+002 -0.777692940024814E+002
  0.350171059278352E+001  0.115696263353289E+001 -0.767238329449427E+002 -0.776427643311887E+002
  0.353446691358071E+001  0.993779573572965E+000 -0.768716184956291E+002 -0.770423253171695E+002
  0.351221902868885E+001  0.113603438539286E+001 -0.764201730197150E+002 -0.857039888504686E+002
  0.351534915144446E+001  0.115139292550176E+001 -0.768110326343167E+002 -0.787019010746223E+002
  0.352945219989423E+001  0.105596415360671E+001 -0.766976914490415E+002 -0.784537948356983E+002
  0.353034485782945E+001  0.100421927775210E+001 -0.767300468161082E+002 -0.770095522471492E+002
  0.352243665362955E+001  0.106071004755378E+001 -0.763752673737044E+002 -0.784754886742953E+002
  0.352304799422128E+001  0.111390314823677E+001 -0.768853681043022E+002 -0.773618669540381E+002
  0.352337403362057E+001  0.107114068721070E+001 -0.764038529943863E+002 -0.797788632586729E+002
  0.352090941489211E+001  0.104919753595203E+001 -0.764686453199198E+002 -0.783571418065436E+002
  0.352859641534486E+001  0.105442223743115E+001 -0.766139509167609E+002 -0.769346079416108E+002
  0.351808190288392E+001  0.105607221920039E+001 -0.765245572573586E+002 -0.792695260767668E+002
  0.350495750009471E+001  0.113591888338207E+001 -0.766076967709449E+002 -0.770713378984957E+002
  0.351525023258940E+001  0.112805882683920E+001 -0.764520510450464E+002 -0.814916632917552E+002
  0.352232382327593E+001  0.103868741927462E+001 -0.765290315874053E+002 -0.769088020579269E+002
  0.351759707511449E+001  0.109188440743197E+001 -0.763163148226240E+002 -0.948083567701474E+002
  0.350698307732519E+001  0.113790840569056E+001 -0.764805181312011E+002 -0.807244342195167E+002
  0.352835067088830E+001  0.100971733365532E+001 -0.766911422137480E+002 -0.903640377059623E+002
  0.353264971128062E+001  0.101223461047748E+001 -0.767374154892902E+002 -0.770459760420825E+002
  0.351690670940643E+001  0.113145574422874E+001 -0.765947739062643E+002 -0.770829467708404E+002
  0.352614511824698E+001  0.105593186461323E+001 -0.764725276487205E+002 -0.786878639538623E+002
  0.353065950627693E+001  0.100730618588468E+001 -0.767054409399846E+002 -0.771717021685120E+002
  0.352294050228963E+001  0.109095040101525E+001 -0.765213746374442E+002 -0.769232895203126E+002
  0.351925561011111E+001  0.106498795649379E+001 -0.763858703353335E+002 -0.119044450027236E+003
  0.350790000560946E+001  0.114319336639251E+001 -0.764505876221234E+002 -0.778841243937313E+002
  0.351707513436362E+001  0.113877277783237E+001 -0.767301332732003E+002 -0.774946721234064E+002
  0.351903638416695E+001  0.108078947706782E+001 -0.763248314573304E+002 -0.769584461467335E+002
  0.353097481173945E+001  0.105926693646684E+001 -0.768934711894657E+002 -0.785930882197791E+002
  0.351519860250187E+001  0.106876904887710E+001 -0.765467019248422E+002 -0.770147307355210E+002
  0.353012562849703E+001  0.102939589199229E+001 -0.766116582666797E+002 -0.770078196679171E+002
  0.352676266888527E+001  0.101028846823149E+001 -0.767254731414868E+002 -0.772809051129303E+002
  0.350887002151070E+001  0.117839354604295E+001 -0.768164399697763E+002 -0.773541714679018E+002
  0.352521429258428E+001  0.102830668452004E+001 -0.765545671929900E+002 -0.772164110128837E+002
  0.353277361568571E+001  0.103884295544303E+001 -0.768498755026342E+002 -0.777255482850165E+002
  0.350385805283540E+001  0.112313370425954E+001 -0.768454769718510E+002 -0.827590784876142E+002
  0.351971813922994E+001  0.110564564071288E+001 -0.764594294101631E+002 -0.771171893878679E+002
  0.351626054138546E+001  0.108250233813161E+001 -0.763588412929456E+002 -0.771966394376616E+002
  0.351090767036665E+001  0.116016352737217E+001 -0.766377143626831E+002 -0.778581376451247E+002
  0.350224020317115E+001  0.116584447350760E+001 -0.766675280052495E+002 -0.903144621863241E+002
  0.353409965073933E+001  0.101970459222020E+001 -0.768377285966850E+002 -0.888012155715817E+002
  0.351277992172020E+001  0.109300456170777E+001 -0.764338287188420E+002 -0.770770023070791E+002
  0.352802671212697E+001  0.100114867646578E+001 -0.768121674564704E+002 -0.789308683944450E+002
  0.352019384381205E+001  0.107726874513278E+001 -0.763343280226634E+002 -0.770227701029702E+002
  0.351577225866554E+001  0.105266267474645E+001 -0.767584441087360E+002 -0.781133599189360E+002
  0.351237691621105E+001  0.106703189785310E+001 -0.768361248939083E+002 -0.816323662606853E+002
  0.351635836658750E+001  0.111708926265760E+001 -0.763978282567957E+002 -0.769325640177344E+002
  0.352658811999128E+001  0.102928895520374E+001 -0.765317846974434E+002 -0.769109348386330E+002
  0.351455193877169E+001  0.114580096524523E+001 -0.766447334605317E+002 -0.776428601272428E+002
  0.351670412424280E+001  0.105057036639364E+001 -0.767106334022368E+002 -0.770487776383551E+002
  0.351242288766741E+001  0.108714092272799E+001 -0.765159938063999E+002 -0.796951570924091E+002
  0.352118164150359E+001  0.105526341795539E+001 -0.764092560851404E+002 -0.778265519644754E+002
  0.352239614599499E+001  0.101882999273432E+001 -0.768290820411517E+002 -0.874709518619498E+002
  0.350699758587159E+001  0.109921017742746E+001 -0.768597576626018E+002 -0.780342866126726E+002
  0.350672465827202E+001  0.116971579268349E+001 -0.766111998543120E+002 -0.775652841332248E+002
  0.351453983832560E+001  0.106856073434825E+001 -0.766001268783367E+002 -0.769111307270136E+002
  0.350347559454446E+001  0.112923114095407E+001 -0.768060216767478E+002 -0.870478658892341E+002
  0.350950710400962E+001  0.108335365611955E+001 -0.768510497137543E+002 -0.786001605171920E+002
  0.350119282835785E+001  0.118232446217385E+001 -0.767420121026074E+002 -0.883445084711454E+002
  0.351550220971270E+001  0.109644079170236E+001 -0.763217971273076E+002 -0.821089638054049E+002
  0.353320202594447E+001  0.100324430177430E+001 -0.767846857090976E+002 -0.770466614057834E+002
  0.353164871842467E+001  0.103776266384295E+001 -0.767388179533763E+002 -0.772991517951615E+002
  0.351139631290442E+001  0.110323412774927E+001 -0.764287332125179E+002 -0.838044469086511E+002
  0.351145369961995E+001  0.110309298951826E+001 -0.764266779897868E+002 -0.771020892800202E+002
  0.350785080472225E+001  0.112891006302617E+001 -0.764677518302015E+002 -0.808446751998417E+002
  0.353384781669421E+001  0.102439555405216E+001 -0.768404981076344E+002 -0.816569645647594E+002
  0.351569641987340E+001  0.107647669508548E+001 -0.764279176514641E+002 -0.780517253624453E+002
  0.351863315180204E+001  0.105279238247397E+001 -0.765345991562098E+002 -0.772141971976220E+002
  0.350348951917884E+001  0.116422814608497E+001 -0.766122733084672E+002 -0.773063550135417E+002
  0.350922805204513E+001  0.111289417282358E+001 -0.764834975197564E+002 -0.769011557951777E+002
  0.350641996184962E+001  0.112149011908711E+001 -0.766136436474558E+002 -0.779664669964773E+002
  0.350616334985293E+001  0.113646515687225E+001 -0.765260474660777E+002 -0.833437717460007E+002
  0.351500074216979E+001  0.112202720585339E+001 -0.763889703556129E+002 -0.769225591739405E+002
  0.352596150862769E+001  0.106084769015305E+001 -0.764822678258319E+002 -0.795891025811238E+002
  0.352752646540243E+001  0.106090070235490E+001 -0.765826373621439E+002 -0.769690787575025E+002
  0.351105405974594E+001  0.111454888347860E+001 -0.763839647867673E+002 -0.770664575549160E+002
  0.351447554145460E+001  0.107631832880912E+001 -0.765009728446479E+002 -0.785626938374967E+002
  0.352313936664388E+001  0.104820151832679E+001 -0.764271875183111E+002 -0.769296444313832E+002
  0.350852357048046E+001  0.111278853962517E+001 -0.765321894917360E+002 -0.795615036796613E+002
  0.350935084904882E+001  0.108542001929671E+001 -0.768307405889763E+002 -0.770077310752970E+002
  0.352960947422986E+001  0.106234115574759E+001 -0.767833497039142E+002 -0.822312836830441E+002
  0.353024061881191E+001  0.105407263351717E+001 -0.767521451334594E+002 -0.787337251694977E+002
  0.349988773870747E+001  0.116772494447287E+001 -0.768129927627250E+002 -0.781218460059101E+002
  0.351923390882753E+001  0.107787478562638E+001 -0.763292354470505E+002 -0.836720607788956E+002
  0.350350596108565E+001  0.113781139448558E+001 -0.767106067625877E+002 -0.773333792370123E+002
  0.352276708582775E+001  0.102270894685852E+001 -0.767329460286776E+002 -0.772976472851598E+002
  0.351566620402907E+001  0.108875435173654E+001 -0.763431349007480E+002 -0.775034043436842E+002
  0.353525196445978E+001  0.100384417791675E+001 -0.768833607289722E+002 -0.785992612357854E+002
  0.352235952831142E+001  0.106478029964149E+001 -0.763677430679731E+002 -0.774681260523599E+002
  0.351719717075363E+001  0.110790249635680E+001 -0.763619470748625E+002 -0.780809499766176E+002
  0.352587792107554E+001  0.102841014945561E+001 -0.765428750198380E+002 -0.770076130339837E+002
  0.351426304456501E+001  0.113010439376089E+001 -0.764310051313156E+002 -0.770812261187440E+002
  0.351070324953803E+001  0.113361993304567E+001 -0.763922307609104E+002 -0.771549311503490E+002
  0.353422539951833E+001  0.100306934719002E+001 -0.768273724151124E+002 -0.771302766511046E+002
  0.351497719716975E+001  0.111181751914815E+001 -0.763338438646651E+002 -0.771923325738490E+002
  0.352673634600769E+001  0.108292511351513E+001 -0.767617051473715E+002 -0.772644135725627E+002
  0.353049596356239E+001  0.102543082778004E+001 -0.766285983831623E+002 -0.773986467360432E+002
  0.351931937232512E+001  0.113088384270837E+001 -0.768014570383576E+002 -0.776824589164129E+002
  0.350384329265203E+001  0.116761010123484E+001 -0.766098039566700E+002 -0.844597074072205E+002
  0.353032758219051E+001  0.101273396815614E+001 -0.766648792952918E+002 -0.769357646143376E+002
  0.352901059782508E+001  0.105482344735970E+001 -0.766496280541684E+002 -0.773675225556762E+002
  0.351444056461615E+001  0.109306197811380E+001 -0.763588706659692E+002 -0.797771361064966E+002
  0.351375318710415E+001  0.113357379004690E+001 -0.764445889292078E+002 -0.785123351549879E+002
  0.351591889131920E+001  0.111387995040807E+001 -0.763607932211482E+002 -0.797862929483012E+002
  0.352058437752991E+001  0.110816214485212E+001 -0.765478513898094E+002 -0.769159680477623E+002
  0.352229676005558E+001  0.103926446687941E+001 -0.765235128561199E+002 -0.773138416658924E+002
  0.351043857447865E+001  0.109424051639236E+001 -0.765845776105569E+002 -0.771579756675370E+002
  0.352943882381054E+001  0.100312375997302E+001 -0.767487256314644E+002 -0.775606557588933E+002
  0.352274913580724E+001  0.104294633144542E+001 -0.764726149344770E+002 -0.769477881437324E+002
  0.352599916799857E+001  0.108369742078054E+001 -0.766966243680672E+002 -0.775417738644379E+002
  0.353206974229965E+001  0.996972300036340E+000 -0.768012608912684E+002 -0.771167794381844E+002
  0.349891173333171E+001  0.116955097114154E+001 -0.768840541405315E+002 -0.115094062255503E+003
  0.352220097275245E+001  0.103853430213534E+001 -0.765355966043362E+002 -0.769641563618253E+002
  0.349976335950244E+001  0.116950421663015E+001 -0.768153749268522E+002 -0.776166454531114E+002
  0.351843575311317E+001  0.105631203539429E+001 -0.765014729222391E+002 -0.775038776718056E+002
  0.353203235125083E+001  0.101384444442364E+001 -0.767080708009458E+002 -0.777458980969116E+002
  0.351378354673200E+001  0.109842553210663E+001 -0.763544700007437E+002 -0.942321052300045E+002
  0.350854413502068E+001  0.113962384849487E+001 -0.764315400585407E+002 -0.779236384297501E+002
  0.351803543365443E+001  0.112977732796969E+001 -0.766588999175405E+002 -0.769132900506803E+002
  0.350486261144741E+001  0.118246049288330E+001 -0.767175469676228E+002 -0.774938184252847E+002
  0.351442904388409E+001  0.109391810532570E+001 -0.763548710422463E+002 -0.769117003942967E+002
  0.352148518494047E+001  0.105489622330112E+001 -0.764061124801794E+002 -0.796235103019013E+002
  0.352472731495317E+001  0.100888536484199E+001 -0.768516053451804E+002 -0.772486155345461E+002
  0.353130347185007E+001  0.102323293691091E+001 -0.766662646162778E+002 -0.116640543552362E+003
  0.351015620319938E+001  0.117197910615234E+001 -0.767844186827876E+002 -0.770621367210927E+002
  0.350972614572538E+001  0.108778228373769E+001 -0.767475396217839E+002 -0.790243559384786E+002
  0.351537857703971E+001  0.114981562272824E+001 -0.767828800722375E+002 -0.774659679134701E+002
  0.351991044016361E+001  0.102785597667891E+001 -0.768580357237227E+002 -0.787292354727952E+002
  0.351481448506060E+001  0.112374149316644E+001 -0.763961376304811E+002 -0.768980175175564E+002
  0.352328582622664E+001  0.103237134140606E+001 -0.765665664459592E+002 -0.772625369661053E+002
  0.352235318282612E+001  0.102777032628705E+001 -0.766757823113210E+002 -0.771334577152951E+002
  0.352039370851687E+001  0.106900734722556E+001 -0.763487237482930E+002 -0.824176282750632E+002
  0.349997556137663E+001  0.115772632094518E+001 -0.768667827473854E+002 -0.769589921757331E+002
  0.353185896427453E+001  0.103938240654280E+001 -0.767684810789864E+002 -0.777955545121056E+002
  0.350920090382316E+001  0.110753319983879E+001 -0.765323483317806E+002 -0.770558346888814E+002
  0.352202016158777E+001  0.111860451312500E+001 -0.768579321231739E+002 -0.146612685222180E+003
  0.351468992675163E+001  0.112464273007951E+001 -0.763991990759020E+002 -0.852942895341233E+002
  0.350865574758873E+001  0.115594963757709E+001 -0.765136904370216E+002 -0.771927593790973E+002
  0.350996105056185E+001  0.112966745457184E+001 -0.763927844435202E+002 -0.769698111751605E+002
  0.352625688846011E+001  0.108761497753333E+001 -0.767820357248584E+002 -0.769907011785367E+002
  0.350464336866927E+001  0.116253428588706E+001 -0.765726416799008E+002 -0.104097684424081E+003
  0.352913220730156E+001  0.103661432268893E+001 -0.765709047913436E+002 -0.773790367838501E+002
  0.351582470429139E+001  0.105464009257300E+001 -0.767172147936381E+002 -0.780139882767799E+002
  0.351490180740873E+001  0.108675814489665E+001 -0.763800764434783E+002 -0.778614843247008E+002
  0.352315558392470E+001  0.103007835437216E+001 -0.766008694897919E+002 -0.109245165369760E+003
  0.351536038302612E+001  0.104984416066818E+001 -0.768561555851062E+002 -0.772642092454426E+002
  0.352135954923353E+001  0.112154665402165E+001 -0.768406113752322E+002 -0.772528718547652E+002
  0.352631662437047E+001  0.103538671270853E+001 -0.764955388225903E+002 -0.791496004594318E+002
  0.353324984741497E+001  0.103744189207230E+001 -0.768847423426612E+002 -0.773108033420433E+002
  0.352199655013891E+001  0.111313636540221E+001 -0.767523563894335E+002 -0.784956334182465E+002
  0.350395048361249E+001  0.115186689707819E+001 -0.765973461084513E+002 -0.769869062908992E+002
  0.350843514948522E+001  0.114492565435779E+001 -0.764470512956815E+002 -0.772794483670244E+002
  0.350286174188872E+001  0.116483724807549E+001 -0.766382341083564E+002 -0.769069625294286E+002
  0.350393738570747E+001  0.117390159041799E+001 -0.766389400478422E+002 -0.769352612639270E+002
  0.351348683135572E+001  0.111014467809429E+001 -0.763331546232148E+002 -0.801691602124997E+002
  0.352025136264302E+001  0.109194488048167E+001 -0.763767056608821E+002 -0.771559003933796E+002
  0.352537562064848E+001  0.104528762038622E+001 -0.764472731675655E+002 -0.769112501155483E+002
  0.350125323747173E+001  0.115902163432036E+001 -0.767481759980666E+002 -0.771226566517968E+002
  0.352690419711488E+001  0.105381321294384E+001 -0.765026991221261E+002 -0.782561947709960E+002
  0.351030391096453E+001  0.114620825193564E+001 -0.764607337873695E+002 -0.796054330019948E+002
  0.352541932260288E+001  0.104387146936653E+001 -0.764520986783203E+002 -0.806070835333148E+002
  0.350310207551661E+001  0.115512825711677E+001 -0.766373817884116E+002 -0.779714809801838E+002
  0.350444644355235E+001  0.115459116053172E+001 -0.765688226469956E+002 -0.769407812651663E+002
  0.353129708821551E+001  0.105188493893287E+001 -0.768349064360604E+002 -0.852065487738524E+002
  0.353141565917636E+001  0.104146488381700E+001 -0.767456713882426E+002 -0.771277240114343E+002
  0.351700271994425E+001  0.106403609908738E+001 -0.764894762024843E+002 -0.771542200909941E+002
  0.351578644446409E+001  0.109300636914916E+001 -0.763252382719964E+002 -0.789632759972513E+002
  0.351411807715951E+001  0.105664006918886E+001 -0.768512948716094E+002 -0.771712549264198E+002
  0.353106854257566E+001  0.105133925867337E+001 -0.768050020113986E+002 -0.771404165365959E+002
  0.351078580789101E+001  0.115563285079260E+001 -0.765706085836827E+002 -0.771918904474134E+002
  0.352155562085634E+001  0.106343501765668E+001 -0.763644017567419E+002 -0.773519843070402E+002
  0.350827036316825E+001  0.110737932654686E+001 -0.766087944404258E+002 -0.771847571828078E+002
  0.352658125255638E+001  0.106355784941682E+001 -0.765353969089034E+002 -0.790147350073149E+002
  0.350719411639299E+001  0.112893353802852E+001 -0.765029702374396E+002 -0.769261430976915E+002
  0.352750229472456E+001  0.102112027791156E+001 -0.765902439318553E+002 -0.770504162595957E+002
  0.352806188420776E+001  0.101956899205097E+001 -0.766010698776375E+002 -0.789911521437080E+002
  0.352457720788006E+001  0.105472716574594E+001 -0.764164798460378E+002 -0.771083059137782E+002
  0.351687610905878E+001  0.111754806056132E+001 -0.764239332893541E+002 -0.775100273327150E+002
  0.352547761988263E+001  0.101327793437401E+001 -0.767349250390216E+002 -0.805233551279854E+002
  0.351488236710446E+001  0.111829405932950E+001 -0.763613917784228E+002 -0.769598913903677E+002
  0.351392081071019E+001  0.107495012645861E+001 -0.765581219393797E+002 -0.772150121150132E+002
  0.352092643859172E+001  0.111638914917019E+001 -0.767002993203056E+002 -0.781733100157707E+002
  0.351193979205078E+001  0.112220586907294E+001 -0.763565548270620E+002 -0.793751633294521E+002
  0.352842965123607E+001  0.107842644142758E+001 -0.768839669024002E+002 -0.772853367597729E+002
  0.350979822962301E+001  0.111724217759993E+001 -0.764249964656489E+002 -0.776473508296629E+002
  0.352090482063670E+001  0.105055849587403E+001 -0.764555376658180E+002 -0.773414152057137E+002
  0.351366230436031E+001  0.106412577804825E+001 -0.767540307337578E+002 -0.770337941904368E+002
  0.353464614433311E+001  0.102179076318061E+001 -0.768949801731321E+002 -0.892133266060067E+002
  0.351859501722169E+001  0.111829859253989E+001 -0.765330019185921E+002 -0.769451349100867E+002
  0.351256631417666E+001  0.106651574691592E+001 -0.768251052192114E+002 -0.777340654138865E+002
  0.351636015421379E+001  0.113395138857586E+001 -0.765919177080109E+002 -0.771213870352757E+002
  0.352289252165708E+001  0.111300769899042E+001 -0.768492474370439E+002 -0.891621287278260E+002
  0.352461133752506E+001  0.110013584424894E+001 -0.768081639176535E+002 -0.770640995774901E+002
  0.353399269120519E+001  0.994450761993743E+000 -0.768535545483425E+002 -0.780140459003472E+002
  0.350162695040728E+001  0.114755320949040E+001 -0.767957071528046E+002 -0.777641526345066E+002
  0.352563610543017E+001  0.104140243510393E+001 -0.764632956902778E+002 -0.790437942419873E+002
  0.351177408016498E+001  0.116881570483087E+001 -0.768440077889269E+002 -0.769651762709338E+002
  0.350560680710917E+001  0.113266123355492E+001 -0.765831068369626E+002 -0.775663201899293E+002
  0.352462848728742E+001  0.106935718282012E+001 -0.764540663198712E+002 -0.774168872469506E+002
  0.350963520719425E+001  0.117728476235968E+001 -0.768464189501314E+002 -0.813149283893041E+002
  0.351717541141847E+001  0.108179348184734E+001 -0.763390286657800E+002 -0.940108883338585E+002
  0.351513603137034E+001  0.115247380641502E+001 -0.768126425790598E+002 -0.773461847308153E+002
  0.353127042155331E+001  0.104209592382394E+001 -0.767379490215098E+002 -0.772708901183746E+002
  0.350539042498276E+001  0.117041311251641E+001 -0.766061805912325E+002 -0.770398546572670E+002
  0.352745244988649E+001  0.105779085572494E+001 -0.765554109205466E+002 -0.779650136105256E+002
  0.351054952472460E+001  0.110506587182076E+001 -0.764633251592999E+002 -0.822278363362831E+002
  0.351275160051545E+001  0.113941468372898E+001 -0.764649812945123E+002 -0.799543522880805E+002
  0.350680442281598E+001  0.118883343864424E+001 -0.768818798834076E+002 -0.769510372129752E+002
  0.350769502812716E+001  0.114914152362957E+001 -0.764705956189194E+002 -0.780148004361715E+002
  0.350946248651848E+001  0.114697005475111E+001 -0.764558916252145E+002 -0.770234693284846E+002
  0.350435378925562E+001  0.112516762995811E+001 -0.767648187962972E+002 -0.775429312687509E+002
  0.350951554391002E+001  0.113389072015276E+001 -0.764050595190746E+002 -0.769580870940330E+002
  0.350250324829328E+001  0.114292609241888E+001 -0.767552967621399E+002 -0.775188858348717E+002
  0.351356928906348E+001  0.115244050099480E+001 -0.766827579319269E+002 -0.769846960604863E+002
  0.350783309521964E+001  0.118325328827096E+001 -0.768407308792770E+002 -0.777736625778459E+002
  0.350871592250888E+001  0.110057098847598E+001 -0.766548849906020E+002 -0.774944683137947E+002
  0.351783312125207E+001  0.110163303106714E+001 -0.763463532057637E+002 -0.775212455531652E+002
  0.351330729026359E+001  0.107389721795621E+001 -0.766233736097955E+002 -0.141552012563949E+003
  0.351211273398935E+001  0.115564061171110E+001 -0.766379570854227E+002 -0.771315949974143E+002
  0.352785129078474E+001  0.102302311488875E+001 -0.765758093002153E+002 -0.781567733517146E+002
  0.350455354410197E+001  0.116932391474365E+001 -0.766040911387481E+002 -0.769439107281702E+002
  0.351790946863699E+001  0.113014695941339E+001 -0.766542179274632E+002 -0.773834078281013E+002
  0.352514401035994E+001  0.107579871011235E+001 -0.765328389416372E+002 -0.783648409275562E+002
  0.349911799515860E+001  0.118214255265120E+001 -0.768349913591599E+002 -0.775267052594161E+002
  0.350133308464133E+001  0.118900911437009E+001 -0.767766125853160E+002 -0.769388948090273E+002
  0.351895048308599E+001  0.109285588679871E+001 -0.763386467221583E+002 -0.773002494530919E+002
  0.351015334108093E+001  0.114895827228997E+001 -0.764804440903282E+002 -0.792962795474316E+002
  0.351019871139308E+001  0.114170096648267E+001 -0.764289118810617E+002 -0.832095779944842E+002
  0.352404995578109E+001  0.109536935516966E+001 -0.766719543759433E+002 -0.775390886142896E+002
  0.353072083615683E+001  0.990905447216598E+000 -0.768802995026988E+002 -0.770927444745936E+002
  0.353398708302905E+001  0.102366305950695E+001 -0.768482063726568E+002 -0.769468797939560E+002
  0.352243446194977E+001  0.107006288099719E+001 -0.763703870873479E+002 -0.773606579367816E+002
  0.352442675116295E+001  0.103069055851038E+001 -0.765488452967829E+002 -0.774896190462247E+002
  0.352688627242241E+001  0.104651936833551E+001 -0.764856754176062E+002 -0.771622963689748E+002
  0.352735274863322E+001  0.103041002929759E+001 -0.765295173455558E+002 -0.770685920814476E+002
  0.351151171865468E+001  0.107984086551521E+001 -0.766960060922595E+002 -0.770867035137360E+002
  0.350624079220713E+001  0.116051800648070E+001 -0.765375320860365E+002 -0.769450426688044E+002
  0.351165665265354E+001  0.113847413122333E+001 -0.764266958486012E+002 -0.772644305752018E+002
  0.350103475245109E+001  0.117708399782932E+001 -0.767322474252618E+002 -0.769099894410471E+002
  0.350895633038528E+001  0.114647231654157E+001 -0.764511669317272E+002 -0.770966734647999E+002
  0.352546527271843E+001  0.105377545255113E+001 -0.764413699219794E+002 -0.976875841643780E+002
  0.350983863290149E+001  0.108134091902955E+001 -0.768502551767813E+002 -0.781689493133109E+002
  0.353185108427622E+001  0.101586092926965E+001 -0.766967761342636E+002 -0.781618519626022E+002
  0.352864293889482E+001  0.103384275398281E+001 -0.765501603710081E+002 -0.814858509755876E+002
  0.353443147134113E+001  0.102286796114732E+001 -0.768823671458976E+002 -0.770189312147282E+002
  0.353513152392956E+001  0.101053032705288E+001 -0.768848601194950E+002 -0.779461539394273E+002
  0.351850070940376E+001  0.108889038743252E+001 -0.763213029944648E+002 -0.815544068468168E+002
  0.351722420054808E+001  0.109643970996805E+001 -0.763183618384145E+002 -0.769191989843702E+002
  0.353027317064036E+001  0.992030701364719E+000 -0.768752432489777E+002 -0.904384752902263E+002
  0.350080590208510E+001  0.118436098244632E+001 -0.767628800304604E+002 -0.791728848033558E+002
  0.350571954126263E+001  0.118152020730577E+001 -0.767249258163274E+002 -0.788598816913738E+002
  0.351518048373374E+001  0.110036402568807E+001 -0.763201786445880E+002 -0.789324801782444E+002
  0.350691107548930E+001  0.114933266721904E+001 -0.764840791307068E+002 -0.774407586824401E+002
  0.350357386883017E+001  0.114484099463668E+001 -0.766519575341091E+002 -0.773702282782321E+002
  0.350596231008982E+001  0.111707587203306E+001 -0.767041010798381E+002 -0.774426302720253E+002
  0.351549041714513E+001  0.105080116914019E+001 -0.768228751601409E+002 -0.774095036826700E+002
  0.351064279626517E+001  0.112265622801669E+001 -0.763789008332512E+002 -0.769237991909559E+002
  0.351357326528663E+001  0.112746922820304E+001 -0.763893320557841E+002 -0.774608908131191E+002
  0.352870786745542E+001  0.106903036455861E+001 -0.767749117528366E+002 -0.771886909004020E+002
  0.350514938794661E+001  0.118759082345893E+001 -0.767903056251543E+002 -0.785686207257583E+002
  0.352001647906067E+001  0.103433433420250E+001 -0.767251924395481E+002 -0.794531219941163E+002
  0.352022426359156E+001  0.109174667350069E+001 -0.763744946039288E+002 -0.778716253431687E+002
  0.350598665814886E+001  0.115002950848405E+001 -0.765099245947261E+002 -0.771365352282407E+002
  0.353023331194945E+001  0.104291946537100E+001 -0.766603711147173E+002 -0.777503708200555E+002
  0.352852782206132E+001  0.103923267932617E+001 -0.765462067389190E+002 -0.775571958363722E+002
  0.351423784747241E+001  0.113144372972070E+001 -0.764426723239507E+002 -0.785759583304794E+002
  0.352165175436672E+001  0.102851641440726E+001 -0.767079413661537E+002 -0.774494745121224E+002
  0.350403147852464E+001  0.112401051345639E+001 -0.768140125865360E+002 -0.781960827578087E+002
  0.350084896607393E+001  0.118339998319794E+001 -0.767575269776085E+002 -0.954549479637977E+002
  0.350812408268285E+001  0.109276279148472E+001 -0.768405751776489E+002 -0.787289473736853E+002
  0.350185068741329E+001  0.119558405553548E+001 -0.768324143484773E+002 -0.771094917235455E+002
  0.351239890161712E+001  0.111639907769837E+001 -0.763469441969904E+002 -0.771645346089180E+002
  0.350989862891329E+001  0.111905564960790E+001 -0.764126586298318E+002 -0.773926529918560E+002
  0.352867775148052E+001  0.105573100745001E+001 -0.766302342290378E+002 -0.768977091631402E+002
  0.351441769697278E+001  0.115594139710810E+001 -0.768156982463464E+002 -0.784800961874383E+002
  0.350811416560639E+001  0.113953145737249E+001 -0.764409299104900E+002 -0.786895190427543E+002
  0.352315717065960E+001  0.107796926251468E+001 -0.764267517157138E+002 -0.769094282744053E+002
  0.351949141626826E+001  0.104057034467623E+001 -0.766581622681732E+002 -0.769259623042031E+002
  0.352698833016596E+001  0.100845119173300E+001 -0.767432430186282E+002 -0.830533622049315E+002
  0.351591224343121E+001  0.115144555148843E+001 -0.768668638718223E+002 -0.821264913268713E+002
  0.351006021783815E+001  0.112371725542152E+001 -0.763938047815258E+002 -0.784249265512697E+002
  0.352767697815341E+001  0.101538326785008E+001 -0.766411987877577E+002 -0.778325434195056E+002
  0.352816949876634E+001  0.100112257463726E+001 -0.768073371593147E+002 -0.777807982730157E+002
  0.352640454231168E+001  0.109261784372312E+001 -0.768847032013123E+002 -0.772496947851230E+002
  0.350221805816991E+001  0.117028744995120E+001 -0.766709643525176E+002 -0.769474603047114E+002
  0.350877586589194E+001  0.117034940336413E+001 -0.766817277634764E+002 -0.850333587159396E+002
  0.352326040590226E+001  0.106956662695548E+001 -0.763945106965594E+002 -0.770038018284938E+002
  0.352674337598165E+001  0.105292001147535E+001 -0.764916369961826E+002 -0.778542769093539E+002
  0.351069069549469E+001  0.111218389876808E+001 -0.764086994367043E+002 -0.769288721499676E+002
  0.353073244108200E+001  0.103978213046179E+001 -0.766792930927515E+002 -0.785022067240676E+002
  0.350325094016216E+001  0.116371326005796E+001 -0.766209617131468E+002 -0.772611090801292E+002
  0.350953611180208E+001  0.111821282198600E+001 -0.764328033770555E+002 -0.780952097480717E+002
  0.352994408240758E+001  0.997176574689769E+000 -0.768126632309972E+002 -0.776103964199685E+002
  0.352095200924234E+001  0.109016308710886E+001 -0.763959383943286E+002 -0.775106835176287E+002
  0.350150248762561E+001  0.117497831461198E+001 -0.767084430550831E+002 -0.772079660762460E+002
  0.352291716405227E+001  0.111081509140556E+001 -0.768103643971823E+002 -0.810762235057809E+002
  0.351903084388363E+001  0.111028936532002E+001 -0.764664743568069E+002 -0.770259609255230E+002
  0.350036379558836E+001  0.116424950081217E+001 -0.767915418243414E+002 -0.774764703291771E+002
  0.351033566540529E+001  0.114049645830942E+001 -0.764229495780269E+002 -0.769555577733605E+002
  0.352331233666296E+001  0.102009318307664E+001 -0.767429068627010E+002 -0.807660765350440E+002
  0.350674139468707E+001  0.118257674754483E+001 -0.767749597724979E+002 -0.772854906829867E+002
  0.350856758669767E+001  0.116330538349870E+001 -0.765839507499581E+002 -0.776779303553834E+002
  0.350354351571586E+001  0.116433879704977E+001 -0.766104831191138E+002 -0.775657859357345E+002
  0.353120224838792E+001  0.104160211739379E+001 -0.767284368294300E+002 -0.810192303059961E+002
  0.351396163120789E+001  0.114882723652919E+001 -0.766513798060797E+002 -0.768992366728884E+002
  0.352525551740659E+001  0.102257105723781E+001 -0.766163228676646E+002 -0.769545123472757E+002
  0.350004779686489E+001  0.118126448567786E+001 -0.767845174597630E+002 -0.793972417542785E+002
  0.350898732117431E+001  0.112426867685310E+001 -0.764323352717356E+002 -0.769532719824764E+002
  0.352696612929635E+001  0.100520738144954E+001 -0.767926210957578E+002 -0.768982782396911E+002
  0.353205999461909E+001  0.104879301842368E+001 -0.768808320373034E+002 -0.772187571596807E+002
  0.350661396645970E+001  0.110448890441160E+001 -0.768154655362684E+002 -0.153703222779460E+003
  0.352935895295881E+001  0.104906180496766E+001 -0.766338760779726E+002 -0.924981342403390E+002
  0.351085915896062E+001  0.114030196411504E+001 -0.764266501135978E+002 -0.775749977696329E+002
  0.352786909012383E+001  0.100209971174523E+001 -0.768037218135496E+002 -0.769844616264853E+002
  0.352844211657215E+001  0.105629628696200E+001 -0.766162614764511E+002 -0.809581229891874E+002
  0.351428075934345E+001  0.108150105203075E+001 -0.764558675761050E+002 -0.779620303732801E+002
  0.350091080112817E+001  0.118594845015372E+001 -0.767671428742340E+002 -0.769556629450056E+002
  0.350947366010112E+001  0.111924630975311E+001 -0.764308536089959E+002 -0.777325996114987E+002
  0.350751072563911E+001  0.113511408065576E+001 -0.764641365383335E+002 -0.770826089353421E+002
  0.350120792108449E+001  0.115844818342663E+001 -0.767546452120929E+002 -0.771695699966902E+002
  0.352423106902185E+001  0.107187370104532E+001 -0.764469720177793E+002 -0.776462104802019E+002
  0.350315485742472E+001  0.115725779833646E+001 -0.766291855929034E+002 -0.134387160133449E+003
  0.352343919263495E+001  0.102761676004886E+001 -0.766212287116110E+002 -0.773011820852776E+002
  0.351187600564512E+001  0.113777963461022E+001 -0.764259438488566E+002 -0.776658637437980E+002
  0.351426492663487E+001  0.112877117757032E+001 -0.764191763878969E+002 -0.824612009582912E+002
  0.352914873616031E+001  0.995810623772970E+000 -0.768530491026033E+002 -0.770316231620064E+002
  0.352744062711406E+001  0.100592486305244E+001 -0.767630878356738E+002 -0.775765914578826E+002
  0.352378534439529E+001  0.104169443119351E+001 -0.764636087114515E+002 -0.774684159414025E+002
  0.352525084399298E+001  0.108073926994544E+001 -0.765910948738229E+002 -0.770628719817257E+002
  0.350761823007472E+001  0.118016754239955E+001 -0.767771523643608E+002 -0.803138295126542E+002
  0.351938929772716E+001  0.109479778473077E+001 -0.763602057206140E+002 -0.769248977929531E+002
  0.350036958651313E+001  0.119053741813512E+001 -0.768067111437606E+002 -0.772297292524375E+002
  0.350815101974355E+001  0.117552502294655E+001 -0.767299572695240E+002 -0.774783913788583E+002
  0.352435707953068E+001  0.102859483984243E+001 -0.765737833443301E+002 -0.775906025862012E+002
  0.352686840392973E+001  0.106583506198366E+001 -0.765733858248593E+002 -0.779218047119469E+002
  0.351616213368077E+001  0.113848306807221E+001 -0.766476266911453E+002 -0.790707371669955E+002
  0.351221652234781E+001  0.106889352919095E+001 -0.768176373391356E+002 -0.769738927511863E+002
  0.351909995914582E+001  0.111699785666110E+001 -0.765523966760719E+002 -0.797698857254143E+002
  0.350399094808727E+001  0.115365626141103E+001 -0.765913833593290E+002 -0.770297457513931E+002
  0.353279035870107E+001  0.102105465372806E+001 -0.767482028340919E+002 -0.769441774750636E+002
  0.351634424442399E+001  0.109289460857213E+001 -0.763183243294552E+002 -0.775200223865309E+002
  0.350551468063009E+001  0.111216065717724E+001 -0.768195972089579E+002 -0.769068184416201E+002
  0.350910979492269E+001  0.114465855366929E+001 -0.764419142366758E+002 -0.770596905150774E+002
  0.353335966368473E+001  0.101053751781425E+001 -0.767736333961678E+002 -0.771341551768767E+002
  0.350350498744434E+001  0.116365781236018E+001 -0.766108936834214E+002 -0.798689955392535E+002
  0.352534133971223E+001  0.102774372293617E+001 -0.765575155725224E+002 -0.843699827312042E+002
  0.351047381535788E+001  0.109154813560684E+001 -0.766171567072531E+002 -0.792775153181493E+002
  0.351881330022337E+001  0.109508938423405E+001 -0.763437190694946E+002 -0.784642581580001E+002
  0.351608238379598E+001  0.108086513769353E+001 -0.763753321046274E+002 -0.772178871073738E+002
  0.351495320102975E+001  0.108554878110243E+001 -0.763865168571253E+002 -0.794225223902944E+002
  0.350388308438084E+001  0.116053967349257E+001 -0.765930780509729E+002 -0.815167117266463E+002
  0.352251132501035E+001  0.105134037201985E+001 -0.764143612510461E+002 -0.769428939203816E+002
  0.353270656243169E+001  0.103819999208563E+001 -0.768374000990580E+002 -0.906049048733388E+002
  0.351269288294166E+001  0.113905028571703E+001 -0.764593645282597E+002 -0.791728330197236E+002
  0.352760793726844E+001  0.101174494457780E+001 -0.766822312483529E+002 -0.817509921966316E+002
  0.351233610473959E+001  0.114516854229435E+001 -0.765102593120479E+002 -0.770260225799533E+002
  0.353203094285816E+001  0.100742913682004E+001 -0.767299479882730E+002 -0.789408886559340E+002
  0.350347834154808E+001  0.118746602333998E+001 -0.767551569730569E+002 -0.770272292929335E+002
  0.353506703847979E+001  0.100138743582990E+001 -0.768734943981877E+002 -0.770718650664176E+002
  0.352054691916845E+001  0.107038422626053E+001 -0.763448720485333E+002 -0.771786989178345E+002
  0.351777908997669E+001  0.113114472178799E+001 -0.766595698155756E+002 -0.772210418840972E+002
  0.350577276559549E+001  0.112252994661262E+001 -0.766588122371823E+002 -0.793360812735578E+002
  0.352111352820568E+001  0.102663455501900E+001 -0.767802807808976E+002 -0.771221722762815E+002
  0.351450605162423E+001  0.105461826962838E+001 -0.768501761490049E+002 -0.769322056188165E+002
  0.352570386665749E+001  0.105630133325363E+001 -0.764542173561152E+002 -0.786039078190861E+002
  0.352158408196898E+001  0.104073906937540E+001 -0.765351882538763E+002 -0.837142182564446E+002
  0.353046070298179E+001  0.106358081415136E+001 -0.768948850029619E+002 -0.776136115244848E+002
  0.351013496232820E+001  0.112765175527212E+001 -0.763885751779491E+002 -0.775202946812634E+002
  0.352529601874259E+001  0.105077687021830E+001 -0.764362549714661E+002 -0.768982514710383E+002
  0.351538090143072E+001  0.109473098396789E+001 -0.763276219812374E+002 -0.864957325349404E+002
  0.351096142273624E+001  0.115611163848957E+001 -0.765843825565617E+002 -0.786604251756957E+002
  0.350373506775934E+001  0.115956030696494E+001 -0.765986795586126E+002 -0.770337127259540E+002
  0.352655634482793E+001  0.106822761211308E+001 -0.765703577600990E+002 -0.769009946633466E+002
  0.352479118312151E+001  0.101285060492093E+001 -0.767774177522001E+002 -0.784879028570279E+002
  0.350831307235104E+001  0.111874246509771E+001 -0.764981711866714E+002 -0.772047739626733E+002
  0.353130412632521E+001  0.101509498173709E+001 -0.766780742885030E+002 -0.786727322492929E+002
  0.349951859706797E+001  0.117445983830468E+001 -0.768180791392119E+002 -0.772823812200179E+002
  0.351295321627910E+001  0.110530610229119E+001 -0.763531753686209E+002 -0.774218710399442E+002
  0.352311777646038E+001  0.102716932726937E+001 -0.766429039530381E+002 -0.775020373023398E+002
  0.351731488958894E+001  0.111015659419711E+001 -0.763810928923032E+002 -0.415565657951467E+003
  0.350799902369942E+001  0.112214911987703E+001 -0.764946677106609E+002 -0.785756451792724E+002
  0.353417923430830E+001  0.100786610340992E+001 -0.768192684206369E+002 -0.796019212186304E+002
  0.352798929582413E+001  0.100889455790728E+001 -0.767077121526372E+002 -0.775707423825206E+002
  0.353318360933883E+001  0.100688032094792E+001 -0.767718093496115E+002 -0.932897181569025E+002
  0.352718222287690E+001  0.106762619657463E+001 -0.766145578980881E+002 -0.774445036208760E+002
  0.353340131483517E+001  0.100581246749559E+001 -0.767837623080238E+002 -0.773124550200133E+002
  0.353346986641526E+001  0.101975607178480E+001 -0.767907263377675E+002 -0.772286987589695E+002
  0.353082616415812E+001  0.104896072470229E+001 -0.767569154894734E+002 -0.769684437612098E+002
  0.350640591928988E+001  0.110797871957278E+001 -0.767839391086103E+002 -0.773730702990227E+002
  0.352803507956808E+001  0.102871223654843E+001 -0.765468765528432E+002 -0.825701910544801E+002
  0.351043639162163E+001  0.113260750351558E+001 -0.763905739488238E+002 -0.771783545956716E+002
  0.350572714846111E+001  0.112077489610977E+001 -0.766823765187218E+002 -0.777061478076270E+002
  0.353004438494188E+001  0.101794073602605E+001 -0.766324747295606E+002 -0.789943477546381E+002
  0.351269484901747E+001  0.107970469105023E+001 -0.765904773713847E+002 -0.781391162899906E+002
  0.352460215578425E+001  0.107825205088607E+001 -0.765161786842368E+002 -0.962823058820779E+002
  0.351853898667827E+001  0.108318967603769E+001 -0.763215777094317E+002 -0.769277822860390E+002
  0.350196489742592E+001  0.115112538157497E+001 -0.767378964418285E+002 -0.774043322008164E+002
  0.353471854146166E+001  0.993721555206626E+000 -0.768804964615308E+002 -0.769234023750990E+002
  0.352783380937156E+001  0.101545461461811E+001 -0.766384811192766E+002 -0.780720285382025E+002
  0.352253422996659E+001  0.108650413104697E+001 -0.764525115265940E+002 -0.772777322738094E+002
  0.350529466865184E+001  0.114193961453883E+001 -0.765532741820476E+002 -0.875906434568051E+002
  0.352482622478962E+001  0.101218838579897E+001 -0.767866473159541E+002 -0.770729108340998E+002
  0.353082195910383E+001  0.103009279758745E+001 -0.766481580841341E+002 -0.862567514019112E+002
  0.351273581705543E+001  0.112472700731563E+001 -0.763623366145703E+002 -0.793554272692575E+002
  0.352285123054969E+001  0.103051792228923E+001 -0.766088888835517E+002 -0.800788678372490E+002
  0.351202829180479E+001  0.108549703005416E+001 -0.765664521733865E+002 -0.838971868677331E+002
  0.352493231954562E+001  0.108504396463779E+001 -0.766143100531505E+002 -0.782480620090652E+002
  0.349996968821528E+001  0.116411282548206E+001 -0.768239998711159E+002 -0.802274911520695E+002
  0.350644893608819E+001  0.115126025900433E+001 -0.764988323534692E+002 -0.772180112436290E+002
  0.351808611635305E+001  0.110511857702197E+001 -0.763748971430938E+002 -0.791199099452764E+002
  0.352619229898334E+001  0.104124395004409E+001 -0.764717741136985E+002 -0.820609351296741E+002
  0.351587265924003E+001  0.104902423393752E+001 -0.768191581335083E+002 -0.769859953135673E+002
  0.352812036209770E+001  0.107445462536910E+001 -0.767870163347373E+002 -0.791471353174061E+002
  0.350582373366743E+001  0.117940903489570E+001 -0.767011289210525E+002 -0.779901972708490E+002
  0.353040784365897E+001  0.104330345837043E+001 -0.766759631678817E+002 -0.812631857445501E+002
  0.352500834737491E+001  0.102884189469084E+001 -0.765536666436010E+002 -0.769406341310354E+002
  0.351845829594212E+001  0.112284350943979E+001 -0.765856509721062E+002 -0.782037629037036E+002
  0.351480079682945E+001  0.110034836878948E+001 -0.763248568172433E+002 -0.769089915277393E+002
  0.350672953434992E+001  0.118119948364584E+001 -0.767538224441968E+002 -0.775697291297312E+002
  0.353279489649003E+001  0.102492016414624E+001 -0.767602231479260E+002 -0.184089153605422E+003
  0.351440091462170E+001  0.112296600369358E+001 -0.763788996052316E+002 -0.848094151443917E+002
  0.350173898740019E+001  0.118795711594147E+001 -0.767630097035325E+002 -0.774564784974515E+002
  0.352066212424767E+001  0.110559628129765E+001 -0.765216037283898E+002 -0.794688290339375E+002
  0.351047856156957E+001  0.115158600504738E+001 -0.765134334605179E+002 -0.769429907710703E+002
  0.351684317537918E+001  0.105630716129518E+001 -0.766045654039384E+002 -0.771425202657977E+002
  0.352287226362386E+001  0.111313052104710E+001 -0.768492739370758E+002 -0.770694069127092E+002
  0.351992066254998E+001  0.104238369527138E+001 -0.766013562809848E+002 -0.823071476120725E+002
  0.351869518580433E+001  0.111980930525147E+001 -0.765605991150205E+002 -0.771828022312600E+002
  0.351602126785054E+001  0.106155220769642E+001 -0.765878948387823E+002 -0.781474611838917E+002
  0.351275966261309E+001  0.110066016171681E+001 -0.763806244317979E+002 -0.789853999265403E+002
  0.352433786351661E+001  0.102065849288009E+001 -0.766779996428057E+002 -0.772039178262255E+002
  0.352379673527478E+001  0.109049419944539E+001 -0.765835239719240E+002 -0.769969410543417E+002
  0.353286586631794E+001  0.104153771995653E+001 -0.768862074278092E+002 -0.808136225696750E+002
  0.352998344541874E+001  0.106422035424742E+001 -0.768488631915452E+002 -0.769692789572213E+002
  0.351326948065765E+001  0.112207692310665E+001 -0.763555769039241E+002 -0.772299500600525E+002
  0.351273923166335E+001  0.111596340569652E+001 -0.763424932280994E+002 -0.798100858841018E+002
  0.350758225463005E+001  0.111470044746212E+001 -0.765861033442185E+002 -0.775094849687756E+002
  0.351818910702162E+001  0.111022297762579E+001 -0.764196343440854E+002 -0.782145441725584E+002
  0.349989044954186E+001  0.118492441929257E+001 -0.767993332357477E+002 -0.770172373840774E+002
  0.351365276217404E+001  0.115858862692299E+001 -0.768003770447830E+002 -0.773144122607930E+002
  0.351329760821533E+001  0.111328641001508E+001 -0.763355315196527E+002 -0.782186416170088E+002
  0.352557221681911E+001  0.104661260767272E+001 -0.764477354349509E+002 -0.771412113530276E+002
  0.353099204278159E+001  0.101133406560004E+001 -0.766850773655000E+002 -0.772455077159064E+002
  0.352180868406869E+001  0.111876393577601E+001 -0.768367728166358E+002 -0.779406388206143E+002
  0.350605444235774E+001  0.116781637152081E+001 -0.765871388238559E+002 -0.769417078359522E+002
  0.352566859873578E+001  0.108649928463488E+001 -0.767030821780745E+002 -0.779732314740770E+002
  0.352146404015576E+001  0.105510704369571E+001 -0.764050839867854E+002 -0.771999609335688E+002
  0.350221298978408E+001  0.115625499712795E+001 -0.766908874662296E+002 -0.780414341122048E+002
  0.350861532815395E+001  0.110958995804215E+001 -0.765561653842944E+002 -0.968971943952088E+003
  0.350179903801466E+001  0.118876532479923E+001 -0.767685741783362E+002 -0.794940294919660E+002
  0.352175880806200E+001  0.102273565076420E+001 -0.768035200419619E+002 -0.772752688805932E+002
  0.353461848983384E+001  0.101386003668577E+001 -0.768561661402432E+002 -0.772702345785315E+002
  0.350953039319966E+001  0.114794990657199E+001 -0.764630487824523E+002 -0.777859396346462E+002
  0.350835345366788E+001  0.109349757943605E+001 -0.768012580181367E+002 -0.775046191591902E+002
  0.353005179130432E+001  0.103565352350954E+001 -0.766171665260828E+002 -0.778626553549243E+002
  0.352595316881617E+001  0.108789503164307E+001 -0.767533994426404E+002 -0.788864014971631E+002
  0.349995624035018E+001  0.117962650338669E+001 -0.767873650202489E+002 -0.817127982443095E+002
  0.352385797937489E+001  0.108826855287653E+001 -0.765622076387458E+002 -0.769184202893899E+002
  0.351862573828298E+001  0.109330621303979E+001 -0.763326149883893E+002 -0.769284354396100E+002
  0.352305626257139E+001  0.109522117849107E+001 -0.765803291157807E+002 -0.773649044537941E+002
  0.351932344955350E+001  0.110895977435224E+001 -0.764700826020348E+002 -0.788910127176396E+002
  0.351640067520249E+001  0.108251339753700E+001 -0.763545723076084E+002 -0.769161243370378E+002
  0.351316095149764E+001  0.107384834025560E+001 -0.766369685398354E+002 -0.772963202263872E+002
  0.353146779097351E+001  0.997535814186758E+000 -0.767936456861409E+002 -0.783889743249599E+002
  0.353083716710564E+001  0.100985195066045E+001 -0.766904814764425E+002 -0.769453803076008E+002
  0.351955755885595E+001  0.107781185199839E+001 -0.763296608761367E+002 -0.778645468963554E+002
  0.351406621815652E+001  0.105616075618652E+001 -0.768669458663065E+002 -0.796144915767190E+002
  0.352751108414629E+001  0.999213703343337E+000 -0.768652660310022E+002 -0.770389304923673E+002
  0.349997268234612E+001  0.118889948930749E+001 -0.768102020683934E+002 -0.772508980558367E+002
  0.351556614628901E+001  0.109459537993500E+001 -0.763247875135267E+002 -0.769453035362664E+002
  0.351092283780040E+001  0.113622924170065E+001 -0.764036980833906E+002 -0.792707089394881E+002
  0.352242749327719E+001  0.111683426043429E+001 -0.768702372760010E+002 -0.781084810913087E+002
  0.350086870257209E+001  0.119398664943315E+001 -0.768214707013719E+002 -0.769743677155373E+002
  0.351686753640347E+001  0.106293347888047E+001 -0.765109697611915E+002 -0.779944329828984E+002
  0.353391923009333E+001  0.102647256568574E+001 -0.768595595962644E+002 -0.773153690122263E+002
  0.352195145823445E+001  0.104955772573963E+001 -0.764356059021470E+002 -0.769057943817906E+002
  0.352846571442040E+001  0.102948882061611E+001 -0.765531004167731E+002 -0.773837486173009E+002
  0.351134977428140E+001  0.113740806334716E+001 -0.764143688534074E+002 -0.771752047605529E+002
  0.350270777346886E+001  0.114937165714906E+001 -0.766898719954337E+002 -0.792968241488698E+002
  0.352816361951698E+001  0.104417698088061E+001 -0.765375486932795E+002 -0.771684628183325E+002
  0.350840148518196E+001  0.114643984296855E+001 -0.764531731552617E+002 -0.791395982856882E+002
  0.352971655492463E+001  0.106692322341769E+001 -0.768569121240246E+002 -0.821451537600456E+002
  0.352490190718670E+001  0.102173373352510E+001 -0.766390952623639E+002 -0.774104458334274E+002
  0.352615955080140E+001  0.106355620928480E+001 -0.765082578055035E+002 -0.772244385060677E+002
  0.351984760611578E+001  0.108290685120749E+001 -0.763328734462269E+002 -0.784267441382109E+002
  0.352593643510265E+001  0.107584301328585E+001 -0.765948522016992E+002 -0.774441888604451E+002
  0.351696494624974E+001  0.104759105855466E+001 -0.767412856632353E+002 -0.787427548857530E+002
  0.352524480802973E+001  0.102726247403499E+001 -0.765643815549813E+002 -0.792462359984102E+002
  0.352972800396407E+001  0.103056388755600E+001 -0.765941185679710E+002 -0.772965505762954E+002
  0.350864218706595E+001  0.114857948470133E+001 -0.764624746080258E+002 -0.769328498589176E+002
  0.351481724251929E+001  0.113338625997258E+001 -0.764894776624948E+002 -0.769774082757601E+002
  0.351162032795472E+001  0.115515563575818E+001 -0.766034775601018E+002 -0.769588089053652E+002
  0.352091308786735E+001  0.112200698225246E+001 -0.768000766162143E+002 -0.769199307006649E+002
  0.353384957620914E+001  0.995382491483458E+000 -0.768440481476370E+002 -0.771111187009474E+002
  0.353223401038466E+001  0.102603576958968E+001 -0.767250451058794E+002 -0.770611333334597E+002
  0.352430685280557E+001  0.107656341363016E+001 -0.764825184662499E+002 -0.772558437054624E+002
  0.352362871208780E+001  0.107558068309357E+001 -0.764368156564240E+002 -0.834049659520785E+002
  0.351031551251057E+001  0.112910771232116E+001 -0.763858099399476E+002 -0.791162104120589E+002
  0.352887735512727E+001  0.104467529890019E+001 -0.765781511803295E+002 -0.772067793225388E+002
  0.351943584044510E+001  0.112822416474975E+001 -0.767626873909068E+002 -0.771539928961471E+002
  0.351901354359842E+001  0.112965045761321E+001 -0.767469368288693E+002 -0.770028497615373E+002
  0.350918945529848E+001  0.108497095274023E+001 -0.768580718395814E+002 -0.768994515794796E+002
  0.351565307648270E+001  0.112939772044384E+001 -0.764868935740363E+002 -0.800440686272059E+002
  0.350483159647251E+001  0.114594630615274E+001 -0.765653760052071E+002 -0.816172792885253E+002
  0.351898473560595E+001  0.105483277249091E+001 -0.764903623653964E+002 -0.830542806321572E+002
  0.349822899556191E+001  0.119126791130553E+001 -0.768931921470975E+002 -0.783817098190297E+002
  0.349900923258652E+001  0.118356008035653E+001 -0.768415834489482E+002 -0.769331312894897E+002
  0.351616584130550E+001  0.106163054014498E+001 -0.765759755901820E+002 -0.815075462369388E+002
  0.351146068158050E+001  0.108003134252008E+001 -0.766979252663297E+002 -0.799802568987654E+002
  0.352168353007030E+001  0.111550987076809E+001 -0.767618135055937E+002 -0.804067508127754E+002
  0.350783203495631E+001  0.110752555556681E+001 -0.766461837996695E+002 -0.769061047313126E+002
  0.352038899287036E+001  0.104203039545833E+001 -0.765785084480173E+002 -0.783304086631418E+002
  0.350000270142787E+001  0.119570604645683E+001 -0.768488736796304E+002 -0.776943582835873E+002
  0.351792568011109E+001  0.107772871307500E+001 -0.763425039546875E+002 -0.771363290163121E+002
  0.352115916207790E+001  0.106697460070828E+001 -0.763540601504544E+002 -0.837172250986179E+002
  0.351152374780092E+001  0.107709448185487E+001 -0.767412100433575E+002 -0.827846921027736E+002
  0.353520807719739E+001  0.100608707686419E+001 -0.768819725365235E+002 -0.769769685654177E+002
  0.351550176413966E+001  0.111746401823127E+001 -0.763718274125522E+002 -0.774239795527309E+002
  0.350449481420427E+001  0.114808843505343E+001 -0.765775302534810E+002 -0.113143193035850E+003
  0.352298539270783E+001  0.111230093569322E+001 -0.768463633357828E+002 -0.791140358668555E+002
  0.351196503245044E+001  0.110915379839483E+001 -0.763711084800583E+002 -0.776663350376909E+002
  0.350731884227695E+001  0.116280868150331E+001 -0.765549322525282E+002 -0.780845288510911E+002
  0.351572048675991E+001  0.105764907491692E+001 -0.766741676074611E+002 -0.796148051479738E+002
  0.353303841205152E+001  0.103931380779640E+001 -0.768813684427393E+002 -0.779667367013702E+002
  0.350257704173562E+001  0.117314689432418E+001 -0.766645958962401E+002 -0.789623235891893E+002
  0.352240777523052E+001  0.106702196492621E+001 -0.763676144054283E+002 -0.820147588304528E+002
  0.351261751718353E+001  0.113550025176914E+001 -0.764255942707121E+002 -0.776123297711783E+002
  0.353076454480182E+001  0.103695366248635E+001 -0.766670812942861E+002 -0.813073108937014E+002
  0.353370032605360E+001  0.101199304093963E+001 -0.767920206040842E+002 -0.777588534075949E+002
  0.351549727632183E+001  0.106829417649983E+001 -0.765319316218254E+002 -0.771464310508772E+002
  0.350801499685017E+001  0.111309318158560E+001 -0.765677446580809E+002 -0.768960383406551E+002
