  0.346851956839562E+001  0.107277937923548E+001 -0.108733216385629E+003
  0.341721915323301E+001  0.122626503794229E+001 -0.108785481384674E+003
  0.343834886151315E+001  0.104048979580544E+001 -0.108736705880137E+003
  0.346377722217952E+001  0.934730368543793E+000 -0.108682836700230E+003
  0.345529830611632E+001  0.106087069202392E+001 -0.108673932468426E+003
  0.347483764379371E+001  0.930600481124788E+000 -0.108667849866462E+003
  0.343707080126909E+001  0.111239211054581E+001 -0.108706116817643E+003
  0.345843165243010E+001  0.110110316643556E+001 -0.108710406748410E+003
  0.347606366856120E+001  0.908749249527512E+000 -0.108671808041912E+003
  0.346525319649052E+001  0.987249045210755E+000 -0.108663316028634E+003
  0.347402047395201E+001  0.900746444154434E+000 -0.108676685211281E+003
  0.345998406749775E+001  0.923379410913476E+000 -0.108710787062995E+003
  0.346072179829644E+001  0.972367804909982E+000 -0.108671310754739E+003
  0.346718464300152E+001  0.898705788465449E+000 -0.108698604336423E+003
  0.347106712133059E+001  0.894918880074989E+000 -0.108687170451238E+003
  0.343191984274912E+001  0.113679079594757E+001 -0.108722903275452E+003
  0.341981434945263E+001  0.123425768372431E+001 -0.108777407236861E+003
  0.349110521015176E+001  0.860171712666780E+000 -0.108697134345977E+003
  0.348239647083545E+001  0.779801266541346E+000 -0.108767107161626E+003
  0.347818167500178E+001  0.965397617231902E+000 -0.108684358763937E+003
  0.348383242498678E+001  0.968783403988819E+000 -0.108717113000771E+003
  0.345895381696752E+001  0.109474778667751E+001 -0.108706115545229E+003
  0.347331164429132E+001  0.933266777764333E+000 -0.108666993383477E+003
  0.345225928364512E+001  0.924758389579637E+000 -0.108765814069387E+003
  0.345027705702050E+001  0.117618713709184E+001 -0.108764729975123E+003
  0.343768267009279E+001  0.109168290572354E+001 -0.108708268066954E+003
  0.349474457379043E+001  0.954232901448771E+000 -0.108790719571172E+003
  0.348360799324349E+001  0.847025144960254E+000 -0.108693487928529E+003
  0.350147330722748E+001  0.796703943462468E+000 -0.108730694686783E+003
  0.346269269367748E+001  0.874299499629476E+000 -0.108755965925165E+003
  0.351335263837402E+001  0.783220497806855E+000 -0.108789817143592E+003
  0.349587751271795E+001  0.770761970559889E+000 -0.108735295802844E+003
  0.347106693374445E+001  0.994006445016179E+000 -0.108674370659199E+003
  0.347717582387920E+001  0.814976259407088E+000 -0.108745647146984E+003
  0.345921792595538E+001  0.103469219222450E+001 -0.108668317420418E+003
  0.342352556262577E+001  0.114454622042174E+001 -0.108767080316629E+003
  0.349221020552958E+001  0.830787779361104E+000 -0.108702655059913E+003
  0.344450554131849E+001  0.119567978614003E+001 -0.108763031782340E+003
  0.346567530096838E+001  0.111180722446284E+001 -0.108769798941922E+003
  0.349445551822190E+001  0.915767592143409E+000 -0.108742230643890E+003
  0.345314694243076E+001  0.986467633459092E+000 -0.108690992965112E+003
  0.346673798359024E+001  0.101666943024531E+001 -0.108673610463683E+003
  0.342387883603856E+001  0.125916762336848E+001 -0.108787314832277E+003
  0.343486923691535E+001  0.105089573339403E+001 -0.108753686797688E+003
  0.348424336540869E+001  0.923992221369879E+000 -0.108688412698804E+003
  0.347290502585951E+001  0.942862247239304E+000 -0.108666036269786E+003
  0.349075094089997E+001  0.749460744659791E+000 -0.108770220544785E+003
  0.345935890917058E+001  0.986642232041579E+000 -0.108669316723434E+003
  0.345892418457189E+001  0.941439997925819E+000 -0.108698713291396E+003
  0.349462216351357E+001  0.771175158128139E+000 -0.108736107330318E+003
  0.346828230338177E+001  0.101000813273942E+001 -0.108674381728060E+003
  0.347248713052726E+001  0.849061547207164E+000 -0.108726654572541E+003
  0.350877573474147E+001  0.701232864050853E+000 -0.108789799682365E+003
  0.345184202319515E+001  0.982172798892096E+000 -0.108700989606725E+003
  0.345447198267448E+001  0.117309808661067E+001 -0.108786950110599E+003
  0.346234773448895E+001  0.896486950991346E+000 -0.108727564571798E+003
  0.343394597719478E+001  0.111449823052633E+001 -0.108718483944026E+003
  0.348045257132394E+001  0.858376196277691E+000 -0.108690578186148E+003
  0.341750744103877E+001  0.123124877301255E+001 -0.108784897601986E+003
  0.350337105291947E+001  0.714335384927214E+000 -0.108779652458067E+003
  0.346407920357527E+001  0.954103414386534E+000 -0.108670960315348E+003
  0.349795351047348E+001  0.865363420303414E+000 -0.108728866181460E+003
  0.350595760212264E+001  0.788421326454944E+000 -0.108748101453621E+003
  0.347233824138324E+001  0.880850114663428E+000 -0.108694229381131E+003
  0.347074661305861E+001  0.879751711803706E+000 -0.108701272181192E+003
  0.345635042644378E+001  0.108293260665063E+001 -0.108687291103014E+003
  0.347408037231431E+001  0.105269305655303E+001 -0.108746276559532E+003
  0.344368510145617E+001  0.112365712327470E+001 -0.108695755952897E+003
  0.351318169678653E+001  0.714092539807364E+000 -0.108788408779778E+003
  0.346361401899736E+001  0.100619558240407E+001 -0.108664802057485E+003
  0.341645001567040E+001  0.124637143962908E+001 -0.108792610647988E+003
  0.343429126403316E+001  0.118844591275366E+001 -0.108732128042852E+003
  0.348205674997792E+001  0.841323490364507E+000 -0.108699514401269E+003
  0.346436168698607E+001  0.924879605757102E+000 -0.108687920288261E+003
  0.350486158397330E+001  0.863948046599605E+000 -0.108778344900017E+003
  0.342565503415727E+001  0.123241425946768E+001 -0.108765293345926E+003
  0.350862645374175E+001  0.827691742539002E+000 -0.108779814140791E+003
  0.350653381797805E+001  0.850591317132302E+000 -0.108780668180742E+003
  0.348800241939757E+001  0.934522222140179E+000 -0.108713896464707E+003
  0.345975141044038E+001  0.100289052136068E+001 -0.108665335383285E+003
  0.350298637100151E+001  0.875063589021625E+000 -0.108772687247844E+003
  0.349249641061106E+001  0.876848887535196E+000 -0.108705424365553E+003
  0.346985864805570E+001  0.106430159574001E+001 -0.108731211418425E+003
  0.346839082537046E+001  0.935327749132515E+000 -0.108670249222332E+003
  0.348339979048334E+001  0.948625090656323E+000 -0.108698089937239E+003
  0.344077884366871E+001  0.114099360506571E+001 -0.108704232423274E+003
  0.348103542755857E+001  0.911712300972207E+000 -0.108675808329779E+003
  0.346777668149680E+001  0.924749968596226E+000 -0.108676778521747E+003
  0.346045818615095E+001  0.113909365113386E+001 -0.108774010360825E+003
  0.345109870226138E+001  0.110212033474275E+001 -0.108689473668922E+003
  0.345976484117475E+001  0.107670185268970E+001 -0.108692648603099E+003
  0.348282279977733E+001  0.902970129675102E+000 -0.108678846836703E+003
  0.348846551176591E+001  0.946713675533486E+000 -0.108727629464389E+003
  0.346888185580941E+001  0.880978417032541E+000 -0.108708422650862E+003
  0.344668620370508E+001  0.104140875050417E+001 -0.108688599345871E+003
  0.347047602406533E+001  0.905401316923573E+000 -0.108681534451055E+003
  0.348216520877425E+001  0.991151115373135E+000 -0.108728937838746E+003
  0.344119513506189E+001  0.103882979783490E+001 -0.108718530784727E+003
  0.348445096148318E+001  0.985406265996787E+000 -0.108739523724306E+003
  0.343043586789151E+001  0.123052843014941E+001 -0.108764329488688E+003
  0.349675799169773E+001  0.899596363397347E+000 -0.108744953233523E+003
  0.347815092507914E+001  0.783977510911264E+000 -0.108787184756912E+003
  0.349804263675264E+001  0.738312087827023E+000 -0.108762398220609E+003
  0.343359806598687E+001  0.106777028842739E+001 -0.108747733129382E+003
  0.344414597244480E+001  0.104870512956449E+001 -0.108696221482808E+003
  0.347925308061036E+001  0.101610795876878E+001 -0.108737194530053E+003
  0.350577635786417E+001  0.869360288618118E+000 -0.108791983843414E+003
  0.344170054600767E+001  0.109140475827660E+001 -0.108693302580512E+003
  0.347720894141458E+001  0.792088244797970E+000 -0.108780130875658E+003
  0.349286968909846E+001  0.771946295889052E+000 -0.108738018070704E+003
  0.350769859905770E+001  0.767099323657035E+000 -0.108755862677407E+003
  0.347800089724797E+001  0.104364899774409E+001 -0.108765498239104E+003
  0.349618868529701E+001  0.775334480912305E+000 -0.108731753230247E+003
  0.346829292483247E+001  0.105937355098710E+001 -0.108715323919688E+003
  0.348152927280112E+001  0.920399774314895E+000 -0.108678185180605E+003
  0.349281922990214E+001  0.740722310384186E+000 -0.108773969757654E+003
  0.349673543366722E+001  0.788675184741249E+000 -0.108723826493509E+003
  0.347264713451368E+001  0.986109806517707E+000 -0.108675323555872E+003
  0.346469533448309E+001  0.987158242730345E+000 -0.108663262786034E+003
  0.347875631481361E+001  0.888221717832877E+000 -0.108677429629871E+003
  0.349427067645115E+001  0.918227526189002E+000 -0.108743160549755E+003
  0.349019040673809E+001  0.764180454037342E+000 -0.108753369332182E+003
  0.346318700513301E+001  0.922973142282572E+000 -0.108694524068636E+003
  0.349766221174743E+001  0.839287717146739E+000 -0.108718071338125E+003
  0.346734332544725E+001  0.980070889268742E+000 -0.108663676525842E+003
  0.347882342979615E+001  0.815014415086077E+000 -0.108737042286271E+003
  0.344512486580624E+001  0.120719990265585E+001 -0.108783160852487E+003
  0.346458263713834E+001  0.956298422018033E+000 -0.108668993463446E+003
  0.348496292526179E+001  0.936675641211655E+000 -0.108698318156410E+003
  0.347953673169438E+001  0.776905545278925E+000 -0.108789573966976E+003
  0.350344392812562E+001  0.717243743946899E+000 -0.108776651831639E+003
  0.342778060776459E+001  0.118475995895105E+001 -0.108739705157136E+003
  0.345392337112141E+001  0.105476026747155E+001 -0.108671912350718E+003
  0.351366482946363E+001  0.712827867153607E+000 -0.108790348380344E+003
  0.346125434676268E+001  0.101772536203724E+001 -0.108665576029694E+003
  0.348913077779515E+001  0.839211709157276E+000 -0.108696597100738E+003
  0.344843666304388E+001  0.936096838677024E+000 -0.108783521470975E+003
  0.349260952850976E+001  0.919158274058418E+000 -0.108731721336117E+003
  0.349374190471897E+001  0.753353832536456E+000 -0.108755420679690E+003
  0.348323438567734E+001  0.927490478936534E+000 -0.108685910933003E+003
  0.344556760566138E+001  0.110199698289455E+001 -0.108687217279566E+003
  0.344364418827361E+001  0.971550399022183E+000 -0.108774791614193E+003
  0.348260570655436E+001  0.969193945046655E+000 -0.108709701688397E+003
  0.343565137704782E+001  0.113882946570365E+001 -0.108710623409463E+003
  0.348426482685289E+001  0.948437730203388E+000 -0.108702581683668E+003
  0.348501056166390E+001  0.967538138903738E+000 -0.108723880545744E+003
  0.347756474115503E+001  0.913592569052001E+000 -0.108671201327110E+003
  0.341845056356475E+001  0.119834837336695E+001 -0.108780266014332E+003
  0.344785691228049E+001  0.967327826087836E+000 -0.108743624979189E+003
  0.344985371793371E+001  0.110980737270773E+001 -0.108692432410003E+003
  0.343240078714922E+001  0.103676945134456E+001 -0.108792840350019E+003
  0.349570656420087E+001  0.798850197603951E+000 -0.108718122690500E+003
  0.348248217389858E+001  0.943556354266041E+000 -0.108690518366015E+003
  0.350851538611049E+001  0.775854383231700E+000 -0.108759186167605E+003
  0.344188566777760E+001  0.103016034723169E+001 -0.108721093786826E+003
  0.345784142552297E+001  0.111683983739886E+001 -0.108725447012981E+003
  0.344694390478706E+001  0.106931974282470E+001 -0.108681433511698E+003
  0.345065174281020E+001  0.995470517824334E+000 -0.108696881889116E+003
  0.341809251648547E+001  0.117531048572093E+001 -0.108790294498802E+003
  0.343963259482603E+001  0.107957202265285E+001 -0.108703689892339E+003
  0.349982181943665E+001  0.807610397836360E+000 -0.108724398710350E+003
  0.344972520598652E+001  0.107390712499129E+001 -0.108677666639495E+003
  0.348648319188734E+001  0.864927498263699E+000 -0.108687180160040E+003
  0.344353344101505E+001  0.108069563310224E+001 -0.108689090642272E+003
  0.347583604090830E+001  0.106531189903154E+001 -0.108780686209693E+003
  0.346995425958805E+001  0.896057610678513E+000 -0.108689947890532E+003
  0.344409727385081E+001  0.112855855206460E+001 -0.108698124321045E+003
  0.344730465702609E+001  0.113291859356910E+001 -0.108704436916341E+003
  0.342935675283105E+001  0.120803103131012E+001 -0.108746549592978E+003
  0.345800440821106E+001  0.105913422077915E+001 -0.108676387874497E+003
  0.342469147950818E+001  0.125127655381322E+001 -0.108780339334726E+003
  0.351190266707407E+001  0.755149929951211E+000 -0.108774788263406E+003
  0.341926842394165E+001  0.120018554068988E+001 -0.108775455870668E+003
  0.349542282738833E+001  0.792797538597297E+000 -0.108720860013897E+003
  0.350487858574213E+001  0.761903784875095E+000 -0.108748126777863E+003
  0.349823075814627E+001  0.726630315749849E+000 -0.108775097880859E+003
  0.346240383139462E+001  0.103120307721151E+001 -0.108670952595194E+003
  0.347937678653739E+001  0.932574438802448E+000 -0.108675217910026E+003
  0.344597821607933E+001  0.100633121509473E+001 -0.108715137143163E+003
  0.348125951668895E+001  0.844901839598084E+000 -0.108698427323676E+003
  0.345168314325678E+001  0.105273797022584E+001 -0.108673362287662E+003
  0.346678216727259E+001  0.111064557797532E+001 -0.108776941139064E+003
  0.347294140090479E+001  0.100091011196439E+001 -0.108685121880165E+003
  0.342230418429093E+001  0.124529934106159E+001 -0.108777462127014E+003
  0.342968033075224E+001  0.113962345869956E+001 -0.108732434568295E+003
  0.349022478097067E+001  0.789471121511848E+000 -0.108726667325582E+003
  0.343477847766162E+001  0.104841050741815E+001 -0.108757007847450E+003
  0.350854711132562E+001  0.830969559051788E+000 -0.108781567377310E+003
  0.349251297690870E+001  0.862667970804381E+000 -0.108701944732466E+003
  0.348756536924248E+001  0.816408230951309E+000 -0.108709007470632E+003
  0.346874133845236E+001  0.108680958929447E+001 -0.108754649805519E+003
  0.341862851805663E+001  0.122098895688868E+001 -0.108778655307238E+003
  0.347584996450121E+001  0.853312777443238E+000 -0.108706742943680E+003
  0.344173088566596E+001  0.110964340350180E+001 -0.108693665143556E+003
  0.342576375899736E+001  0.117940913573001E+001 -0.108745910591610E+003
  0.350135406333465E+001  0.860877038587379E+000 -0.108748287339086E+003
  0.348971407683245E+001  0.747673200318072E+000 -0.108777204928420E+003
  0.341652451197060E+001  0.121311711489045E+001 -0.108789143515268E+003
  0.348410381967219E+001  0.866559922166232E+000 -0.108684727583209E+003
  0.348966976541845E+001  0.954749819296637E+000 -0.108745228891021E+003
  0.350011285255199E+001  0.759831286796533E+000 -0.108742511987589E+003
  0.348614493244575E+001  0.804401886450719E+000 -0.108721756615296E+003
  0.343859767070847E+001  0.118788793687345E+001 -0.108735413300148E+003
  0.344875610455606E+001  0.108901910821381E+001 -0.108681872519774E+003
  0.345408504642430E+001  0.110498634068748E+001 -0.108698162761332E+003
  0.345761763632440E+001  0.102372949049459E+001 -0.108666593344788E+003
  0.345809693641565E+001  0.941445459892680E+000 -0.108703113739708E+003
  0.348287645858749E+001  0.800670364782295E+000 -0.108736647295148E+003
  0.350405127200869E+001  0.858572979271155E+000 -0.108766881407834E+003
  0.350918434105372E+001  0.709289681244414E+000 -0.108783627719733E+003
  0.346016037936109E+001  0.104377114269900E+001 -0.108672647424322E+003
  0.346480158411490E+001  0.102948123058389E+001 -0.108675336211582E+003
  0.347770471004430E+001  0.978717439514089E+000 -0.108690741338010E+003
  0.346674427838528E+001  0.864789446555339E+000 -0.108740546786287E+003
  0.344540010738362E+001  0.111351982746462E+001 -0.108691261045511E+003
  0.345958430694352E+001  0.968846585456401E+000 -0.108676239308168E+003
  0.342917729236927E+001  0.115708429007577E+001 -0.108732367012441E+003
  0.345694457341371E+001  0.884594383360596E+000 -0.108788576074672E+003
  0.350827071121390E+001  0.726711930495442E+000 -0.108771069220707E+003
  0.344529030234104E+001  0.100801956103937E+001 -0.108718087184326E+003
  0.350099201590567E+001  0.793973124768367E+000 -0.108729650315653E+003
  0.346821400043827E+001  0.965542267480323E+000 -0.108663629915540E+003
  0.347024851902709E+001  0.859777426390805E+000 -0.108725625368303E+003
  0.347474264788454E+001  0.831617163036011E+000 -0.108736682905844E+003
  0.345610953015781E+001  0.100574175108549E+001 -0.108671030346978E+003
  0.346304942515826E+001  0.104547081454505E+001 -0.108680056657024E+003
  0.343985184549239E+001  0.990150976722912E+000 -0.108784187139465E+003
  0.345109542912307E+001  0.928383667388658E+000 -0.108770702814131E+003
  0.345705010026897E+001  0.907551958437926E+000 -0.108751020267615E+003
  0.345705389102072E+001  0.932661887486894E+000 -0.108718549754023E+003
  0.345351850833389E+001  0.109128993219976E+001 -0.108686764047987E+003
  0.345969482935049E+001  0.940367695867558E+000 -0.108695791071725E+003
  0.344988619637601E+001  0.104517404209315E+001 -0.108677204970959E+003
  0.343223366531357E+001  0.122416669774905E+001 -0.108760295606496E+003
  0.344323823395958E+001  0.100984451313875E+001 -0.108730589876809E+003
  0.343902362648200E+001  0.110590975736180E+001 -0.108700225323551E+003
  0.348262175908352E+001  0.985881507774053E+000 -0.108726353773463E+003
  0.342551201066420E+001  0.113052309368557E+001 -0.108761012830940E+003
  0.349568386533582E+001  0.928811314310709E+000 -0.108766277953024E+003
  0.348949221573677E+001  0.838234524859843E+000 -0.108697224430370E+003
  0.346684926647225E+001  0.885598674860134E+000 -0.108713764718190E+003
  0.349663847976793E+001  0.926018704517519E+000 -0.108771566918637E+003
  0.342648875741556E+001  0.120750390773859E+001 -0.108750228660667E+003
  0.345726659251270E+001  0.106792949796398E+001 -0.108679779528449E+003
  0.346992445935489E+001  0.823706751822883E+000 -0.108780954458749E+003
  0.348061963462438E+001  0.920563845599405E+000 -0.108675930328518E+003
  0.347068040194116E+001  0.104485739102224E+001 -0.108713133175299E+003
  0.343965733375183E+001  0.121133890321023E+001 -0.108764111105972E+003
  0.341949696600566E+001  0.119730256171146E+001 -0.108774560923013E+003
  0.343246257241442E+001  0.104718500677405E+001 -0.108778943282584E+003
  0.348479247078091E+001  0.940294271413226E+000 -0.108699763123109E+003
  0.346694684724339E+001  0.109414372666584E+001 -0.108752045904696E+003
  0.351328844828401E+001  0.778905223948559E+000 -0.108787570612632E+003
  0.349226063087653E+001  0.819766907448344E+000 -0.108706268647835E+003
  0.349696385496125E+001  0.865967468364428E+000 -0.108723451533720E+003
  0.346134335017997E+001  0.866558281607617E+000 -0.108779562277523E+003
  0.344596985530316E+001  0.985116521885534E+000 -0.108736948885310E+003
  0.347062365456404E+001  0.104989716295746E+001 -0.108718492857025E+003
  0.345929297299037E+001  0.102719919139749E+001 -0.108666640346701E+003
  0.346681423561928E+001  0.982950984671973E+000 -0.108663621326453E+003
  0.348626669328837E+001  0.859496706461165E+000 -0.108688138237994E+003
  0.347126690593932E+001  0.865658487681340E+000 -0.108713452841275E+003
  0.343922703115614E+001  0.990990362672232E+000 -0.108789180697295E+003
  0.346394100374372E+001  0.985456329330352E+000 -0.108663469356934E+003
  0.347834208773796E+001  0.875086086789040E+000 -0.108683786939840E+003
  0.343983061406918E+001  0.112620672295964E+001 -0.108699912650279E+003
  0.350500383462688E+001  0.743357942991988E+000 -0.108756750080823E+003
  0.349355485432497E+001  0.897558699528872E+000 -0.108721395415270E+003
  0.346148964385797E+001  0.101943140986661E+001 -0.108666053885925E+003
  0.344619811507656E+001  0.103312278708183E+001 -0.108694671045513E+003
  0.346413038665379E+001  0.914741700018155E+000 -0.108697591321861E+003
  0.342457095614126E+001  0.113383472176152E+001 -0.108765769970216E+003
  0.347700804079876E+001  0.969725109259471E+000 -0.108682097840584E+003
  0.344235970716280E+001  0.110852105429362E+001 -0.108692418056507E+003
  0.346541773724350E+001  0.933977602892105E+000 -0.108677915109887E+003
  0.346220055298570E+001  0.988547950067320E+000 -0.108664403416548E+003
  0.345939029214032E+001  0.913986218540535E+000 -0.108725282093420E+003
  0.347874517636372E+001  0.830089606566942E+000 -0.108719593132084E+003
  0.343753535437274E+001  0.104327198048891E+001 -0.108740181617508E+003
  0.346245333586619E+001  0.103074819800019E+001 -0.108670846367994E+003
  0.343153237344080E+001  0.125328859929294E+001 -0.108792274017173E+003
  0.344912450817094E+001  0.110764142866960E+001 -0.108690198877924E+003
  0.342786689695738E+001  0.121221019099309E+001 -0.108750443885722E+003
  0.347352992255563E+001  0.100167663007971E+001 -0.108688195673771E+003
  0.343712496499697E+001  0.111329051857265E+001 -0.108705833758739E+003
  0.347175539532554E+001  0.978032032216611E+000 -0.108669603087174E+003
  0.347204171136380E+001  0.919608603950195E+000 -0.108671146262855E+003
  0.345291770606174E+001  0.104998404769264E+001 -0.108671841309248E+003
  0.343778278910124E+001  0.116471152334141E+001 -0.108717224665935E+003
  0.348858484232826E+001  0.795139374404421E+000 -0.108724753504309E+003
  0.346676805005199E+001  0.886660297428698E+000 -0.108713011823853E+003
  0.342912769570283E+001  0.106567595814966E+001 -0.108788460190098E+003
  0.343691997197528E+001  0.121940877083539E+001 -0.108765221601234E+003
  0.345465055919051E+001  0.955886340020287E+000 -0.108708816934565E+003
  0.344999679548288E+001  0.101087490940001E+001 -0.108689804776180E+003
  0.348850746018270E+001  0.984030770656110E+000 -0.108772724091184E+003
  0.347040477935321E+001  0.101002886007787E+001 -0.108681300250545E+003
  0.349983052172511E+001  0.714920545076760E+000 -0.108785358604988E+003
  0.349995823374341E+001  0.761769211356981E+000 -0.108741189789698E+003
  0.347129821300313E+001  0.888927096725936E+000 -0.108691089289714E+003
  0.346078814129659E+001  0.109861277785178E+001 -0.108719001111807E+003
  0.344233307202056E+001  0.107675274470860E+001 -0.108693635325869E+003
  0.343899681271637E+001  0.116349158849613E+001 -0.108716691286812E+003
  0.345406344343516E+001  0.112118818357873E+001 -0.108713283893331E+003
  0.347142194731607E+001  0.929043077835690E+000 -0.108668574864358E+003
  0.346125614417989E+001  0.107840729058498E+001 -0.108699859256850E+003
  0.346996090072195E+001  0.999096253876115E+000 -0.108673644832618E+003
  0.347557942968471E+001  0.989344022177152E+000 -0.108688450118269E+003
  0.349359725434223E+001  0.881972149269979E+000 -0.108712817787637E+003
  0.350120925667470E+001  0.852333308156902E+000 -0.108741982348220E+003
  0.348454589528952E+001  0.921442940435956E+000 -0.108688561362280E+003
  0.346918954279899E+001  0.949874416191847E+000 -0.108665125155254E+003
  0.344305547732338E+001  0.101773083036827E+001 -0.108724217186473E+003
  0.350583270535109E+001  0.834060661231765E+000 -0.108762831681136E+003
  0.343404960233176E+001  0.110150768231281E+001 -0.108722579415655E+003
  0.345964116354957E+001  0.881144646495745E+000 -0.108770104362403E+003
  0.348352710567727E+001  0.974553439731672E+000 -0.108720741635369E+003
  0.349623723702153E+001  0.905247406121036E+000 -0.108746076850161E+003
  0.345649735929588E+001  0.974694569578586E+000 -0.108684105894752E+003
  0.350483588313563E+001  0.700535447760704E+000 -0.108792599987076E+003
  0.344094649838232E+001  0.108597783990060E+001 -0.108696560360665E+003
  0.342925709604763E+001  0.113924731973365E+001 -0.108734615029162E+003
  0.350221505161615E+001  0.845276721260127E+000 -0.108744588373719E+003
  0.350102912948592E+001  0.880597458009447E+000 -0.108761484256874E+003
  0.343325050872315E+001  0.116834283495726E+001 -0.108722710224319E+003
  0.346879936256131E+001  0.924753932568708E+000 -0.108674326696972E+003
  0.343489709264890E+001  0.110748055886348E+001 -0.108716083914411E+003
  0.345420908777624E+001  0.115862021170387E+001 -0.108761815590629E+003
  0.341982964537489E+001  0.123269180625942E+001 -0.108776820365707E+003
  0.346387984388787E+001  0.952331965460488E+000 -0.108672241455427E+003
  0.343683752924543E+001  0.102581652787657E+001 -0.108764757006202E+003
  0.350325157375446E+001  0.866086514501806E+000 -0.108766733314838E+003
  0.347778410686480E+001  0.103911655020160E+001 -0.108756826723083E+003
  0.348600204541087E+001  0.916231093170994E+000 -0.108692352096964E+003
  0.344801242214209E+001  0.117318798802396E+001 -0.108748795018023E+003
  0.349459218571798E+001  0.886641210285934E+000 -0.108720820785436E+003
  0.346679007197831E+001  0.980508186401799E+000 -0.108663425116661E+003
  0.345449514111244E+001  0.105336920963267E+001 -0.108671527512784E+003
  0.345639494526182E+001  0.983534226090729E+000 -0.108679271291231E+003
  0.342394803770634E+001  0.125819929609630E+001 -0.108786441514904E+003
  0.348845150470397E+001  0.988172856560682E+000 -0.108778229568242E+003
  0.345676968015222E+001  0.107797841602190E+001 -0.108684917854379E+003
  0.344860750801357E+001  0.968502950099793E+000 -0.108736275079619E+003
  0.347393107267864E+001  0.992132200984974E+000 -0.108683309463361E+003
  0.348658379005431E+001  0.799223694287107E+000 -0.108725658177496E+003
  0.347856348953724E+001  0.102752398898788E+001 -0.108746832530731E+003
  0.348924622172120E+001  0.761484070676843E+000 -0.108760205140996E+003
  0.348399713973359E+001  0.775138496481489E+000 -0.108765351615765E+003
  0.346985897005867E+001  0.102343096657032E+001 -0.108688733692997E+003
  0.348827289555445E+001  0.858492457259835E+000 -0.108690852793168E+003
  0.345858653167629E+001  0.925235433054286E+000 -0.108717212075385E+003
  0.351293984988974E+001  0.785391140198108E+000 -0.108787839942890E+003
  0.347560472092477E+001  0.943904180118265E+000 -0.108669217123602E+003
  0.344797046016064E+001  0.111718549335320E+001 -0.108694547159747E+003
  0.349937778751027E+001  0.899013529654709E+000 -0.108765573492766E+003
  0.345366956212487E+001  0.117438723419129E+001 -0.108783432625021E+003
  0.346484622278183E+001  0.921653627172500E+000 -0.108688542463241E+003
  0.345543058543152E+001  0.100054514885335E+001 -0.108674560851841E+003
  0.346407837053225E+001  0.111230888905676E+001 -0.108758301410448E+003
  0.344336388943339E+001  0.108417992299299E+001 -0.108689226838349E+003
  0.348250898745300E+001  0.952225445576902E+000 -0.108695966147473E+003
  0.348966335251555E+001  0.811950010548667E+000 -0.108710057024307E+003
  0.345424727217700E+001  0.114567356802478E+001 -0.108743454063282E+003
  0.346143993484011E+001  0.102005384800449E+001 -0.108666160082139E+003
  0.350322706922747E+001  0.816657552627763E+000 -0.108739249395656E+003
  0.343142256504238E+001  0.124249691630375E+001 -0.108778628539671E+003
  0.343905344161751E+001  0.108643234474788E+001 -0.108703904073706E+003
  0.348618436115709E+001  0.958193511534205E+000 -0.108722763444123E+003
  0.349482079971374E+001  0.901539534641264E+000 -0.108732551598586E+003
  0.345785738018356E+001  0.921958029878081E+000 -0.108725834018753E+003
  0.348444389656574E+001  0.942824869212256E+000 -0.108699619818248E+003
  0.347699408692924E+001  0.932221949063553E+000 -0.108670221124929E+003
  0.345721789526883E+001  0.105354944893504E+001 -0.108672841313892E+003
  0.349759216998401E+001  0.908517913526644E+000 -0.108760247083812E+003
  0.351080408168050E+001  0.769184369343709E+000 -0.108770071755151E+003
  0.347937359765220E+001  0.103910331633172E+001 -0.108770745188903E+003
  0.350146170885663E+001  0.842617919191213E+000 -0.108738576921436E+003
  0.344955860405570E+001  0.113074475846038E+001 -0.108707737175455E+003
  0.345393158481156E+001  0.111393395137929E+001 -0.108705629518604E+003
  0.344911565492438E+001  0.992536100878530E+000 -0.108707843444279E+003
  0.343150490634492E+001  0.114389922468737E+001 -0.108723905328423E+003
  0.343253056240071E+001  0.113201899369614E+001 -0.108721018719265E+003
  0.349587028534780E+001  0.801636051788982E+000 -0.108717138303759E+003
  0.345434338841412E+001  0.982134678554104E+000 -0.108688456233107E+003
  0.348469050523757E+001  0.873176704251211E+000 -0.108683548620520E+003
  0.348298092514292E+001  0.101057973469682E+001 -0.108760377640529E+003
  0.347089898909459E+001  0.833148828880157E+000 -0.108758413388489E+003
  0.349430427383916E+001  0.830307364795477E+000 -0.108706786560801E+003
  0.348567912237956E+001  0.101059341438310E+001 -0.108785618389347E+003
  0.347975978801734E+001  0.102721509517994E+001 -0.108756311282625E+003
  0.347394245019453E+001  0.799680946190071E+000 -0.108791129421367E+003
  0.343431539322236E+001  0.105788211103412E+001 -0.108751249200992E+003
  0.347928355895370E+001  0.882685744822320E+000 -0.108679286860832E+003
  0.347845917068622E+001  0.914907511140084E+000 -0.108671892337447E+003
  0.347832620786833E+001  0.957737878699398E+000 -0.108680900657901E+003
  0.343583908364381E+001  0.123073809893075E+001 -0.108776075731838E+003
  0.345791777393003E+001  0.963978311947836E+000 -0.108685369284266E+003
  0.345670795012821E+001  0.900524125460096E+000 -0.108764418296353E+003
  0.345668981610577E+001  0.105351845139251E+001 -0.108672348915014E+003
  0.343777531592107E+001  0.102854661006350E+001 -0.108753473901502E+003
  0.342749400366509E+001  0.110042150622015E+001 -0.108767645501857E+003
  0.348345747134498E+001  0.880355380650304E+000 -0.108680974737359E+003
  0.344874372468849E+001  0.119975690541481E+001 -0.108792899760429E+003
  0.351353061608999E+001  0.776481767010342E+000 -0.108788306329845E+003
  0.350150029008019E+001  0.901300322278313E+000 -0.108787430373877E+003
  0.348990569009698E+001  0.914841980852476E+000 -0.108711076762146E+003
  0.341698950894418E+001  0.124011100387218E+001 -0.108788863203446E+003
  0.347774493723977E+001  0.851010201845741E+000 -0.108702442968929E+003
  0.349336029091154E+001  0.896150185592216E+000 -0.108719302764449E+003
  0.350312699899168E+001  0.754918237596696E+000 -0.108747935593804E+003
  0.347727282147927E+001  0.933708255563854E+000 -0.108670837028919E+003
  0.349818722876156E+001  0.893740446109341E+000 -0.108750717150532E+003
  0.348614670005685E+001  0.792088282618055E+000 -0.108734475345915E+003
  0.347279051226646E+001  0.832700168544688E+000 -0.108746625583882E+003
  0.344351520384114E+001  0.104962032020773E+001 -0.108698714967967E+003
  0.350538793211667E+001  0.867747855918369E+000 -0.108786724788334E+003
  0.344771403097009E+001  0.119336800919534E+001 -0.108776202491854E+003
  0.347337773414893E+001  0.102132933218952E+001 -0.108704237181360E+003
  0.344404064533616E+001  0.111349305186575E+001 -0.108691742364149E+003
  0.345252873513197E+001  0.104135119882434E+001 -0.108672233286639E+003
  0.350108910060959E+001  0.739324448597733E+000 -0.108757960190178E+003
  0.345168937236102E+001  0.931850118697696E+000 -0.108760171913260E+003
  0.348589590944400E+001  0.968412728676709E+000 -0.108731161931586E+003
  0.350078268892357E+001  0.812040970893836E+000 -0.108727673484796E+003
  0.349651294411804E+001  0.721351403490528E+000 -0.108786864167628E+003
  0.350379330542433E+001  0.872385096390786E+000 -0.108777094266304E+003
  0.348060825064199E+001  0.842072903824656E+000 -0.108702126077089E+003
  0.343918637383740E+001  0.105471459944740E+001 -0.108719367379876E+003
  0.342372476745504E+001  0.124779183325201E+001 -0.108777813400251E+003
  0.346086994526533E+001  0.955578862277424E+000 -0.108679499354292E+003
  0.342731550842501E+001  0.118558013582103E+001 -0.108741236012440E+003
  0.343697301432033E+001  0.122295720513980E+001 -0.108769785430769E+003
  0.343383883878648E+001  0.122081316734686E+001 -0.108759438980655E+003
  0.344673716210405E+001  0.111054893831030E+001 -0.108690095787553E+003
  0.343355272699152E+001  0.108253433542746E+001 -0.108736368368906E+003
  0.343974486553150E+001  0.107310035657453E+001 -0.108705771356295E+003
  0.348313221435221E+001  0.912055418365252E+000 -0.108680874357069E+003
  0.350005343980084E+001  0.883612474297733E+000 -0.108756351985525E+003
  0.345615106585590E+001  0.937068915172452E+000 -0.108719415505329E+003
  0.348970443484697E+001  0.834794141078639E+000 -0.108698579080607E+003
  0.347986317058067E+001  0.777789186090942E+000 -0.108785857945407E+003
  0.345234982023072E+001  0.110139100877533E+001 -0.108691187735216E+003
  0.348362791095404E+001  0.922306820402166E+000 -0.108685392528179E+003
  0.346649815475687E+001  0.108177084122318E+001 -0.108731617065865E+003
  0.347171207353453E+001  0.975237000815961E+000 -0.108668631743595E+003
  0.350087365967601E+001  0.743348206360380E+000 -0.108754685352368E+003
  0.349090990663435E+001  0.979619158220800E+000 -0.108789643570374E+003
  0.345527479899771E+001  0.100069647291391E+001 -0.108674965730169E+003
  0.346881970694853E+001  0.997569685728623E+000 -0.108670052699366E+003
  0.347802144871970E+001  0.887176726528953E+000 -0.108678264797947E+003
  0.343384221380377E+001  0.111571832606848E+001 -0.108718632357113E+003
  0.351066257116674E+001  0.729300005145973E+000 -0.108775082542925E+003
  0.349867790618736E+001  0.784157877245272E+000 -0.108727952827944E+003
  0.347579842305062E+001  0.822266164106507E+000 -0.108743346178970E+003
  0.345593143863583E+001  0.113287132519818E+001 -0.108735570269531E+003
  0.349266863213342E+001  0.784901720684504E+000 -0.108726970665572E+003
  0.348601720403201E+001  0.911860394863231E+000 -0.108690640612411E+003
  0.345899105516251E+001  0.990545308273434E+000 -0.108668920535794E+003
  0.345336039116265E+001  0.113015285728313E+001 -0.108720077036971E+003
  0.345887654537545E+001  0.912353210481996E+000 -0.108730821730816E+003
  0.350839362158385E+001  0.797169694009217E+000 -0.108762505384254E+003
  0.347906544860133E+001  0.968751360973251E+000 -0.108690292272681E+003
  0.349029488098429E+001  0.929824634984588E+000 -0.108724905316167E+003
  0.346961559305926E+001  0.893334903073965E+000 -0.108693436892644E+003
  0.346565331901135E+001  0.107904089624384E+001 -0.108722890047950E+003
  0.345283797014284E+001  0.110063974422669E+001 -0.108691668521694E+003
  0.349122533078062E+001  0.887069638580506E+000 -0.108703399763018E+003
  0.344266068835732E+001  0.101416428504045E+001 -0.108730452161340E+003
  0.343786974865809E+001  0.112841075011754E+001 -0.108704020274871E+003
  0.345004011978772E+001  0.113531593622990E+001 -0.108713357233796E+003
  0.344492393918407E+001  0.105273672387909E+001 -0.108691172687830E+003
  0.345276548022596E+001  0.110881968595444E+001 -0.108697676091376E+003
  0.346209639215522E+001  0.943978964043129E+000 -0.108682604701057E+003
  0.343149926387193E+001  0.115532336340823E+001 -0.108724060170049E+003
  0.345169068169872E+001  0.912754104699317E+000 -0.108790580220236E+003
  0.344075261834514E+001  0.108337399083413E+001 -0.108697868099248E+003
  0.348118547585482E+001  0.925243616619166E+000 -0.108678349923253E+003
  0.346093984586610E+001  0.100269381701933E+001 -0.108664364799903E+003
  0.347670119105744E+001  0.835439134770979E+000 -0.108722230111619E+003
  0.348683879668508E+001  0.923966573852368E+000 -0.108700162069990E+003
  0.346051368057091E+001  0.928330310972921E+000 -0.108702761457202E+003
  0.349711225907185E+001  0.839596678494853E+000 -0.108715845572189E+003
  0.345430994292325E+001  0.954040326142970E+000 -0.108712775377001E+003
  0.348760947446023E+001  0.869193890299391E+000 -0.108688539871142E+003
  0.343709564639172E+001  0.122545751940825E+001 -0.108773399815602E+003
  0.343563068919547E+001  0.120949153943326E+001 -0.108751063090961E+003
  0.345292801592353E+001  0.103808407199480E+001 -0.108671778686337E+003
  0.347185460647096E+001  0.109260681478507E+001 -0.108790680537549E+003
  0.347581634574297E+001  0.828661369769971E+000 -0.108734766668922E+003
  0.346788854948363E+001  0.105556944445862E+001 -0.108708848748148E+003
  0.343190522560005E+001  0.112389945431180E+001 -0.108725597174122E+003
  0.346588648426133E+001  0.883130180658448E+000 -0.108722083664074E+003
  0.349261742189598E+001  0.950643262046963E+000 -0.108765505993055E+003
  0.344245831751507E+001  0.109534825979405E+001 -0.108691114935528E+003
  0.349255956350407E+001  0.753624627800079E+000 -0.108758456805511E+003
  0.345989192665565E+001  0.112879495323133E+001 -0.108753776660441E+003
  0.344940195595791E+001  0.116008516105641E+001 -0.108738302838829E+003
  0.345911415481598E+001  0.896935404587889E+000 -0.108750132636585E+003
  0.350967215742281E+001  0.758203249879683E+000 -0.108764639102514E+003
  0.346349413141805E+001  0.104225845145633E+001 -0.108679291370829E+003
  0.351355955054408E+001  0.721911731091119E+000 -0.108786721005485E+003
  0.350291308941957E+001  0.740455607239788E+000 -0.108756901281036E+003
  0.348065283479526E+001  0.778401710786536E+000 -0.108779686084803E+003
  0.350478112811945E+001  0.864773223557211E+000 -0.108778420193129E+003
  0.344993041331594E+001  0.111305777355089E+001 -0.108694703750708E+003
  0.349605978302706E+001  0.831314645021607E+000 -0.108711492953549E+003
  0.349835570585358E+001  0.853510384400835E+000 -0.108725612983216E+003
  0.345384673334795E+001  0.110537555634185E+001 -0.108697803669706E+003
  0.350631378635167E+001  0.726150067337667E+000 -0.108769029270960E+003
  0.347235990998920E+001  0.930910646374919E+000 -0.108667509256444E+003
  0.347158703164539E+001  0.986578959482463E+000 -0.108672437829128E+003
  0.348384385066016E+001  0.908008774853609E+000 -0.108682086572820E+003
  0.343067328737140E+001  0.118405143177054E+001 -0.108732886314025E+003
  0.347033817042987E+001  0.103488256950733E+001 -0.108700965944722E+003
  0.344850494905994E+001  0.942397066792592E+000 -0.108772927254761E+003
  0.346080119549773E+001  0.101902130398263E+001 -0.108665625960500E+003
  0.342009985847083E+001  0.120519984697847E+001 -0.108771039208391E+003
  0.347643982574547E+001  0.102847967980770E+001 -0.108731830595618E+003
  0.347883286028642E+001  0.780238847161067E+000 -0.108788776264172E+003
  0.347442591618363E+001  0.100115229434505E+001 -0.108691918565110E+003
  0.348984164576745E+001  0.981580101110271E+000 -0.108781961371945E+003
  0.348544432024393E+001  0.920740634376074E+000 -0.108691972496816E+003
  0.346805151965895E+001  0.104516600457236E+001 -0.108699236425339E+003
  0.345148175967558E+001  0.113134815010468E+001 -0.108714187311755E+003
  0.345908837651207E+001  0.100107966586548E+001 -0.108666387706592E+003
  0.346224004413915E+001  0.109688945351025E+001 -0.108724861027394E+003
  0.344001356811587E+001  0.107357048339578E+001 -0.108704285806658E+003
  0.346001413926759E+001  0.109877528129466E+001 -0.108715262788649E+003
  0.342910241831948E+001  0.122134625347208E+001 -0.108755793597586E+003
  0.346507765896549E+001  0.978747603530767E+000 -0.108663407957112E+003
  0.343458549994331E+001  0.117448021912841E+001 -0.108723786145217E+003
  0.342326304745854E+001  0.119256522525511E+001 -0.108756646031947E+003
  0.349558207890764E+001  0.879380148426192E+000 -0.108722475737284E+003
  0.349299962877694E+001  0.832303669565682E+000 -0.108703681835486E+003
  0.342877587204407E+001  0.106763699159996E+001 -0.108789522987419E+003
  0.345056848923313E+001  0.115125691250160E+001 -0.108732609211907E+003
  0.345189923611619E+001  0.100449077209904E+001 -0.108685222452420E+003
  0.345616424388703E+001  0.930975585448452E+000 -0.108726473551196E+003
  0.343263137590415E+001  0.122928453828854E+001 -0.108766219749914E+003
  0.348053108555007E+001  0.784017255902008E+000 -0.108771533845123E+003
  0.346812765926568E+001  0.988450332993320E+000 -0.108665857668488E+003
  0.349973276569457E+001  0.735920216033259E+000 -0.108762264941450E+003
  0.346071871065012E+001  0.106001554528519E+001 -0.108683028465774E+003
  0.348748896774567E+001  0.913524360968999E+000 -0.108697737051884E+003
  0.346825302109617E+001  0.110059543898309E+001 -0.108772491713388E+003
  0.346389693333433E+001  0.112843214032782E+001 -0.108783256114782E+003
  0.347228352681687E+001  0.104586280157340E+001 -0.108724369435648E+003
  0.346489156476122E+001  0.967511399985217E+000 -0.108665161954951E+003
  0.350125274131522E+001  0.894972967364854E+000 -0.108777850572602E+003
  0.348858633188203E+001  0.974172482840149E+000 -0.108759893909829E+003
  0.349323822194790E+001  0.746456866209837E+000 -0.108765081551104E+003
  0.343910920642451E+001  0.121988796280980E+001 -0.108773344896995E+003
  0.343339584788906E+001  0.114909391238263E+001 -0.108717824545090E+003
  0.346403554773365E+001  0.873463372249619E+000 -0.108747132500921E+003
  0.343905714862513E+001  0.109659054207112E+001 -0.108701331563457E+003
  0.346209001775193E+001  0.909362409477495E+000 -0.108713832419911E+003
  0.346379411242450E+001  0.100488653600155E+001 -0.108664688134533E+003
  0.344870692445066E+001  0.117228589503174E+001 -0.108750882496130E+003
  0.348939311909424E+001  0.887703905581855E+000 -0.108695884359483E+003
  0.347707044037351E+001  0.819275318169115E+000 -0.108740414367797E+003
  0.344158369153383E+001  0.122187225980228E+001 -0.108787215399970E+003
  0.345740569328209E+001  0.105985204747041E+001 -0.108675794203223E+003
  0.345650101068653E+001  0.886047268929479E+000 -0.108790245351782E+003
  0.346823221661892E+001  0.978779573444303E+000 -0.108664206070498E+003
  0.344385888830889E+001  0.120090251027713E+001 -0.108767344080177E+003
  0.348018837937256E+001  0.840146678477771E+000 -0.108704863745102E+003
  0.346693553411232E+001  0.939617424882130E+000 -0.108671145573931E+003
  0.344850150930851E+001  0.117462093931704E+001 -0.108753049474065E+003
  0.343354271172388E+001  0.117647395157581E+001 -0.108725678019430E+003
  0.343285532467490E+001  0.119834813035191E+001 -0.108738884104918E+003
  0.346706447707228E+001  0.991890881738005E+000 -0.108665231550960E+003
  0.346029359039941E+001  0.101790072239597E+001 -0.108665346984656E+003
  0.344727094293080E+001  0.105493255611067E+001 -0.108682413190319E+003
  0.349501471060379E+001  0.935722344181135E+000 -0.108768584947839E+003
  0.343013737040908E+001  0.114536780058758E+001 -0.108729340829739E+003
  0.348504391644714E+001  0.993687348063418E+000 -0.108754938030543E+003
  0.347787667539671E+001  0.929475544075792E+000 -0.108671451139914E+003
  0.348792420877939E+001  0.783911064606047E+000 -0.108737851532578E+003
  0.349714616595369E+001  0.839885057241229E+000 -0.108716028720758E+003
  0.347289473733842E+001  0.104832131788836E+001 -0.108731613684901E+003
  0.350081560182849E+001  0.892408669432875E+000 -0.108771194568521E+003
  0.350647440435786E+001  0.702053454551487E+000 -0.108789405762760E+003
  0.348479184305128E+001  0.811176637577990E+000 -0.108718820424462E+003
  0.348090415905613E+001  0.795043060237354E+000 -0.108753164730703E+003
  0.344795949617524E+001  0.106316417467747E+001 -0.108679576353006E+003
  0.345740530367650E+001  0.967887766198697E+000 -0.108684839851934E+003
  0.350246817931911E+001  0.860916081535015E+000 -0.108756432345409E+003
  0.351402042815137E+001  0.763266350678045E+000 -0.108787471140981E+003
  0.343014256549236E+001  0.115479052291731E+001 -0.108728700398551E+003
  0.344123897318703E+001  0.107114968196317E+001 -0.108699682745379E+003
  0.345444577128860E+001  0.115005947698508E+001 -0.108750665605760E+003
  0.349378263766239E+001  0.784211593337311E+000 -0.108726498593308E+003
  0.349493471814006E+001  0.765450730535072E+000 -0.108740741056693E+003
  0.350515370710143E+001  0.757454424930051E+000 -0.108750370854274E+003
  0.346805087760811E+001  0.961245226493210E+000 -0.108663955425115E+003
  0.345641463960844E+001  0.105921650837111E+001 -0.108674263915388E+003
  0.345404943916105E+001  0.953977660268590E+000 -0.108714483713769E+003
  0.344245056941814E+001  0.111823639099453E+001 -0.108694502263041E+003
  0.350436454324561E+001  0.788820226915604E+000 -0.108741458725846E+003
  0.346935449391331E+001  0.975991437571427E+000 -0.108664966134115E+003
  0.345073464663156E+001  0.104070569580506E+001 -0.108675906149472E+003
  0.349419103841499E+001  0.735628023011333E+000 -0.108775784176308E+003
  0.348294379569744E+001  0.811421969729631E+000 -0.108724202194060E+003
  0.343705793947580E+001  0.103466434537225E+001 -0.108752714378439E+003
  0.344276574578477E+001  0.101706775449500E+001 -0.108726864018240E+003
  0.344165276556716E+001  0.119355376465524E+001 -0.108749053976679E+003
  0.346108796546880E+001  0.113342033050216E+001 -0.108769455735685E+003
  0.348671080658329E+001  0.773750503881811E+000 -0.108754504407681E+003
  0.343007378426412E+001  0.105689846588908E+001 -0.108789918912317E+003
  0.342589923561965E+001  0.125364280323948E+001 -0.108782868507937E+003
  0.348533262676355E+001  0.880335610245062E+000 -0.108683594784686E+003
  0.344243096183771E+001  0.103268489761960E+001 -0.108715538397482E+003
  0.350566426995971E+001  0.753082653690573E+000 -0.108753217256532E+003
  0.350444194188042E+001  0.799046950387661E+000 -0.108742100722528E+003
  0.349987019905068E+001  0.883847685594226E+000 -0.108755112410190E+003
  0.351266997877817E+001  0.799358927917446E+000 -0.108793167404122E+003
  0.342610562353989E+001  0.122265774161298E+001 -0.108758586516571E+003
  0.349732204826075E+001  0.782932870049260E+000 -0.108727243432212E+003
  0.346869360826092E+001  0.108592592476522E+001 -0.108752957230292E+003
  0.346574143608200E+001  0.104772736368524E+001 -0.108691130496682E+003
  0.346869458553875E+001  0.107450210626276E+001 -0.108736715422046E+003
  0.350587831622081E+001  0.837272642045459E+000 -0.108765227254587E+003
  0.346246951158276E+001  0.107923877603486E+001 -0.108706071946328E+003
  0.349023617612055E+001  0.792269804217796E+000 -0.108724197928287E+003
  0.342660573559916E+001  0.122062757922476E+001 -0.108756793409840E+003
  0.344676855646428E+001  0.117562165939614E+001 -0.108746413597303E+003
  0.350178642910298E+001  0.841053062522620E+000 -0.108739806722996E+003
  0.341893236300523E+001  0.118978375709946E+001 -0.108779259367175E+003
  0.346756392028630E+001  0.908804257025697E+000 -0.108688340844251E+003
  0.347269531251120E+001  0.986727973552100E+000 -0.108675780579620E+003
  0.342473830603092E+001  0.120640728200038E+001 -0.108753958877778E+003
  0.345060658227253E+001  0.101640435257709E+001 -0.108684264624225E+003
  0.341948495053280E+001  0.123169934016106E+001 -0.108777615210342E+003
  0.349022200851669E+001  0.823130850285436E+000 -0.108703684272201E+003
  0.348883195573666E+001  0.963435256930154E+000 -0.108748513588694E+003
  0.347790272403502E+001  0.101932491325752E+001 -0.108731133046560E+003
  0.347938639618200E+001  0.994856126347401E+000 -0.108713922158909E+003
  0.345706981564249E+001  0.897694416244658E+000 -0.108765742739275E+003
  0.345983680648701E+001  0.947724754138710E+000 -0.108689048442163E+003
  0.344706894563333E+001  0.103220610954566E+001 -0.108691197503676E+003
  0.345201338293784E+001  0.104170709418782E+001 -0.108673094568583E+003
  0.344621335775944E+001  0.118526892774702E+001 -0.108756629771602E+003
  0.347428887427242E+001  0.995999502281364E+000 -0.108687432647431E+003
  0.350642273374515E+001  0.837893759103657E+000 -0.108769773965073E+003
  0.347647573033153E+001  0.904014805241985E+000 -0.108673043455669E+003
  0.344272892933714E+001  0.119386944153511E+001 -0.108753235817752E+003
  0.350083857022124E+001  0.740362636821185E+000 -0.108757199990128E+003
  0.342277579044952E+001  0.114152018543386E+001 -0.108774293857834E+003
  0.347584465321681E+001  0.900316881427534E+000 -0.108674699059637E+003
  0.346768613826061E+001  0.108916905931471E+001 -0.108750174797983E+003
  0.348905163255319E+001  0.851547352719361E+000 -0.108693252522161E+003
  0.345166662964859E+001  0.114822476356511E+001 -0.108733805688367E+003
  0.342336020831844E+001  0.119744391282135E+001 -0.108756633533379E+003
  0.346292200625972E+001  0.105882402368066E+001 -0.108689280452378E+003
  0.347944504167436E+001  0.996030878163577E+000 -0.108715497009625E+003
  0.348672444665623E+001  0.898862696240702E+000 -0.108689124804959E+003
  0.349194108619679E+001  0.732050908185592E+000 -0.108790006351889E+003
  0.348932985548059E+001  0.746768906085187E+000 -0.108780329299164E+003
  0.344576228693506E+001  0.111436302676099E+001 -0.108691627001348E+003
  0.346491829232644E+001  0.102813391976392E+001 -0.108674904533256E+003
  0.344278504383615E+001  0.108507803460495E+001 -0.108690762664220E+003
  0.347730013334920E+001  0.935525381194983E+000 -0.108671121309455E+003
  0.348204988267535E+001  0.897039423621438E+000 -0.108677381097217E+003
  0.347892665643798E+001  0.904645079770168E+000 -0.108673291890772E+003
  0.350280438866957E+001  0.777740754215241E+000 -0.108738140519173E+003
  0.350802490758051E+001  0.817321378570872E+000 -0.108768768679890E+003
  0.345276238820199E+001  0.104136571486844E+001 -0.108671864225814E+003
  0.345232435148725E+001  0.114977080177774E+001 -0.108738879199194E+003
  0.349039936538049E+001  0.935763732250312E+000 -0.108731018306101E+003
  0.343046438177306E+001  0.114889321273797E+001 -0.108727662961116E+003
  0.347837150766415E+001  0.947950634201522E+000 -0.108676927979111E+003
  0.348546519518975E+001  0.868936101184094E+000 -0.108685202927445E+003
  0.347271265509578E+001  0.107334002065306E+001 -0.108766021462514E+003
  0.350957970901724E+001  0.798446189974236E+000 -0.108770415932398E+003
  0.345222613733152E+001  0.979302423803430E+000 -0.108701278261070E+003
  0.343007992244695E+001  0.112789721624191E+001 -0.108733738316040E+003
  0.345072285011350E+001  0.102073307205405E+001 -0.108681867199695E+003
  0.348365712585606E+001  0.950946607153105E+000 -0.108701080056184E+003
  0.345945564054929E+001  0.894447825393552E+000 -0.108751097032267E+003
  0.350206352723882E+001  0.863277596795996E+000 -0.108755172691997E+003
  0.347979391904275E+001  0.906418415538891E+000 -0.108673884114096E+003
  0.345410629326699E+001  0.107232504300589E+001 -0.108677504481184E+003
  0.349819720727612E+001  0.764392539045158E+000 -0.108739141363418E+003
  0.341877987195888E+001  0.117012532037255E+001 -0.108787826185984E+003
  0.348705904148509E+001  0.944206763817181E+000 -0.108715871143141E+003
  0.345127992610366E+001  0.107517554908161E+001 -0.108677329334395E+003
  0.347765168453161E+001  0.974178871461955E+000 -0.108687433020298E+003
  0.346884834556226E+001  0.906010704755701E+000 -0.108686001511932E+003
  0.348342591493938E+001  0.770291319613461E+000 -0.108775755997635E+003
  0.347568152930225E+001  0.104439594122683E+001 -0.108747187915282E+003
  0.348036521622126E+001  0.849293343000166E+000 -0.108697004524697E+003
  0.344295844575160E+001  0.119168112985962E+001 -0.108751366363978E+003
  0.348786600249370E+001  0.752823487460208E+000 -0.108778490082033E+003
  0.350094418345764E+001  0.863367949964157E+000 -0.108747100605200E+003
  0.347551005721161E+001  0.856881071814895E+000 -0.108704552813548E+003
  0.342986574822701E+001  0.111311819303896E+001 -0.108741586722789E+003
  0.350612042655432E+001  0.865928609827492E+000 -0.108791601121712E+003
  0.344661352725547E+001  0.114247881138325E+001 -0.108710777629573E+003
  0.342480276502943E+001  0.120578129722458E+001 -0.108753590014506E+003
  0.345097855622030E+001  0.109692112693313E+001 -0.108686285581743E+003
  0.345588131180077E+001  0.109810777977482E+001 -0.108697808578937E+003
  0.346364700050618E+001  0.929481004799131E+000 -0.108687184558424E+003
  0.343095515162384E+001  0.114497076490725E+001 -0.108725986095236E+003
  0.348584274003321E+001  0.833218117303147E+000 -0.108699641304874E+003
  0.347538115900488E+001  0.854022861608378E+000 -0.108707818548290E+003
  0.343685162568998E+001  0.108640485275811E+001 -0.108714387257661E+003
  0.348477382398773E+001  0.967982472232656E+000 -0.108722683202172E+003
  0.347421435485697E+001  0.100476360837668E+001 -0.108693789660545E+003
  0.342578917917059E+001  0.121583375652181E+001 -0.108755354049752E+003
  0.349470899373649E+001  0.925309369331845E+000 -0.108753909403983E+003
  0.347987894077850E+001  0.943408733202185E+000 -0.108680129302866E+003
  0.350343765126468E+001  0.739146435738643E+000 -0.108758044087783E+003
  0.348657907709318E+001  0.897942350104742E+000 -0.108688398716651E+003
  0.345539153303406E+001  0.108522627164087E+001 -0.108686615356990E+003
  0.346397455527556E+001  0.112583477660849E+001 -0.108779435050002E+003
  0.346285445240733E+001  0.924291209992603E+000 -0.108694888502696E+003
  0.345135281976964E+001  0.104159873460869E+001 -0.108674392144838E+003
  0.347794674682862E+001  0.900085575740906E+000 -0.108673892695182E+003
  0.345450993923670E+001  0.110142501550541E+001 -0.108696437454236E+003
  0.346642385640418E+001  0.109857765437359E+001 -0.108754796385317E+003
  0.348011453653007E+001  0.945441080102643E+000 -0.108681812081990E+003
  0.343455676895786E+001  0.122607442641854E+001 -0.108766746550413E+003
  0.350554167745209E+001  0.785409142556613E+000 -0.108746232784970E+003
  0.350265364935697E+001  0.894034510802070E+000 -0.108789896556817E+003
  0.344862276525777E+001  0.115113683233146E+001 -0.108724848953205E+003
  0.347102402257203E+001  0.853370317817205E+000 -0.108729301124182E+003
  0.345307963743413E+001  0.102173505439526E+001 -0.108674193098664E+003
  0.347241868974305E+001  0.904435631564528E+000 -0.108677581855307E+003
  0.348539713807323E+001  0.994764600152447E+000 -0.108759477606681E+003
  0.347421138788828E+001  0.987571621177725E+000 -0.108681573498610E+003
  0.344595226904370E+001  0.111476258663720E+001 -0.108691838951508E+003
  0.346647661182426E+001  0.906196071834104E+000 -0.108694839928430E+003
  0.349058345204028E+001  0.821815813931657E+000 -0.108704403180592E+003
  0.344766802953887E+001  0.119396938801880E+001 -0.108776872621559E+003
  0.346413671331393E+001  0.106987263157023E+001 -0.108704449142796E+003
  0.345080024184885E+001  0.109139972192165E+001 -0.108683321876019E+003
  0.351061622112782E+001  0.717070226731533E+000 -0.108780736629785E+003
  0.345714061499793E+001  0.115135566400430E+001 -0.108769856459165E+003
  0.343459823903168E+001  0.110279739142371E+001 -0.108719166907296E+003
  0.346985096729476E+001  0.888109149484251E+000 -0.108697132400674E+003
  0.345265967813626E+001  0.953282985913402E+000 -0.108724507999773E+003
  0.348279952022011E+001  0.983818386573914E+000 -0.108725372324170E+003
  0.348170929516917E+001  0.794860499518389E+000 -0.108749322668751E+003
  0.345765005654921E+001  0.106206775328550E+001 -0.108677287503909E+003
  0.344446931152900E+001  0.976135928278650E+000 -0.108760719207650E+003
  0.349879752524820E+001  0.833639723168293E+000 -0.108721911930017E+003
  0.346377133885432E+001  0.851596295467345E+000 -0.108784055315025E+003
  0.343761001174018E+001  0.100980069437798E+001 -0.108778193345567E+003
  0.346861387030120E+001  0.101011024591206E+001 -0.108675395586993E+003
  0.349747201142449E+001  0.801100597014404E+000 -0.108719762205042E+003
  0.343697642753165E+001  0.115042987214914E+001 -0.108711001383560E+003
  0.347564511483589E+001  0.838221364673114E+000 -0.108723848157996E+003
  0.349113168924925E+001  0.793122092145222E+000 -0.108722214247845E+003
  0.341638846766307E+001  0.120548118639798E+001 -0.108791198218897E+003
  0.343397488268399E+001  0.122334941250763E+001 -0.108762400936275E+003
  0.347349407941025E+001  0.945124334955867E+000 -0.108666479053303E+003
  0.348457640478289E+001  0.986188562096480E+000 -0.108741462544175E+003
  0.349644460868976E+001  0.755659111211211E+000 -0.108747671707076E+003
  0.346327295732499E+001  0.872265548162783E+000 -0.108754581846886E+003
  0.346109280259365E+001  0.109106219045085E+001 -0.108712006204568E+003
  0.347694995437870E+001  0.887452796814296E+000 -0.108679180023173E+003
  0.343566967137100E+001  0.123066443825059E+001 -0.108775440190007E+003
  0.349691732162849E+001  0.901507386182503E+000 -0.108747894939616E+003
  0.344492897833313E+001  0.112213016540155E+001 -0.108695108134662E+003
  0.349284865192056E+001  0.898849092788147E+000 -0.108717959522935E+003
  0.349395696790329E+001  0.854489717121474E+000 -0.108705927478962E+003
  0.344866107705225E+001  0.102929677223964E+001 -0.108685948349202E+003
  0.348280170367992E+001  0.907902362419863E+000 -0.108679303465188E+003
  0.348340044716003E+001  0.102333902719123E+001 -0.108783658553868E+003
  0.349456447084323E+001  0.778773108525638E+000 -0.108730031279041E+003
  0.347463943468995E+001  0.871216786935577E+000 -0.108694744021687E+003
  0.346078235943189E+001  0.971684345673779E+000 -0.108671441163394E+003
  0.341997442701366E+001  0.118810517182968E+001 -0.108773447549478E+003
  0.343402508497554E+001  0.124539851224984E+001 -0.108789532882337E+003
  0.343437836363826E+001  0.120808282590717E+001 -0.108747764888141E+003
  0.350932359988236E+001  0.834906487193763E+000 -0.108791234364344E+003
  0.345790588481647E+001  0.107438421462718E+001 -0.108685273974526E+003
  0.350958838403623E+001  0.812594174334118E+000 -0.108777454543010E+003
  0.345825157486819E+001  0.112258051205133E+001 -0.108734919862455E+003
  0.346616026937619E+001  0.102710347490158E+001 -0.108677785608171E+003
  0.342624654549991E+001  0.116937528803053E+001 -0.108744035473526E+003
  0.347551581396002E+001  0.890566836393358E+000 -0.108679573369523E+003
  0.351170232466898E+001  0.777789998146861E+000 -0.108776877645119E+003
  0.345969247896782E+001  0.993570782723069E+000 -0.108666831645430E+003
  0.348281799830286E+001  0.862340584491076E+000 -0.108686231969006E+003
  0.348997303050216E+001  0.768621049563453E+000 -0.108748797604097E+003
  0.343897948834792E+001  0.101302921463040E+001 -0.108761382017434E+003
  0.349010849383491E+001  0.865555841881013E+000 -0.108694563817839E+003
  0.342387797033307E+001  0.124099179100572E+001 -0.108772761206273E+003
  0.344238152112317E+001  0.975523211143152E+000 -0.108781048542345E+003
  0.349847890781285E+001  0.911193938276897E+000 -0.108770894444165E+003
  0.345536396781091E+001  0.925005498453025E+000 -0.108739879597237E+003
  0.343627537865889E+001  0.109589679308662E+001 -0.108713403247476E+003
  0.347035074418391E+001  0.100932638829617E+001 -0.108680650714188E+003
  0.347074752043711E+001  0.103570960102975E+001 -0.108703935821770E+003
  0.349188142015476E+001  0.841681558554871E+000 -0.108699920594580E+003
  0.346471461626028E+001  0.103236793864540E+001 -0.108676734567502E+003
  0.347160757135856E+001  0.999213294563809E+000 -0.108678929186712E+003
  0.346022848665985E+001  0.889468662248101E+000 -0.108752389108741E+003
  0.345924694935072E+001  0.115370550161833E+001 -0.108789557600988E+003
  0.347866779062030E+001  0.966702088023395E+000 -0.108687187333910E+003
  0.350316081368507E+001  0.739269769075197E+000 -0.108757846304609E+003
  0.348424995631881E+001  0.842772578412497E+000 -0.108695361116515E+003
  0.343114066447605E+001  0.115743599673162E+001 -0.108725370806436E+003
  0.344802632239838E+001  0.103738261717982E+001 -0.108685049410563E+003
  0.345507846124482E+001  0.115083914394155E+001 -0.108755565096401E+003
  0.348536676845120E+001  0.808743029167596E+000 -0.108719620805411E+003
  0.342933540780000E+001  0.118483461134193E+001 -0.108735794234038E+003
  0.345713472774819E+001  0.112675348002471E+001 -0.108734145446849E+003
  0.350148899646750E+001  0.831246772030864E+000 -0.108734305170930E+003
  0.344696493234521E+001  0.115515754244711E+001 -0.108723600425245E+003
  0.350024091697744E+001  0.795221289689030E+000 -0.108727380863434E+003
  0.345454832344889E+001  0.105892162812571E+001 -0.108672939473198E+003
  0.350007937059474E+001  0.800748851023727E+000 -0.108725955756134E+003
  0.345663840326611E+001  0.110919814326527E+001 -0.108711187370736E+003
  0.349908122767985E+001  0.868762497991760E+000 -0.108737948441748E+003
  0.343789510201672E+001  0.103579167881431E+001 -0.108744760582784E+003
  0.345667871137886E+001  0.924722125536295E+000 -0.108730586967569E+003
  0.344350877623546E+001  0.106810665399700E+001 -0.108691589350356E+003
  0.346057204505882E+001  0.113183619893627E+001 -0.108763149992186E+003
  0.347935053641260E+001  0.883254937297986E+000 -0.108679030224135E+003
  0.346166604433988E+001  0.964622080110427E+000 -0.108672228729883E+003
  0.349148488645468E+001  0.807004184577881E+000 -0.108712317986353E+003
  0.348689980904870E+001  0.921553191331610E+000 -0.108699097353408E+003
  0.341689601428886E+001  0.122653203431146E+001 -0.108787000532460E+003
  0.350475787090089E+001  0.857556566707149E+000 -0.108771772684883E+003
  0.346940538666238E+001  0.965014358256610E+000 -0.108663988525256E+003
  0.344119062701562E+001  0.991146302675210E+000 -0.108769940281652E+003
  0.343872777295994E+001  0.122472327144727E+001 -0.108778482890016E+003
  0.344312315495534E+001  0.107516218035052E+001 -0.108691248346448E+003
  0.350580731499557E+001  0.852789514307046E+000 -0.108776427055178E+003
  0.348436827509384E+001  0.973851010200100E+000 -0.108725874907882E+003
  0.344066742378863E+001  0.101739222599276E+001 -0.108742213762563E+003
  0.346088271970283E+001  0.106037867281461E+001 -0.108683749900989E+003
  0.349441311380883E+001  0.814899043264056E+000 -0.108710471237196E+003
  0.346124794915795E+001  0.870634218222888E+000 -0.108773557311853E+003
  0.343264289343135E+001  0.106472456817957E+001 -0.108758158028721E+003
  0.348772673121593E+001  0.928387999955362E+000 -0.108707740489012E+003
  0.348741227962097E+001  0.983884644542169E+000 -0.108762462189559E+003
  0.344325899055059E+001  0.117395167391967E+001 -0.108732165289308E+003
  0.344499169873229E+001  0.115616047411340E+001 -0.108719192369561E+003
  0.343663319876758E+001  0.114867312252398E+001 -0.108710875880749E+003
  0.346033835132824E+001  0.951139749230203E+000 -0.108684417056188E+003
  0.349524093963371E+001  0.925845637527683E+000 -0.108758990274994E+003
  0.342444076119541E+001  0.126270930401788E+001 -0.108790893295585E+003
  0.346306115339759E+001  0.100078790075277E+001 -0.108663834954783E+003
  0.350243161200146E+001  0.812917174977139E+000 -0.108734674633220E+003
  0.347289866264059E+001  0.835447774056018E+000 -0.108742117983065E+003
  0.346036053459471E+001  0.114925634281952E+001 -0.108790666259861E+003
  0.347262900938632E+001  0.919118542134017E+000 -0.108670685542980E+003
  0.346149535722773E+001  0.984147482987259E+000 -0.108666017297859E+003
  0.343134593047424E+001  0.110123230848273E+001 -0.108738849011434E+003
  0.343147559312616E+001  0.106025134726298E+001 -0.108772868007765E+003
  0.348816012886439E+001  0.773333712720705E+000 -0.108749354476066E+003
  0.346211428347275E+001  0.995191977936546E+000 -0.108663922413240E+003
  0.346014771041485E+001  0.889797217621449E+000 -0.108752534288916E+003
  0.350688996353301E+001  0.843777770069540E+000 -0.108777944602315E+003
  0.342255160321416E+001  0.126484553002854E+001 -0.108792422984642E+003
  0.349896828948350E+001  0.767596460059563E+000 -0.108737077955965E+003
  0.349341337791772E+001  0.879605667571713E+000 -0.108710815776788E+003
  0.342513362052568E+001  0.125695793087158E+001 -0.108785642977844E+003
  0.347671766952217E+001  0.919704060471442E+000 -0.108669978641754E+003
  0.348519132183411E+001  0.763341903117453E+000 -0.108776575979383E+003
  0.344916855458208E+001  0.112679077921719E+001 -0.108703439084091E+003
  0.345776505934569E+001  0.918322364982359E+000 -0.108730999097232E+003
  0.343979943826037E+001  0.120332743674173E+001 -0.108754677758468E+003
  0.349987863736147E+001  0.854512494570157E+000 -0.108734805447315E+003
  0.347127340274435E+001  0.988365863100544E+000 -0.108672355449914E+003
  0.347929856126591E+001  0.986316308379649E+000 -0.108705236829780E+003
  0.348897778369085E+001  0.827827074592616E+000 -0.108701250219619E+003
  0.345134220927500E+001  0.105674048534239E+001 -0.108673982973083E+003
  0.342488839035513E+001  0.114770215284595E+001 -0.108756498888431E+003
  0.348283812979420E+001  0.102160801684291E+001 -0.108775526177278E+003
  0.342320688228703E+001  0.118810711299865E+001 -0.108756825076035E+003
  0.341923338887594E+001  0.126110537615657E+001 -0.108792292510191E+003
  0.343654492083078E+001  0.107899030164380E+001 -0.108719825655296E+003
  0.348434839384731E+001  0.101042856340769E+001 -0.108772562766113E+003
  0.349440339526458E+001  0.889030442675445E+000 -0.108721128639220E+003
  0.344086171185166E+001  0.103317760170923E+001 -0.108725393471549E+003
  0.350886807547566E+001  0.798342955709986E+000 -0.108765812353260E+003
  0.347501869135483E+001  0.932506212127432E+000 -0.108667874599702E+003
  0.346843821045369E+001  0.905205758746179E+000 -0.108688020351329E+003
  0.348524190799272E+001  0.957327233941092E+000 -0.108715667571211E+003
  0.349438009239806E+001  0.797539350195279E+000 -0.108717876423613E+003
  0.347066691944705E+001  0.954305314669694E+000 -0.108664580729686E+003
  0.347122670348223E+001  0.954779810781821E+000 -0.108664857947526E+003
  0.351218537785630E+001  0.752667363937501E+000 -0.108776156569728E+003
  0.347954671865515E+001  0.842118597918306E+000 -0.108704944710078E+003
  0.347498588270222E+001  0.898296855235515E+000 -0.108676483369795E+003
  0.344492876656753E+001  0.117722565554471E+001 -0.108741115318161E+003
  0.342767633802397E+001  0.112538998407890E+001 -0.108749159000820E+003
  0.346442864694151E+001  0.886302890923453E+000 -0.108727067725806E+003
  0.341824054390189E+001  0.122319184454437E+001 -0.108780596490429E+003
  0.343525029201685E+001  0.114690382319267E+001 -0.108712917657244E+003
  0.344444266717313E+001  0.114753618264062E+001 -0.108710778210285E+003
  0.344534747741700E+001  0.101668646945058E+001 -0.108710293201271E+003
  0.345545257622234E+001  0.963109250687067E+000 -0.108697650357959E+003
  0.345335299833183E+001  0.106968545968509E+001 -0.108675962893640E+003
  0.346942487934403E+001  0.919094067357491E+000 -0.108675931811297E+003
  0.348234727349488E+001  0.839319202433169E+000 -0.108700451273406E+003
  0.345168719782721E+001  0.961606027340418E+000 -0.108721868918477E+003
  0.348715699092675E+001  0.100292955574545E+001 -0.108788149184907E+003
  0.343128216535868E+001  0.108287685336818E+001 -0.108752501694261E+003
  0.348549175549656E+001  0.912319228563511E+000 -0.108688764483223E+003
  0.342922624112823E+001  0.118369715898772E+001 -0.108735690481684E+003
  0.347067418328686E+001  0.886863465910107E+000 -0.108695048091734E+003
  0.345333619122678E+001  0.113031760121001E+001 -0.108720159067974E+003
  0.344948839311133E+001  0.941481513143900E+000 -0.108765322258923E+003
  0.343877547295568E+001  0.110741741410347E+001 -0.108700894485838E+003
  0.349953695322786E+001  0.765905843230554E+000 -0.108738386047839E+003
  0.347536841213093E+001  0.894754741321396E+000 -0.108677659387723E+003
  0.344348148879982E+001  0.110089887304194E+001 -0.108689449235036E+003
  0.345539910625667E+001  0.105701945793827E+001 -0.108672686293256E+003
  0.346636375024185E+001  0.889696659875677E+000 -0.108711801824946E+003
  0.343965610112135E+001  0.119389513567918E+001 -0.108743630609233E+003
  0.345352071890772E+001  0.114325658892423E+001 -0.108736460927627E+003
  0.345926308268002E+001  0.931498390920797E+000 -0.108706453564321E+003
  0.349290033349513E+001  0.937879746684356E+000 -0.108752687958659E+003
  0.349044054073754E+001  0.839595356609660E+000 -0.108697881747121E+003
  0.345958932450575E+001  0.882088833809682E+000 -0.108769021271171E+003
  0.343234773540046E+001  0.117320563071117E+001 -0.108725950658937E+003
  0.344733590779208E+001  0.100595551377679E+001 -0.108707101910266E+003
  0.346620625113803E+001  0.103910854399698E+001 -0.108686101767877E+003
  0.343636209449051E+001  0.123858811669477E+001 -0.108788595077619E+003
  0.349504578745090E+001  0.951713415122503E+000 -0.108790138871255E+003
  0.344031316308450E+001  0.121336315363345E+001 -0.108769252541215E+003
  0.347625454042394E+001  0.926109444581510E+000 -0.108669178203069E+003
  0.344369809271123E+001  0.984714457768048E+000 -0.108756052945151E+003
  0.345321634422165E+001  0.937062531400507E+000 -0.108740379173263E+003
  0.345298143513786E+001  0.116383083347332E+001 -0.108762135751609E+003
  0.343115026177201E+001  0.107688521332638E+001 -0.108758797610800E+003
  0.347060139901123E+001  0.105741407751769E+001 -0.108727429197319E+003
  0.350636377208989E+001  0.818063782403426E+000 -0.108757884677227E+003
  0.348817613824086E+001  0.804065578921556E+000 -0.108717695305776E+003
  0.346128002062543E+001  0.955148067940426E+000 -0.108678350833637E+003
  0.348363397678766E+001  0.948894259950864E+000 -0.108699500004734E+003
  0.345487058260027E+001  0.101062695752376E+001 -0.108672675708347E+003
  0.350502866005606E+001  0.752301174614436E+000 -0.108752249702032E+003
  0.349708970771907E+001  0.725521678224084E+000 -0.108779531717675E+003
  0.344942569519650E+001  0.101866759119541E+001 -0.108687961526354E+003
  0.349928921699727E+001  0.771806123458267E+000 -0.108734758163051E+003
  0.351504177901426E+001  0.758315066315989E+000 -0.108792686572575E+003
  0.351434070984565E+001  0.765766948686217E+000 -0.108790158132303E+003
  0.342782429703748E+001  0.113544764122060E+001 -0.108743638652164E+003
  0.346533161271279E+001  0.974214980710229E+000 -0.108663686683428E+003
  0.344483019422001E+001  0.117180275212360E+001 -0.108734580698247E+003
  0.349814227734822E+001  0.875220664234359E+000 -0.108735932869656E+003
  0.348626758180575E+001  0.100300850000119E+001 -0.108779517497541E+003
  0.344800510055425E+001  0.106059477853698E+001 -0.108679669550064E+003
  0.345159627915197E+001  0.104741298003099E+001 -0.108673482537558E+003
  0.347202063352051E+001  0.952800051737093E+000 -0.108665396267776E+003
  0.346522588430246E+001  0.938913856800344E+000 -0.108675597937210E+003
  0.348508237975442E+001  0.826240550432678E+000 -0.108705365013563E+003
  0.343462302165496E+001  0.120517406893200E+001 -0.108745419432117E+003
  0.350464235293924E+001  0.759006229002107E+000 -0.108748646074617E+003
  0.350719192745931E+001  0.700409278907996E+000 -0.108790653533924E+003
  0.345990761879704E+001  0.990565987513495E+000 -0.108667138860377E+003
  0.350020852967761E+001  0.819069587757909E+000 -0.108725849073673E+003
  0.342764883857117E+001  0.115851226203869E+001 -0.108738741570650E+003
  0.348202094009715E+001  0.837956886861125E+000 -0.108702171444583E+003
  0.347882389861959E+001  0.851457471132072E+000 -0.108698978796054E+003
  0.346543262933618E+001  0.105445354583042E+001 -0.108695656218753E+003
  0.345138693077690E+001  0.103462074893427E+001 -0.108675465623556E+003
  0.349344486175897E+001  0.787537196800152E+000 -0.108724293263475E+003
  0.345063192557332E+001  0.105443908302771E+001 -0.108674890839863E+003
  0.342010211827594E+001  0.123676053208929E+001 -0.108777520363913E+003
  0.351305992491943E+001  0.776572547299160E+000 -0.108785175757288E+003
  0.345512126733309E+001  0.109258844224364E+001 -0.108691181387728E+003
  0.347473240149399E+001  0.100174621527092E+001 -0.108693877772404E+003
  0.348415431154274E+001  0.859232495217446E+000 -0.108687293807547E+003
  0.350520848089518E+001  0.820443260310865E+000 -0.108751633151378E+003
  0.348751077530877E+001  0.754206646999023E+000 -0.108778208857781E+003
  0.344270267263088E+001  0.106115483834371E+001 -0.108697181541717E+003
  0.343717307962051E+001  0.111331031991018E+001 -0.108705666595881E+003
  0.345297892935680E+001  0.928931721860224E+000 -0.108753450444847E+003
  0.350545775550366E+001  0.804044715697650E+000 -0.108747854782499E+003
  0.344064719497494E+001  0.117203884777705E+001 -0.108724708022195E+003
  0.342758075741364E+001  0.120380115848229E+001 -0.108746565639821E+003
  0.346457371919904E+001  0.944492154556539E+000 -0.108674356066517E+003
  0.348642532462434E+001  0.100803452590886E+001 -0.108788962045258E+003
  0.345905760882297E+001  0.104078278948306E+001 -0.108670049271748E+003
  0.350715688464771E+001  0.757318676320782E+000 -0.108755745307143E+003
  0.345955417431242E+001  0.997310406542354E+000 -0.108666327260668E+003
  0.343335631516183E+001  0.113502896114610E+001 -0.108717497562344E+003
  0.343326920316255E+001  0.118351683879265E+001 -0.108729493478440E+003
  0.349209867585356E+001  0.855644275490466E+000 -0.108699839073665E+003
  0.348379271847436E+001  0.899386585633312E+000 -0.108680727250289E+003
  0.350774320454174E+001  0.837485854219683E+000 -0.108779975546412E+003
  0.351375922953629E+001  0.716662408760900E+000 -0.108789151182530E+003
  0.346153117527860E+001  0.942498552268201E+000 -0.108685850793732E+003
  0.348659386899386E+001  0.864419129087930E+000 -0.108687415284492E+003
  0.350279212611310E+001  0.875032243549569E+000 -0.108770997024681E+003
  0.345672189214991E+001  0.972337642205147E+000 -0.108684714277840E+003
  0.347368733604951E+001  0.106834540761239E+001 -0.108766446097250E+003
  0.350111825510793E+001  0.727354229717182E+000 -0.108769049333020E+003
  0.343048309432116E+001  0.122707703210549E+001 -0.108761136738387E+003
  0.345112924272584E+001  0.116538470379879E+001 -0.108753781507750E+003
  0.345461031913466E+001  0.100483242800169E+001 -0.108675362257321E+003
  0.349108831815202E+001  0.936433686731991E+000 -0.108736751847619E+003
  0.347847586921557E+001  0.105392999004562E+001 -0.108786474677955E+003
  0.347032075327292E+001  0.901571230414147E+000 -0.108684589560742E+003
  0.347914870934409E+001  0.919955958805961E+000 -0.108672897212864E+003
  0.348809537610006E+001  0.921582913875760E+000 -0.108705302125755E+003
  0.351365187930605E+001  0.767490341944006E+000 -0.108786229480538E+003
  0.349541762211786E+001  0.779925418395370E+000 -0.108728760524377E+003
  0.344931832257959E+001  0.112295538023313E+001 -0.108700735957244E+003
  0.350020270962391E+001  0.739863071844585E+000 -0.108758068216067E+003
  0.346028340391654E+001  0.911879985483434E+000 -0.108721996003471E+003
  0.342187752999848E+001  0.126056516132225E+001 -0.108788972531791E+003
  0.350386283553327E+001  0.811986408089618E+000 -0.108741397682857E+003
  0.346672050220733E+001  0.988800985529188E+000 -0.108664284589993E+003
  0.347123136879655E+001  0.102407144511948E+001 -0.108695551985094E+003
  0.349403750237278E+001  0.905447372824161E+000 -0.108730256018002E+003
  0.346909308566902E+001  0.104499393264527E+001 -0.108704369764818E+003
  0.346968281981469E+001  0.101275468481475E+001 -0.108680443456480E+003
  0.347366375901059E+001  0.927424845809526E+000 -0.108667930080204E+003
  0.348048093944712E+001  0.852212835248478E+000 -0.108694646616654E+003
  0.348002205135662E+001  0.867592830015154E+000 -0.108685757860158E+003
  0.348821532348648E+001  0.940673345166420E+000 -0.108720358119906E+003
  0.346693825402538E+001  0.902547574844689E+000 -0.108696136846681E+003
  0.348149855375939E+001  0.855245161034270E+000 -0.108691019491868E+003
  0.350265175583324E+001  0.779923708698609E+000 -0.108737177017728E+003
  0.344827051006344E+001  0.974352160763885E+000 -0.108731932076244E+003
  0.347675608250163E+001  0.808507589269480E+000 -0.108757315479573E+003
