  0.10000000E+001  0.25732011E+007 -0.11565918E+002  0.83961956E+001
  0.10000000E+001  0.26392849E+007 -0.11262078E+002  0.51277433E+001
  0.10000000E+001  0.47769834E+007 -0.14054533E+002 -0.87230231E+001
  0.10000000E+001  0.83246775E+003  0.35422157E+001 -0.33284680E+000
  0.10000000E+001  0.26751572E+004  0.31454021E+001  0.52039137E+001
  0.10000000E+001  0.83289250E+006 -0.28716413E+001 -0.90173227E+001
  0.10000000E+001  0.65740387E+006 -0.24616280E+001 -0.59907104E+001
  0.10000000E+001  0.50192050E+007 -0.16624959E+002  0.50506797E+001
  0.10000000E+001  0.28965003E+007 -0.11466334E+002  0.19789367E+001
  0.10000000E+001  0.35042838E+007 -0.12183802E+002 -0.30794262E+001
  0.10000000E+001  0.83873869E+007 -0.21527633E+002 -0.40161438E+000
  0.10000000E+001  0.70659761E+006 -0.39234662E+001  0.18012212E+001
  0.10000000E+001  0.72316925E+006 -0.40753914E+001  0.22445254E+001
  0.10000000E+001  0.12841919E+007 -0.69652988E+001  0.50792709E+001
  0.10000000E+001  0.22822922E+007 -0.89640021E+001 -0.35136690E+001
  0.10000000E+001  0.82891110E+007 -0.20962790E+002 -0.31473566E+001
  0.10000000E+001  0.18671958E+007 -0.76931534E+001 -0.35869403E+001
  0.10000000E+001  0.67076300E+007 -0.18639610E+002 -0.18287991E+001
  0.10000000E+001  0.14778638E+007 -0.68898517E+001 -0.23078178E+000
  0.10000000E+001  0.43085342E+005  0.49014409E+001  0.37986429E+001
  0.10000000E+001  0.22307925E+006  0.96699340E+000 -0.87147375E+001
  0.10000000E+001  0.68998098E+006 -0.39036432E+001  0.22482415E+001
  0.10000000E+001  0.23258304E+005  0.38136157E+001 -0.79264826E+001
  0.10000000E+001  0.88613829E+006 -0.35185642E+001 -0.65366728E+001
  0.10000000E+001  0.11979648E+006  0.73286873E+001 -0.44313510E+001
  0.10000000E+001  0.22783726E+007 -0.80047121E+001 -0.96194415E+001
  0.10000000E+001  0.96195081E+007 -0.23204626E+002 -0.11657808E+001
  0.10000000E+001  0.47596176E+005  0.25848234E+001 -0.48454162E+001
  0.10000000E+001  0.50465646E+007 -0.15404460E+002 -0.33924343E+001
  0.10000000E+001  0.49057243E+006 -0.25567998E+001  0.84921541E+000
  0.10000000E+001  0.28420230E+006  0.92171174E+001 -0.61608494E+001
  0.10000000E+001  0.68631242E+006 -0.35967213E+001  0.33765067E+000
  0.10000000E+001  0.72473865E+007 -0.19781307E+002 -0.17822593E+000
  0.10000000E+001  0.43320330E+007 -0.14349336E+002 -0.85599847E+000
  0.10000000E+001  0.37054120E+006  0.90589427E+001 -0.45400728E+000
  0.10000000E+001  0.36741054E+007  0.19905254E+002  0.33199303E+001
  0.10000000E+001  0.41351935E+006 -0.32637302E+001  0.91566920E+001
  0.10000000E+001  0.57619771E+007 -0.17107079E+002 -0.10303898E+001
  0.10000000E+001  0.12582722E+006 -0.44377914E-001  0.42823680E+001
  0.10000000E+001  0.82064854E+005  0.64170829E+001 -0.16562301E+001
  0.10000000E+001  0.10584775E+007 -0.45537501E+001 -0.48156259E+001
  0.10000000E+001  0.75248067E+004  0.43277954E+001 -0.65184365E+001
  0.10000000E+001  0.14196129E+008 -0.28937974E+002 -0.16961006E+001
  0.10000000E+001  0.33770458E+005  0.61907364E+001 -0.71949929E+001
  0.10000000E+001  0.53101678E+006 -0.21196097E+001 -0.36003744E+001
  0.10000000E+001  0.57619889E+006 -0.23298044E+001 -0.39542762E+001
  0.10000000E+001  0.62104353E+005  0.43634838E+001  0.91061865E+001
  0.10000000E+001  0.19971021E+007  0.14702475E+002  0.85730317E+001
  0.10000000E+001  0.11958505E+006  0.48395290E+000  0.12095809E+001
  0.10000000E+001  0.23370279E+007 -0.84821152E+001 -0.76468929E+001
  0.10000000E+001  0.70629757E+005  0.14414605E+001 -0.47753352E+000
  0.10000000E+001  0.21806245E+007 -0.95303204E+001  0.21737782E+001
  0.10000000E+001  0.33922844E+007 -0.11088947E+002 -0.84774795E+001
  0.10000000E+001  0.62150434E+006  0.11653839E+002 -0.75345836E+001
  0.10000000E+001  0.12557272E+007  0.14791234E+002 -0.91094236E+001
  0.10000000E+001  0.18954857E+007 -0.97113900E+001  0.93004455E+001
  0.10000000E+001  0.93374186E+006  0.12798875E+002 -0.46513415E+001
  0.10000000E+001  0.11922046E+007 -0.49030036E+001 -0.61090423E+001
  0.10000000E+001  0.35138585E+007 -0.13307423E+002  0.42139080E+001
  0.10000000E+001  0.11494427E+004  0.40513570E+001 -0.18844479E+001
  0.10000000E+001  0.38606473E+007 -0.13022067E+002 -0.28984864E+001
  0.10000000E+001  0.49681414E+005  0.58392017E+001 -0.15198929E+001
  0.10000000E+001  0.69025046E+006 -0.46298196E+001  0.71823495E+001
  0.10000000E+001  0.81653879E+006 -0.38164025E+001 -0.25169714E+001
  0.10000000E+001  0.35396458E+007  0.20138514E+002 -0.27175702E+000
  0.10000000E+001  0.10022494E+007 -0.36180006E+001 -0.92069578E+001
  0.10000000E+001  0.28585434E+005  0.56826191E+001 -0.39697646E+001
  0.10000000E+001  0.27103321E+007 -0.95250554E+001 -0.75478092E+001
  0.10000000E+001  0.24436866E+006 -0.13756666E+001  0.50368646E+001
  0.10000000E+001  0.86616731E+006 -0.46066050E+001  0.11161348E+001
  0.10000000E+001  0.10382776E+007  0.13039488E+002 -0.31509378E+001
  0.10000000E+001  0.57484052E+004  0.47905218E+001 -0.45242520E+001
  0.10000000E+001  0.12502167E+006  0.72966073E+000 -0.83947663E+000
  0.10000000E+001  0.13038859E+005  0.54594965E+001 -0.76456329E+001
  0.10000000E+001  0.29638166E+006  0.71460631E+001  0.82458485E+001
  0.10000000E+001  0.27646121E+006 -0.10559522E+001  0.10021934E+001
  0.10000000E+001  0.19784636E+006  0.83163463E+001 -0.52767302E+001
  0.10000000E+001  0.29312718E+006 -0.44089729E+000 -0.38489284E+001
  0.10000000E+001  0.11148175E+007 -0.45765627E+001 -0.61810495E+001
  0.10000000E+001  0.93573489E+006 -0.48548250E+001  0.64161470E+000
  0.10000000E+001  0.41746282E+006 -0.13847793E+001 -0.36785225E+001
  0.10000000E+001  0.78078813E+005  0.15105458E+001 -0.16739608E+001
  0.10000000E+001  0.19390134E+005  0.51515543E+001 -0.19155893E+001
  0.10000000E+001  0.15650108E+007 -0.61939717E+001 -0.67513295E+001
  0.10000000E+001  0.74297899E+006  0.11768333E+002 -0.38378095E+001
  0.10000000E+001  0.63409388E+006 -0.28502590E+001 -0.27022162E+001
  0.10000000E+001  0.74219081E+006 -0.51114829E+001  0.86653416E+001
  0.10000000E+001  0.45510627E+006 -0.12702058E+001 -0.59740515E+001
  0.10000000E+001  0.74446306E+005  0.86082511E+000  0.29741886E+001
  0.10000000E+001  0.68132153E+006 -0.29938944E+001 -0.34159727E+001
  0.10000000E+001  0.29388682E+007 -0.98242470E+001 -0.94423312E+001
  0.10000000E+001  0.13580595E+007 -0.64967892E+001  0.72778152E-001
  0.10000000E+001  0.12804192E+006  0.13029611E+000  0.28856775E+001
  0.10000000E+001  0.10771652E+006  0.68924805E+001 -0.24257212E+001
  0.10000000E+001  0.76950086E+005  0.16644220E+001 -0.25190615E+001
  0.10000000E+001  0.11903168E+006  0.66526916E+001  0.24353666E+000
  0.10000000E+001  0.14681813E+007  0.14986306E+002 -0.49455460E+001
  0.10000000E+001  0.17392838E+006 -0.32318538E+000  0.24510565E+001
  0.10000000E+001  0.31773172E+006  0.88723954E+001 -0.18582389E+001
  0.10000000E+001  0.24130289E+006 -0.14525008E+001  0.57648815E+001
  0.10000000E+001  0.25425537E+005  0.57440516E+001 -0.52562339E+001
  0.10000000E+001  0.24745514E+007 -0.87006618E+001 -0.87300407E+001
  0.10000000E+001  0.79358491E+006 -0.30053201E+001 -0.69834618E+001
  0.10000000E+001  0.12382904E+005  0.51010982E+001 -0.36395354E+001
  0.10000000E+001  0.73852065E+006  0.11130087E+002  0.32693903E+000
  0.10000000E+001  0.63439007E+007 -0.17648576E+002 -0.42578315E+001
  0.10000000E+001  0.19193367E+007 -0.73824465E+001 -0.66640840E+001
  0.10000000E+001  0.24369754E+007 -0.10064034E+002  0.82731918E+000
  0.10000000E+001  0.14245642E+006  0.15089956E+001 -0.69158684E+001
  0.10000000E+001  0.14651641E+006  0.54487356E+001  0.98292802E+001
  0.10000000E+001  0.31481348E+007 -0.10340900E+002 -0.94920058E+001
  0.10000000E+001  0.36933567E+005  0.45904343E+001  0.48546270E+001
  0.10000000E+001  0.12535247E+007 -0.53217608E+001 -0.49792028E+001
  0.10000000E+001  0.76791238E+005  0.53510357E+000  0.50134438E+001
  0.10000000E+001  0.27468324E+007 -0.97324674E+001 -0.68333857E+001
  0.10000000E+001  0.17218694E+005  0.40876343E+001 -0.80516415E+001
  0.10000000E+001  0.15198449E+007  0.15018439E+002 -0.39064634E+001
  0.10000000E+001  0.57214943E+006  0.11078295E+002 -0.54549096E+001
  0.10000000E+001  0.30860493E+007 -0.10652515E+002 -0.64965467E+001
  0.10000000E+001  0.49641577E+004  0.37174621E+001  0.35208405E+001
  0.10000000E+001  0.54743294E+006 -0.29339592E+001  0.10654215E+001
  0.10000000E+001  0.14153680E+008 -0.28025928E+002 -0.73698247E+001
  0.10000000E+001  0.53632975E+004  0.36952624E+001 -0.33610994E+001
  0.10000000E+001  0.10446967E+007 -0.39112085E+001 -0.85222719E+001
  0.10000000E+001  0.94991683E+003  0.37221777E+001 -0.12033296E+001
  0.10000000E+001  0.70093802E+005  0.16070017E+001 -0.14711582E+001
  0.10000000E+001  0.24470030E+005  0.37988028E+001 -0.80557401E+001
  0.10000000E+001  0.54444898E+006 -0.22508621E+001 -0.32728781E+001
  0.10000000E+001  0.18878654E+007  0.14721787E+002  0.62361552E+001
  0.10000000E+001  0.94103271E+005  0.23497739E+001 -0.80795120E+001
  0.10000000E+001  0.14018187E+008 -0.30313872E+002  0.88428192E+001
  0.10000000E+001  0.69517468E+004  0.36080890E+001  0.47571016E+001
  0.10000000E+001  0.16295925E+007  0.14981959E+002 -0.10842397E+001
  0.10000000E+001  0.37618249E+007 -0.12136743E+002 -0.72250715E+001
  0.10000000E+001  0.19818884E+006  0.60056470E+001  0.98336394E+001
  0.10000000E+001  0.58153589E+007 -0.18023964E+002  0.44174198E+001
  0.10000000E+001  0.35651414E+007 -0.11649561E+002 -0.74731116E+001
  0.10000000E+001  0.11844758E+006  0.11672631E+001 -0.30783768E+001
  0.10000000E+001  0.15327750E+006 -0.32978783E+000  0.40254522E+001
  0.10000000E+001  0.40561621E+005  0.22324700E+001 -0.18902764E+001
  0.10000000E+001  0.16180262E+005  0.43161649E+001  0.30321704E+001
  0.10000000E+001  0.53682157E+007 -0.17030812E+002  0.32957355E+001
  0.10000000E+001  0.11011755E+007 -0.52123004E+001 -0.17142687E+001
  0.10000000E+001  0.25026058E+005  0.32788945E+001 -0.55834904E+001
  0.10000000E+001  0.20386623E+007 -0.80439503E+001 -0.47877971E+001
  0.10000000E+001  0.18042848E+005  0.40821348E+001  0.47817156E+001
  0.10000000E+001  0.11595806E+004  0.36734650E+001 -0.12017110E+001
  0.10000000E+001  0.55949325E+005  0.42751245E+001  0.89468992E+001
  0.10000000E+001  0.56450876E+006 -0.36436563E+001  0.51753674E+001
  0.10000000E+001  0.31537991E+006  0.90474883E+001 -0.31914669E+001
  0.10000000E+001  0.24955548E+006  0.74921656E+000 -0.88635457E+001
  0.10000000E+001  0.24967199E+006 -0.20760546E+001  0.97224742E+001
  0.10000000E+001  0.59614434E+007 -0.17454862E+002 -0.11075356E+001
  0.10000000E+001  0.61164961E+007  0.24179100E+002  0.71372569E+001
  0.10000000E+001  0.60615640E+006 -0.32959479E+001  0.12279420E+001
  0.10000000E+001  0.21536755E+007  0.15409352E+002  0.70748446E+001
  0.10000000E+001  0.84488384E+006  0.10507182E+002  0.77796520E+001
  0.10000000E+001  0.19447837E+006  0.78886399E+001 -0.24752182E+001
  0.10000000E+001  0.42179178E+006  0.99564825E+001 -0.41632213E+001
  0.10000000E+001  0.32233408E+007 -0.13218646E+002  0.82762686E+001
  0.10000000E+001  0.35962686E+006  0.92347815E+001 -0.21844360E+001
  0.10000000E+001  0.38434435E+007 -0.13113827E+002 -0.20451960E+001
  0.10000000E+001  0.14946734E+007 -0.78293394E+001  0.56476819E+001
  0.10000000E+001  0.40829273E+007  0.22757429E+002 -0.97532595E+001
  0.10000000E+001  0.80221378E+007 -0.22320410E+002  0.86039053E+001
  0.10000000E+001  0.12726920E+007 -0.51270074E+001 -0.67030067E+001
  0.10000000E+001  0.31938723E+006  0.78678589E+001  0.48617139E+001
  0.10000000E+001  0.38363013E+006 -0.15367375E+001 -0.12015396E+001
  0.10000000E+001  0.53728959E+005  0.21080783E+001 -0.27676267E+001
  0.10000000E+001  0.51169383E+005  0.31305254E+001 -0.82316330E+001
  0.10000000E+001  0.38290567E+005  0.49303559E+001  0.29684940E+001
  0.10000000E+001  0.20410232E+006 -0.68058893E+000  0.28171847E+001
  0.10000000E+001  0.18747048E+006 -0.11837263E+001  0.75042550E+001
  0.10000000E+001  0.27025566E+003  0.34860166E+001  0.71200042E+000
  0.10000000E+001  0.22883439E+007 -0.10807949E+002  0.86722628E+001
  0.10000000E+001  0.30778340E+006  0.74201899E+001  0.71128473E+001
  0.10000000E+001  0.87474498E+004  0.33907628E+001  0.63395780E+001
  0.10000000E+001  0.16954408E+007 -0.88993979E+001  0.82070876E+001
  0.10000000E+001  0.36573009E+007 -0.11666830E+002 -0.87280868E+001
  0.10000000E+001  0.34273290E+007  0.19323762E+002  0.33856860E+001
  0.10000000E+001  0.14428906E+005  0.35731415E+001 -0.51562661E+001
  0.10000000E+001  0.24705257E+006 -0.46887863E+000 -0.11963919E+001
  0.10000000E+001  0.25634402E+006  0.71268720E+001  0.62873141E+001
  0.10000000E+001  0.12778936E+007 -0.53664145E+001 -0.53004133E+001
  0.10000000E+001  0.22911303E+006 -0.52127320E+000  0.18969076E+000
  0.10000000E+001  0.49388842E+005  0.23084563E+001 -0.34561966E+001
  0.10000000E+001  0.17954467E+006  0.62343049E+001  0.73138526E+001
  0.10000000E+001  0.53495782E+006 -0.33622110E+001  0.44420286E+001
  0.10000000E+001  0.23151762E+007 -0.86395518E+001 -0.62311940E+001
  0.10000000E+001  0.71441063E+006  0.95969628E+001  0.94373911E+001
  0.10000000E+001  0.48580543E+006 -0.28337355E+001  0.28971481E+001
  0.10000000E+001  0.12591927E+007  0.14082137E+002 -0.41138131E+001
  0.10000000E+001  0.34280831E+006 -0.60422456E+000 -0.52482799E+001
  0.10000000E+001  0.10082209E+007  0.12739047E+002 -0.19939361E+001
  0.10000000E+001  0.22302320E+007 -0.78629890E+001 -0.96287737E+001
  0.10000000E+001  0.35115244E+007 -0.13133446E+002  0.30868756E+001
  0.10000000E+001  0.18153202E+007  0.14446674E+002  0.65105887E+001
  0.10000000E+001  0.17817270E+008 -0.32546482E+002 -0.39838017E+001
  0.10000000E+001  0.15596577E+005  0.29668215E+001  0.98244354E+001
  0.10000000E+001  0.15836669E+007 -0.83697469E+001  0.71931523E+001
  0.10000000E+001  0.38645830E+006  0.85300169E+001  0.37809282E+001
  0.10000000E+001  0.30503911E+007 -0.10434299E+002 -0.73317991E+001
  0.10000000E+001  0.29896392E+006 -0.14040144E+001  0.21017432E+001
  0.10000000E+001  0.12693121E+007 -0.71276636E+001  0.65745995E+001
  0.10000000E+001  0.40958776E+006  0.10658515E+002 -0.97907224E+001
  0.10000000E+001  0.44280567E+006 -0.62827514E+000 -0.94270757E+001
  0.10000000E+001  0.63672399E+006  0.12055754E+002 -0.98065062E+001
  0.10000000E+001  0.47366948E+007  0.22145000E+002  0.34888542E+001
  0.10000000E+001  0.11106245E+008 -0.23883964E+002 -0.99317302E+001
  0.10000000E+001  0.11485646E+007 -0.62030453E+001  0.35589753E+001
  0.10000000E+001  0.67215408E+006 -0.37465195E+001  0.18284439E+001
  0.10000000E+001  0.95230157E+006  0.12201444E+002 -0.38615960E-001
  0.10000000E+001  0.13204169E+005  0.39504673E+001 -0.66253748E+001
  0.10000000E+001  0.59571297E+006 -0.15597786E+001 -0.94717355E+001
  0.10000000E+001  0.77083232E+006  0.10873448E+002  0.30945338E+001
  0.10000000E+001  0.43999323E+004  0.39411155E+001 -0.40253752E+001
  0.10000000E+001  0.30458443E+007  0.20096807E+002 -0.80131165E+001
  0.10000000E+001  0.85661617E+005  0.95789905E+000  0.11432071E+001
  0.10000000E+001  0.16445685E+005  0.22615237E+001  0.20543111E+001
  0.10000000E+001  0.20326927E+007 -0.91205495E+001  0.24070573E+001
  0.10000000E+001  0.34692447E+007 -0.11645015E+002 -0.60569571E+001
  0.10000000E+001  0.14796487E+006  0.13057895E+001 -0.60936863E+001
  0.10000000E+001  0.88392392E+006  0.10643643E+002  0.80801970E+001
  0.10000000E+001  0.45277360E+006 -0.27147652E+001  0.35157819E+001
  0.10000000E+001  0.63616943E+006 -0.27082935E+001 -0.36881811E+001
  0.10000000E+001  0.22615464E+007 -0.10237063E+002  0.53229353E+001
  0.10000000E+001  0.40135899E+004  0.25810499E+001  0.41914580E+001
  0.10000000E+001  0.10958756E+007 -0.42165214E+001 -0.79645825E+001
  0.10000000E+001  0.16574305E+007  0.13588728E+002  0.86659816E+001
  0.10000000E+001  0.39218802E+007 -0.14491072E+002  0.59588021E+001
  0.10000000E+001  0.13870413E+007 -0.56944931E+001 -0.58474020E+001
  0.10000000E+001  0.12863328E+006  0.76467754E+001 -0.59668873E+001
  0.10000000E+001  0.14759009E+007 -0.56687290E+001 -0.80843532E+001
  0.10000000E+001  0.64945885E+006 -0.20240779E+001 -0.84571010E+001
  0.10000000E+001  0.99025844E+006  0.12448532E+002 -0.56717014E+000
  0.10000000E+001  0.84677489E+005  0.71955723E+001 -0.71883926E+001
  0.10000000E+001  0.33068858E+006 -0.20248325E+000 -0.71609943E+001
  0.10000000E+001  0.30468652E+007 -0.11718443E+002  0.11252982E+001
  0.10000000E+001  0.65623499E+007 -0.19073841E+002  0.26770830E+001
  0.10000000E+001  0.18028279E+005  0.42775807E+001 -0.89852535E+001
  0.10000000E+001  0.11292559E+007  0.12929234E+002  0.15986640E+000
  0.10000000E+001  0.21958381E+007  0.15435437E+002  0.77139842E+001
  0.10000000E+001  0.51322370E+005  0.37785175E+000  0.98629475E+001
  0.10000000E+001  0.40166856E+007  0.19966675E+002  0.79092238E+001
  0.10000000E+001  0.50496887E+007  0.23384364E+002 -0.63294097E+000
  0.10000000E+001  0.17181436E+006  0.85784180E+001 -0.92745698E+001
  0.10000000E+001  0.17709941E+007 -0.87393787E+001  0.54115343E+001
  0.10000000E+001  0.26745331E+007  0.16876187E+002  0.70684490E+001
  0.10000000E+001  0.21236396E+006  0.11345767E+001 -0.90961863E+001
  0.10000000E+001  0.46618981E+006 -0.25913753E+001  0.21031628E+001
  0.10000000E+001  0.48453802E+007  0.23577878E+002 -0.46146236E+001
  0.10000000E+001  0.23812565E+006  0.79823221E+001 -0.30290014E+000
  0.10000000E+001  0.17962733E+006  0.81538183E+001 -0.54415802E+001
  0.10000000E+001  0.41768166E+004  0.45105064E+001 -0.24706617E+001
  0.10000000E+001  0.59206450E+006  0.11450934E+002 -0.72723828E+001
  0.10000000E+001  0.74645071E+005  0.47494608E+001  0.81675005E+001
  0.10000000E+001  0.49067803E+006  0.85149685E+001  0.82621416E+001
  0.10000000E+001  0.57758712E+006 -0.13971454E+001 -0.98288585E+001
  0.10000000E+001  0.17160884E+006  0.61691728E+001  0.72012361E+001
  0.10000000E+001  0.38540345E+005  0.56970906E+001 -0.21906130E+001
  0.10000000E+001  0.73813050E+006 -0.42773576E+001  0.30866348E+001
  0.10000000E+001  0.71425692E+006  0.10709458E+002  0.22901387E+001
  0.10000000E+001  0.54660341E+006 -0.21379623E+001 -0.40758575E+001
  0.10000000E+001  0.27489942E+007 -0.10991253E+002  0.13674713E+001
  0.10000000E+001  0.86016274E+006 -0.40236037E+001 -0.25225861E+001
  0.10000000E+001  0.20194878E+007  0.15168915E+002  0.60026781E+001
  0.10000000E+001  0.38056659E+004  0.44284027E+001 -0.19319630E+001
  0.10000000E+001  0.25172638E+007 -0.11009975E+002  0.56641752E+001
  0.10000000E+001  0.67582442E+006 -0.24768121E+001 -0.65177276E+001
  0.10000000E+001  0.15098422E+006  0.82874074E+001 -0.88290250E+001
  0.10000000E+001  0.23852039E+007  0.15847041E+002  0.85857502E+001
  0.10000000E+001  0.19445547E+005  0.55919044E+001 -0.56627179E+001
  0.10000000E+001  0.25116306E+006  0.50517050E+000 -0.74915116E+001
  0.10000000E+001  0.75653574E+006 -0.46348331E+001  0.48764225E+001
  0.10000000E+001  0.98826169E+006  0.13757672E+002 -0.96428280E+001
  0.10000000E+001  0.32015029E+007 -0.12016755E+002  0.57236919E+000
  0.10000000E+001  0.34994477E+007  0.20193581E+002 -0.12629722E+001
  0.10000000E+001  0.17795572E+007 -0.83623714E+001  0.26891656E+001
  0.10000000E+001  0.50214029E+006  0.95597486E+001  0.20152063E+001
  0.10000000E+001  0.28870496E+007 -0.11699873E+002  0.36992967E+001
  0.10000000E+001  0.20358392E+006 -0.33753211E+000  0.55738830E+000
  0.10000000E+001  0.23384949E+006  0.92033204E+001 -0.93111894E+001
  0.10000000E+001  0.39306702E+006 -0.29206934E+001  0.77217486E+001
  0.10000000E+001  0.57408856E+006  0.11355820E+002 -0.73308895E+001
  0.10000000E+001  0.28913455E+005  0.57501216E+001 -0.44520757E+001
  0.10000000E+001  0.15995231E+007 -0.78408260E+001  0.32447542E+001
  0.10000000E+001  0.20365031E+007 -0.97084367E+001  0.62812446E+001
  0.10000000E+001  0.46869851E+006  0.99761732E+001 -0.21791127E+001
  0.10000000E+001  0.84051035E+006 -0.27571730E+001 -0.99551462E+001
  0.10000000E+001  0.20993667E+007  0.15064179E+002  0.82542536E+001
  0.10000000E+001  0.66480572E+007 -0.18982734E+002  0.11047382E+001
  0.10000000E+001  0.60316956E+006 -0.20202680E+001 -0.68816315E+001
  0.10000000E+001  0.56510285E+005  0.15134232E+001  0.64538542E+000
  0.10000000E+001  0.96419335E+006 -0.48910814E+001  0.39722021E-001
  0.10000000E+001  0.28959130E+007 -0.96994541E+001 -0.95373939E+001
  0.10000000E+001  0.26009594E+007 -0.91338450E+001 -0.81769879E+001
  0.10000000E+001  0.23361313E+007 -0.10856542E+002  0.80669651E+001
  0.10000000E+001  0.62180166E+005  0.60217586E+001 -0.11667599E+001
  0.10000000E+001  0.14674119E+007 -0.64627314E+001 -0.27825195E+001
  0.10000000E+001  0.63806352E+006 -0.29959763E+001 -0.18999133E+001
  0.10000000E+001  0.12757423E+007 -0.54831980E+001 -0.44956789E+001
  0.10000000E+001  0.42117815E+007 -0.15106711E+002  0.58791650E+001
  0.10000000E+001  0.10166760E+008 -0.25211297E+002  0.71381534E+001
  0.10000000E+001  0.38824792E+007 -0.12393579E+002 -0.73071201E+001
  0.10000000E+001  0.36081297E+007  0.18842657E+002  0.92719610E+001
  0.10000000E+001  0.85615457E+007 -0.20867702E+002 -0.64556067E+001
  0.10000000E+001  0.71546570E+006  0.11127485E+002 -0.44465721E+000
  0.10000000E+001  0.57304543E+006  0.88961362E+001  0.89793371E+001
  0.10000000E+001  0.69116710E+006 -0.43394016E+001  0.51509344E+001
  0.10000000E+001  0.85292445E+005  0.25606386E+001 -0.84983392E+001
  0.10000000E+001  0.25560648E+004  0.35670637E+001  0.32927138E+001
  0.10000000E+001  0.13282299E+007 -0.77727485E+001  0.94574623E+001
  0.10000000E+001  0.96936909E+006 -0.42955310E+001 -0.39892671E+001
  0.10000000E+001  0.21138810E+006  0.67534350E+001  0.60684275E+001
  0.10000000E+001  0.40515150E+007 -0.14589271E+002  0.47151596E+001
  0.10000000E+001  0.93747272E+005  0.16095384E+001 -0.37360023E+001
  0.10000000E+001  0.11289242E+007  0.13096554E+002 -0.96841422E+000
  0.10000000E+001  0.52135961E+007 -0.14970103E+002 -0.83202319E+001
  0.10000000E+001  0.12715682E+004  0.31057670E+001  0.19503372E+001
  0.10000000E+001  0.55650030E+005  0.52506256E+001  0.31748927E+001
  0.10000000E+001  0.29132143E+005  0.21096142E+001  0.58021573E+000
  0.10000000E+001  0.21840578E+006 -0.15578246E+001  0.80189913E+001
  0.10000000E+001  0.38336615E+003  0.36391929E+001 -0.18356740E+000
  0.10000000E+001  0.39124913E+007 -0.13205800E+002 -0.24460258E+001
  0.10000000E+001  0.83007168E+006 -0.27742943E+001 -0.95379033E+001
  0.10000000E+001  0.58364249E+005  0.61063955E+001 -0.22555219E+001
  0.10000000E+001  0.66373613E+006 -0.36776703E+001  0.16691243E+001
  0.10000000E+001  0.11996060E+006  0.67817495E+001 -0.55156964E+000
  0.10000000E+001  0.12154140E+006 -0.49460935E+000  0.79360101E+001
  0.10000000E+001  0.86153166E+006  0.11380629E+002  0.26428813E+001
  0.10000000E+001  0.96356470E+005  0.97655496E+000  0.34345602E-002
  0.10000000E+001  0.57406420E+007 -0.17559004E+002  0.22208761E+001
  0.10000000E+001  0.18413659E+006 -0.74797545E+000  0.46436970E+001
  0.10000000E+001  0.22424878E+007 -0.10084590E+002  0.46692270E+001
  0.10000000E+001  0.29233953E+006  0.33921892E+000 -0.85995089E+001
  0.10000000E+001  0.14527085E+007 -0.78908694E+001  0.70942984E+001
  0.10000000E+001  0.26587651E+007 -0.10490157E+002 -0.36463997E+000
  0.10000000E+001  0.29822555E+006 -0.12542407E+001  0.11419206E+001
  0.10000000E+001  0.50982589E+006  0.96123902E+001  0.19790508E+001
  0.10000000E+001  0.23291382E+005  0.17183661E+001  0.44383166E+001
  0.10000000E+001  0.88040171E+006 -0.36977297E+001 -0.52282801E+001
  0.10000000E+001  0.72050527E+006 -0.46376072E+001  0.61485614E+001
  0.10000000E+001  0.37626857E+006  0.79258923E+001  0.71676723E+001
  0.10000000E+001  0.10469632E+007 -0.58816428E+001  0.42462206E+001
  0.10000000E+001  0.11445744E+008  0.32732977E+002  0.31083081E+001
  0.10000000E+001  0.10438773E+005  0.25393809E+001  0.17191119E+001
  0.10000000E+001  0.15458259E+007  0.13471746E+002  0.69394744E+001
  0.10000000E+001  0.35863590E+005  0.37100552E+001 -0.92942226E+001
  0.10000000E+001  0.16908499E+007 -0.61271123E+001 -0.99199175E+001
  0.10000000E+001  0.56954981E+004  0.22293022E+001  0.76801587E+001
  0.10000000E+001  0.96542869E+006 -0.42395518E+001 -0.42367682E+001
  0.10000000E+001  0.24698094E+006  0.28015861E+000 -0.59010337E+001
  0.10000000E+001  0.25115625E+006 -0.73136322E+000  0.27957739E+000
  0.10000000E+001  0.18034327E+006  0.21293372E+000 -0.15123973E+001
  0.10000000E+001  0.23025660E+006 -0.18944882E+001  0.96796639E+001
  0.10000000E+001  0.11644752E+005  0.30948810E+001 -0.20367992E+001
  0.10000000E+001  0.36799018E+007 -0.13015193E+002 -0.27090497E+000
  0.10000000E+001  0.10151290E+006  0.61475977E+001  0.20624804E+001
  0.10000000E+001  0.73408402E+006 -0.46647571E+001  0.58571579E+001
  0.10000000E+001  0.41675734E+007 -0.12648880E+002 -0.96654276E+001
  0.10000000E+001  0.60043833E+004  0.46120560E+001 -0.21743729E+001
  0.10000000E+001  0.12754409E+007  0.14321756E+002 -0.53216766E+001
  0.10000000E+001  0.58781949E+007 -0.16686650E+002 -0.51713751E+001
  0.10000000E+001  0.25158464E+005  0.38025223E+001  0.75437287E+001
  0.10000000E+001  0.21209778E+006 -0.17592206E+001  0.99505909E+001
  0.10000000E+001  0.18147009E+006  0.54618575E-001 -0.56697034E+000
  0.10000000E+001  0.19568654E+006  0.12302065E+000 -0.19270152E+001
  0.10000000E+001  0.16630431E+007 -0.86962297E+001  0.75641726E+001
  0.10000000E+001  0.20701972E+005  0.41592900E+001  0.48376605E+001
  0.10000000E+001  0.23419724E+005  0.41283766E+001  0.54869097E+001
  0.10000000E+001  0.10523226E+007 -0.56573266E+001  0.25846887E+001
  0.10000000E+001  0.65233496E+004  0.35728219E+001  0.48048287E+001
  0.10000000E+001  0.11982692E+005  0.18477071E+001  0.68342216E+001
  0.10000000E+001  0.24511820E+005  0.54872447E+001 -0.33163488E+001
  0.10000000E+001  0.49203989E+006  0.10664724E+002 -0.59330108E+001
  0.10000000E+001  0.94472717E+004  0.33067839E+001 -0.26480121E+001
  0.10000000E+001  0.19846604E+007 -0.87972430E+001  0.12398090E+001
  0.10000000E+001  0.60550006E+006 -0.24038798E+001 -0.45448593E+001
  0.10000000E+001  0.13250748E+007 -0.75387255E+001  0.79250496E+001
  0.10000000E+001  0.96826463E+006 -0.52787029E+001  0.24935831E+001
  0.10000000E+001  0.23365147E+007  0.15501861E+002  0.99154784E+001
  0.10000000E+001  0.14296419E+005  0.52874258E+001 -0.46309995E+001
  0.10000000E+001  0.31600232E+007  0.19448112E+002 -0.17073642E+001
  0.10000000E+001  0.24009507E+005  0.10966879E+001  0.97817368E+001
  0.10000000E+001  0.66052832E+007 -0.18258988E+002 -0.31941975E+001
  0.10000000E+001  0.32772608E+006 -0.21935345E+001  0.59677925E+001
  0.10000000E+001  0.50884188E+007 -0.15198386E+002 -0.52710313E+001
  0.10000000E+001  0.14787018E+007 -0.65454477E+001 -0.25081553E+001
  0.10000000E+001  0.15390937E+007 -0.63154381E+001 -0.53886160E+001
  0.10000000E+001  0.35540209E+004  0.26657731E+001  0.37358817E+001
  0.10000000E+001  0.15790484E+006  0.59357595E+000 -0.24126183E+001
  0.10000000E+001  0.48597058E+006  0.94352174E+001  0.21739819E+001
  0.10000000E+001  0.12880531E+006  0.76388697E+001 -0.58914234E+001
  0.10000000E+001  0.38503068E+006 -0.13365916E+001 -0.25564115E+001
  0.10000000E+001  0.15186928E+007 -0.84121312E+001  0.90483271E+001
  0.10000000E+001  0.53804342E+006 -0.33038442E+001  0.39198783E+001
  0.10000000E+001  0.61964709E+007 -0.16704873E+002 -0.87331494E+001
  0.10000000E+001  0.38810585E+004  0.45494717E+001 -0.33576577E+001
  0.10000000E+001  0.11279307E+006 -0.47009311E+000  0.86168177E+001
  0.10000000E+001  0.39433883E+006 -0.22000597E+000 -0.98889694E+001
  0.10000000E+001  0.79661392E+006 -0.33201290E+001 -0.50834191E+001
  0.10000000E+001  0.55402285E+006 -0.24062651E+001 -0.26369768E+001
  0.10000000E+001  0.29066564E+007 -0.10113430E+002 -0.70547315E+001
  0.10000000E+001  0.40610077E+006 -0.19823856E+001  0.69511293E+000
  0.10000000E+001  0.14800533E+007 -0.64654206E+001 -0.30608138E+001
  0.10000000E+001  0.48341376E+006  0.10384097E+002 -0.43469680E+001
  0.10000000E+001  0.46087559E+006 -0.18614143E+001 -0.24625541E+001
  0.10000000E+001  0.29903800E+007  0.19367087E+002 -0.40010190E+001
  0.10000000E+001  0.11525348E+007 -0.55146029E+001 -0.11180670E+001
  0.10000000E+001  0.13483050E+007  0.13868597E+002 -0.37263011E+000
  0.10000000E+001  0.37165620E+006  0.82632216E+001  0.48218177E+001
  0.10000000E+001  0.70978445E+006  0.97685452E+001  0.82063915E+001
  0.10000000E+001  0.15982179E+006  0.80419264E+000 -0.38590145E+001
  0.10000000E+001  0.73932516E+007 -0.18873235E+002 -0.76805881E+001
  0.10000000E+001  0.35535023E+006  0.76176704E+001  0.81423731E+001
  0.10000000E+001  0.15130456E+007 -0.58237043E+001 -0.79443858E+001
  0.10000000E+001  0.86366729E+006 -0.29381258E+001 -0.95165032E+001
  0.10000000E+001  0.99292992E+006  0.13574152E+002 -0.82034462E+001
  0.10000000E+001  0.67576511E+006  0.11844780E+002 -0.67953622E+001
  0.10000000E+001  0.15979141E+007 -0.59566061E+001 -0.89910270E+001
  0.10000000E+001  0.56708972E+006  0.94234929E+001  0.54217329E+001
  0.10000000E+001  0.18145222E+004  0.29785176E+001  0.50783744E+001
  0.10000000E+001  0.21709156E+007 -0.82090597E+001 -0.62935016E+001
  0.10000000E+001  0.59787129E+005  0.46611400E+000  0.77373936E+001
  0.10000000E+001  0.10506199E+007  0.12144755E+002  0.31732648E+001
  0.10000000E+001  0.16012924E+007 -0.67405944E+001 -0.40433516E+001
  0.10000000E+001  0.95763652E+006 -0.47121346E+001 -0.94454300E+000
  0.10000000E+001  0.67340156E+007 -0.17760596E+002 -0.78727771E+001
  0.10000000E+001  0.15732689E+005  0.52068375E+001 -0.33787842E+001
  0.10000000E+001  0.39361945E+005  0.29607470E+001 -0.59226618E+001
  0.10000000E+001  0.42634463E+006  0.10144816E+002 -0.52674284E+001
  0.10000000E+001  0.12957538E+007 -0.55201044E+001 -0.47546253E+001
  0.10000000E+001  0.24084519E+007 -0.10304163E+002  0.29569695E+001
  0.10000000E+001  0.41781400E+007 -0.14569636E+002  0.27631557E+001
  0.10000000E+001  0.58820657E+006  0.95422792E+001  0.54387662E+001
  0.10000000E+001  0.28946240E+007 -0.12076981E+002  0.61034511E+001
  0.10000000E+001  0.49529047E+007  0.23206547E+002 -0.70629920E+000
  0.10000000E+001  0.10238179E+007 -0.55841811E+001  0.29124718E+001
  0.10000000E+001  0.11926796E+007 -0.48318703E+001 -0.65748313E+001
  0.10000000E+001  0.17104902E+005  0.30833282E+001  0.96289357E+001
  0.10000000E+001  0.21906360E+005  0.47041305E+001  0.17470106E+001
  0.10000000E+001  0.40933223E+005  0.47140947E+001  0.46551390E+001
  0.10000000E+001  0.30978966E+007 -0.11054271E+002 -0.40782981E+001
  0.10000000E+001  0.14715329E+006  0.72091270E+001 -0.12481585E+001
  0.10000000E+001  0.59894125E+006  0.10522543E+002 -0.59889780E+000
  0.10000000E+001  0.11326479E+007 -0.59448885E+001  0.22650069E+001
  0.10000000E+001  0.88884166E+006 -0.45513530E+001  0.52428828E-001
  0.10000000E+001  0.10863253E+006  0.50447709E+001  0.93976114E+001
  0.10000000E+001  0.26496698E+007  0.17907467E+002 -0.15207900E+000
  0.10000000E+001  0.46743638E+006  0.84654294E+001  0.76496916E+001
  0.10000000E+001  0.10653599E+007  0.13637213E+002 -0.64623307E+001
  0.10000000E+001  0.70706873E+007 -0.18572104E+002 -0.62304771E+001
  0.10000000E+001  0.89840103E+004  0.51444489E+001 -0.69055761E+001
  0.10000000E+001  0.93237877E+004  0.43901179E+001  0.84259895E+000
  0.10000000E+001  0.72911527E+006  0.11218652E+002 -0.58603040E+000
  0.10000000E+001  0.55603885E+006 -0.28501843E+001  0.17767507E+000
  0.10000000E+001  0.99550872E+006 -0.59896151E+001  0.64935759E+001
  0.10000000E+001  0.11613036E+007 -0.43725183E+001 -0.86821161E+001
  0.10000000E+001  0.25537795E+007 -0.10851615E+002  0.39261036E+001
  0.10000000E+001  0.14071953E+006  0.15479507E+001 -0.70234908E+001
  0.10000000E+001  0.42779521E+006 -0.13061832E+001 -0.46168557E+001
  0.10000000E+001  0.40360062E+007 -0.14230363E+002  0.25415335E+001
  0.10000000E+001  0.24415803E+006 -0.10329584E+001  0.26986768E+001
  0.10000000E+001  0.88618043E+006  0.10365231E+002  0.99062586E+001
  0.10000000E+001  0.82442691E+007 -0.21332644E+002 -0.25911413E+000
  0.10000000E+001  0.74569669E+005  0.58165342E+001  0.16261456E+001
  0.10000000E+001  0.96632117E+005  0.67631054E+001 -0.25897321E+001
  0.10000000E+001  0.12858240E+007 -0.60636293E+001 -0.97356560E+000
  0.10000000E+001  0.22403118E+007  0.15762896E+002  0.64369610E+001
  0.10000000E+001  0.10949545E+006 -0.17385437E+000  0.67196761E+001
  0.10000000E+001  0.34896078E+005  0.93264155E+000  0.82990409E+001
  0.10000000E+001  0.30597739E+007 -0.12629547E+002  0.70140131E+001
  0.10000000E+001  0.19603213E+008 -0.33528618E+002 -0.93667328E+001
  0.10000000E+001  0.44065769E+006 -0.28174997E+001  0.47557421E+001
  0.10000000E+001  0.87335491E+006 -0.52862785E+001  0.54615555E+001
  0.10000000E+001  0.65149917E+006 -0.43319892E+001  0.65536096E+001
  0.10000000E+001  0.65778966E+007 -0.19056075E+002  0.23827301E+001
  0.10000000E+001  0.46597955E+007 -0.14029432E+002 -0.73604582E+001
  0.10000000E+001  0.76744152E+006 -0.53725976E+001  0.96037318E+001
  0.10000000E+001  0.12353695E+006  0.76066766E+001 -0.61471877E+001
  0.10000000E+001  0.21686973E+006 -0.87357369E+000  0.33030490E+001
  0.10000000E+001  0.13787259E+007 -0.62427948E+001 -0.21004556E+001
  0.10000000E+001  0.16327735E+007 -0.66363588E+001 -0.54151078E+001
  0.10000000E+001  0.27004140E+007 -0.96745218E+001 -0.64143583E+001
  0.10000000E+001  0.17873869E+007 -0.84841396E+001  0.33326207E+001
  0.10000000E+001  0.18494303E+006  0.74358025E+001 -0.28829674E-001
  0.10000000E+001  0.31121219E+007 -0.12761979E+002  0.70298636E+001
  0.10000000E+001  0.19185242E+005  0.21960949E+001  0.18833444E+001
  0.10000000E+001  0.15057527E+007 -0.56973393E+001 -0.85816903E+001
  0.10000000E+001  0.20704954E+007 -0.88848540E+001  0.78332940E-001
  0.10000000E+001  0.19943707E+007 -0.77712847E+001 -0.56697566E+001
  0.10000000E+001  0.16339973E+007  0.13502393E+002  0.87076175E+001
  0.10000000E+001  0.11777635E+007 -0.46844752E+001 -0.71310081E+001
  0.10000000E+001  0.19679949E+006  0.77382453E+001 -0.12779199E+001
  0.10000000E+001  0.21299953E+004  0.27465859E+001  0.49302305E+001
  0.10000000E+001  0.22632099E+007 -0.84275370E+001 -0.66305776E+001
  0.10000000E+001  0.24526739E+007 -0.85204813E+001 -0.94918104E+001
  0.10000000E+001  0.89523833E+006 -0.58249130E+001  0.84701403E+001
  0.10000000E+001  0.15442418E+006  0.73772153E+001 -0.18435108E+001
  0.10000000E+001  0.47018708E+006 -0.11963766E+001 -0.70392881E+001
  0.10000000E+001  0.51530557E+006 -0.21864659E+001 -0.25623520E+001
  0.10000000E+001  0.37069721E+007 -0.14332907E+002  0.81350757E+001
  0.10000000E+001  0.12836987E+006 -0.38982282E+000  0.65263899E+001
  0.10000000E+001  0.33905364E+006  0.85190982E+001  0.16066487E+001
  0.10000000E+001  0.46398644E+006 -0.84921753E+000 -0.89282794E+001
  0.10000000E+001  0.57562718E+007 -0.16958733E+002 -0.19398669E+001
  0.10000000E+001  0.35518291E+005  0.29432102E+001 -0.53221171E+001
  0.10000000E+001  0.11446826E+007 -0.56990460E+001  0.30576268E+000
  0.10000000E+001  0.39946064E+006  0.94657184E+001 -0.18311740E+001
  0.10000000E+001  0.10598702E+007 -0.57386771E+001  0.29148440E+001
  0.10000000E+001  0.21432605E+006 -0.29123239E+000 -0.41749073E+000
  0.10000000E+001  0.31280319E+005  0.19853688E+001  0.10411866E+001
  0.10000000E+001  0.60938003E+006 -0.16661238E+001 -0.92948727E+001
  0.10000000E+001  0.15350973E+006  0.17853188E+001 -0.92663668E+001
  0.10000000E+001  0.23974602E+006  0.69877940E+001  0.62423815E+001
  0.10000000E+001  0.88532449E+006  0.11467891E+002  0.27994115E+001
  0.10000000E+001  0.94209720E+005  0.14187416E+000  0.59583569E+001
  0.10000000E+001  0.29926368E+006  0.12464431E+000 -0.76465604E+001
  0.10000000E+001  0.45937776E+005  0.65348287E+001 -0.76345511E+001
  0.10000000E+001  0.25035490E+007  0.16265987E+002  0.80154403E+001
  0.10000000E+001  0.38028423E+007  0.22119998E+002 -0.96093405E+001
  0.10000000E+001  0.84298776E+006 -0.31306905E+001 -0.77002687E+001
  0.10000000E+001  0.26124703E+005  0.58939460E+001 -0.64480718E+001
  0.10000000E+001  0.57313904E+006  0.88918227E+001  0.90096783E+001
  0.10000000E+001  0.12937415E+006 -0.54277403E+000  0.75610389E+001
  0.10000000E+001  0.29748846E+007 -0.10507469E+002 -0.56298669E+001
  0.10000000E+001  0.45341810E+007  0.22597955E+002 -0.22457695E+001
  0.10000000E+001  0.15315152E+007 -0.57985000E+001 -0.85204253E+001
  0.10000000E+001  0.56691647E+005  0.66737028E+001 -0.68963391E+001
  0.10000000E+001  0.28896151E+007 -0.97174583E+001 -0.93185622E+001
  0.10000000E+001  0.11165853E+007 -0.56428546E+001  0.69655434E+000
  0.10000000E+001  0.20474797E+006  0.64143694E+001  0.77641926E+001
  0.10000000E+001  0.23404598E+007 -0.10575088E+002  0.60721675E+001
  0.10000000E+001  0.19391937E+006  0.69152642E+001  0.39744445E+001
  0.10000000E+001  0.10748171E+007 -0.54160103E+001  0.34788312E+000
  0.10000000E+001  0.19136957E+006 -0.17350693E+000  0.26792470E+000
  0.10000000E+001  0.25357600E+007 -0.92511772E+001 -0.62776376E+001
  0.10000000E+001  0.18667932E+007  0.14711680E+002  0.58656770E+001
  0.10000000E+001  0.34908046E+007 -0.12041426E+002 -0.38048574E+001
  0.10000000E+001  0.10192820E+007  0.12237529E+002  0.16776846E+001
  0.10000000E+001  0.24546863E+006  0.64424558E+001  0.98927766E+001
  0.10000000E+001  0.43910927E+006 -0.33077664E+001  0.82433127E+001
  0.10000000E+001  0.39954850E+005  0.40487597E+001  0.83177182E+001
  0.10000000E+001  0.18304324E+007 -0.81922721E+001  0.46014101E+000
  0.10000000E+001  0.58855535E+006 -0.16511340E+001 -0.86578102E+001
  0.10000000E+001  0.39186907E+007  0.19870063E+002  0.71401007E+001
  0.10000000E+001  0.29810985E+007 -0.10952914E+002 -0.28301297E+001
  0.10000000E+001  0.32493547E+007 -0.11224283E+002 -0.53874300E+001
  0.10000000E+001  0.23867704E+007 -0.96046638E+001 -0.12736976E+001
  0.10000000E+001  0.16292303E+007 -0.80213269E+001  0.37711401E+001
  0.10000000E+001  0.39730258E+006  0.81925390E+001  0.64225345E+001
  0.10000000E+001  0.34741776E+006 -0.12304944E+001 -0.14903370E+001
  0.10000000E+001  0.32373328E+007  0.20407879E+002 -0.69145952E+001
  0.10000000E+001  0.17599914E+007 -0.71107130E+001 -0.51081927E+001
  0.10000000E+001  0.31388216E+005  0.35541991E+001  0.97455882E+001
  0.10000000E+001  0.38589063E+007 -0.12303925E+002 -0.75485847E+001
  0.10000000E+001  0.13543467E+006  0.60239349E+001  0.55907268E+001
  0.10000000E+001  0.33897082E+006  0.88999470E+001 -0.94341249E+000
  0.10000000E+001  0.94259391E+006  0.13049168E+002 -0.61036562E+001
  0.10000000E+001  0.68828875E+007 -0.19214382E+002  0.29664364E-001
  0.10000000E+001  0.14591040E+004  0.39790567E+001 -0.24124300E+001
  0.10000000E+001  0.16248680E+005  0.55130597E+001 -0.61347132E+001
  0.10000000E+001  0.12723813E+007  0.12047519E+002  0.96039664E+001
  0.10000000E+001  0.51714357E+006 -0.27398628E+001  0.97974996E+000
  0.10000000E+001  0.48188841E+006  0.89171129E+001  0.53684175E+001
  0.10000000E+001  0.27444154E+007 -0.94961133E+001 -0.83133745E+001
  0.10000000E+001  0.14312899E+005  0.47722709E+001 -0.98387524E+001
  0.10000000E+001  0.49280474E+006 -0.38374725E+001  0.95524523E+001
  0.10000000E+001  0.10105280E+007 -0.53746074E+001  0.18959661E+001
  0.10000000E+001  0.24375628E+007  0.17596776E+002 -0.19556815E+001
  0.10000000E+001  0.88447768E+005 -0.27102770E+000  0.97851417E+001
  0.10000000E+001  0.12363332E+007 -0.51178947E+001 -0.58547241E+001
  0.10000000E+001  0.22227430E+006  0.85028458E+001 -0.49275324E+001
  0.10000000E+001  0.54794964E+006  0.10551565E+002 -0.27899478E+001
  0.10000000E+001  0.66627168E+006  0.10208214E+002  0.39193753E+001
  0.10000000E+001  0.10123152E+007 -0.60659041E+001  0.65140816E+001
  0.10000000E+001  0.58311260E+006 -0.36923864E+001  0.47747053E+001
  0.10000000E+001  0.53585626E+005  0.14454594E+001  0.14566644E+001
  0.10000000E+001  0.27807437E+006 -0.61845291E+000 -0.19373474E+001
  0.10000000E+001  0.11551527E+005  0.44821431E+001  0.86937316E+000
  0.10000000E+001  0.25117652E+007 -0.10721315E+002  0.38248990E+001
  0.10000000E+001  0.55642240E+005  0.13537083E+001  0.18150341E+001
  0.10000000E+001  0.77582722E+006 -0.47618428E+001  0.50858468E+001
  0.10000000E+001  0.75466180E+007 -0.21069029E+002  0.51956128E+001
  0.10000000E+001  0.10699442E+006 -0.96891561E-001  0.64008858E+001
  0.10000000E+001  0.16791957E+007 -0.72453892E+001 -0.24876738E+001
  0.10000000E+001  0.10192627E+007 -0.59392960E+001  0.54439880E+001
  0.10000000E+001  0.61850566E+006 -0.36664071E+001  0.32457600E+001
  0.10000000E+001  0.20667708E+007 -0.85902334E+001 -0.17861843E+001
  0.10000000E+001  0.21283656E+007 -0.10361705E+002  0.88375425E+001
  0.10000000E+001  0.56460144E+006  0.10463206E+002 -0.15244974E+001
  0.10000000E+001  0.19793564E+007 -0.79176652E+001 -0.44221538E+001
  0.10000000E+001  0.37746077E+006 -0.23375117E+001  0.44279060E+001
  0.10000000E+001  0.28490009E+005  0.52064617E+001 -0.40965089E+000
  0.10000000E+001  0.10612836E+007  0.13453355E+002 -0.53115339E+001
  0.10000000E+001  0.87137616E+006  0.13160421E+002 -0.91828567E+001
  0.10000000E+001  0.11883880E+007  0.14372494E+002 -0.80470194E+001
  0.10000000E+001  0.48212187E+005  0.43216356E+001  0.78228406E+001
  0.10000000E+001  0.21489075E+007  0.15087607E+002  0.90594026E+001
  0.10000000E+001  0.30157035E+006  0.84923705E+001 -0.14088465E+000
  0.10000000E+001  0.65898579E+007 -0.19808799E+002  0.72828155E+001
  0.10000000E+001  0.20885081E+007 -0.10179698E+002  0.84127871E+001
  0.10000000E+001  0.38382019E+004  0.28326313E+001  0.21760491E+001
  0.10000000E+001  0.42775538E+007 -0.14165611E+002 -0.13119352E+001
  0.10000000E+001  0.30357693E+005  0.45263887E+001  0.42836468E+001
  0.10000000E+001  0.26015664E+007 -0.11620418E+002  0.82427780E+001
  0.10000000E+001  0.93933030E+006 -0.33256048E+001 -0.92829010E+001
  0.10000000E+001  0.41099822E+007 -0.13790275E+002 -0.14323660E+001
  0.10000000E+001  0.10399513E+007 -0.45818768E+001 -0.41268167E+001
  0.10000000E+001  0.11125815E+007 -0.52028166E+001 -0.20848800E+001
  0.10000000E+001  0.14632501E+005  0.26833876E+001 -0.29476998E+000
  0.10000000E+001  0.51173076E+007 -0.16526343E+002  0.31201822E+001
  0.10000000E+001  0.66707694E+006 -0.39688291E+001  0.35015931E+001
  0.10000000E+001  0.15709454E+007 -0.85186836E+001  0.85166155E+001
  0.10000000E+001  0.46387509E+007 -0.14019498E+002 -0.71484999E+001
  0.10000000E+001  0.17080146E+007  0.16200754E+002 -0.75698691E+001
  0.10000000E+001  0.27768032E+007 -0.12250828E+002  0.93588017E+001
  0.10000000E+001  0.13695403E+007 -0.66744867E+001  0.96438581E+000
  0.10000000E+001  0.36942450E+007 -0.12329715E+002 -0.49805245E+001
  0.10000000E+001  0.72018336E+007  0.26731178E+002  0.24320641E+001
  0.10000000E+001  0.13509521E+005  0.52275075E+001 -0.43723348E+001
  0.10000000E+001  0.35179176E+006  0.77380138E+001  0.72296048E+001
  0.10000000E+001  0.10022018E+007  0.12137411E+002  0.18494010E+001
  0.10000000E+001  0.21161729E+006 -0.58721063E+000  0.17036122E+001
  0.10000000E+001  0.71492055E+005  0.55587510E+001  0.29704553E+001
  0.10000000E+001  0.70515614E+007 -0.20258851E+002  0.51252655E+001
  0.10000000E+001  0.57800682E+006 -0.19230939E+001 -0.65909205E+001
  0.10000000E+001  0.15596362E+005  0.35840886E+001 -0.54491036E+001
  0.10000000E+001  0.31335953E+007 -0.11975071E+002  0.13998461E+001
  0.10000000E+001  0.46269377E+007  0.21329548E+002  0.73836655E+001
  0.10000000E+001  0.10093952E+006  0.10284389E+001 -0.74337081E+000
  0.10000000E+001  0.10223917E+005  0.22942514E+001  0.35790394E+001
  0.10000000E+001  0.87559601E+006 -0.46112669E+001  0.85481273E+000
  0.10000000E+001  0.21887914E+007 -0.89682196E+001 -0.17015254E+001
  0.10000000E+001  0.15143811E+007  0.15298675E+002 -0.59527837E+001
  0.10000000E+001  0.33591927E+007 -0.13367366E+002  0.70682577E+001
  0.10000000E+001  0.29148282E+006  0.86527393E+001 -0.17777016E+001
  0.10000000E+001  0.14159022E+006  0.82245624E+001 -0.92119510E+001
  0.10000000E+001  0.62496617E+006 -0.35231932E+001  0.20446900E+001
  0.10000000E+001  0.30143374E+006 -0.23786078E+001  0.87454418E+001
  0.10000000E+001  0.80142605E+007 -0.21091760E+002  0.47627521E+000
  0.10000000E+001  0.60726091E+007 -0.16744105E+002 -0.70603329E+001
  0.10000000E+001  0.57375066E+007 -0.16616106E+002 -0.39659470E+001
  0.10000000E+001  0.16159151E+006  0.53442298E+000 -0.22943497E+001
  0.10000000E+001  0.16537097E+007  0.16192340E+002 -0.87805244E+001
  0.10000000E+001  0.54155806E+007  0.24767511E+002 -0.52244618E+001
  0.10000000E+001  0.29158218E+007  0.17833569E+002  0.49343877E+001
  0.10000000E+001  0.98167225E+004  0.51840038E+001 -0.61585649E+001
  0.10000000E+001  0.10302065E+006  0.62728908E+001  0.13758406E+001
  0.10000000E+001  0.49711783E+007 -0.15546764E+002 -0.14911662E+001
  0.10000000E+001  0.36893300E+004  0.40321145E+001 -0.40308994E+001
  0.10000000E+001  0.34743616E+006  0.91799689E+001 -0.24233851E+001
  0.10000000E+001  0.73510982E+006 -0.30687020E+001 -0.47262443E+001
  0.10000000E+001  0.19016293E+007 -0.87823913E+001  0.28719642E+001
  0.10000000E+001  0.78020605E+006 -0.47980887E+001  0.51851148E+001
  0.10000000E+001  0.94830177E+005  0.67952413E+001 -0.30038348E+001
  0.10000000E+001  0.22371082E+007 -0.80409320E+001 -0.86224227E+001
  0.10000000E+001  0.88270362E+005  0.49033599E+001  0.85235631E+001
  0.10000000E+001  0.15655653E+003  0.35344611E+001  0.92222517E+000
  0.10000000E+001  0.17043929E+007 -0.67651372E+001 -0.61450744E+001
  0.10000000E+001  0.22823479E+007 -0.89305194E+001 -0.37328149E+001
  0.10000000E+001  0.28486903E+006  0.90205354E+001 -0.47155530E+001
  0.10000000E+001  0.66382916E+006 -0.19967674E+001 -0.91084581E+001
  0.10000000E+001  0.68316816E+006  0.10243909E+002  0.42708330E+001
  0.10000000E+001  0.79073495E+005  0.59261492E+001  0.13720546E+001
  0.10000000E+001  0.40412021E+007  0.21596469E+002 -0.24990428E+001
  0.10000000E+001  0.26155793E+006  0.88176956E+001 -0.46662615E+001
  0.10000000E+001  0.20441383E+006  0.77815411E+001 -0.10659510E+001
  0.10000000E+001  0.44343771E+006 -0.35209642E+001  0.95590852E+001
  0.10000000E+001  0.54541979E+007 -0.16319886E+002 -0.24798780E+001
  0.10000000E+001  0.11697922E+007 -0.54984685E+001 -0.16810776E+001
  0.10000000E+001  0.18414998E+007  0.15774633E+002 -0.16906839E+001
  0.10000000E+001  0.45781800E+006  0.83939554E+001  0.77091196E+001
  0.10000000E+001  0.50073125E+006 -0.33136551E+001  0.55336672E+001
  0.10000000E+001  0.23225884E+006  0.75575249E+000 -0.79702503E+001
  0.10000000E+001  0.10842107E+007 -0.46603117E+001 -0.48290791E+001
  0.10000000E+001  0.19576074E+007 -0.81040509E+001 -0.27693785E+001
  0.10000000E+001  0.41916973E+006 -0.25941002E+001  0.42071561E+001
  0.10000000E+001  0.59437886E+004  0.39574525E+001 -0.46727116E+001
  0.10000000E+001  0.65806667E+007  0.26272423E+002 -0.13797098E+001
  0.10000000E+001  0.16214807E+006  0.73935939E+001 -0.13697043E+001
  0.10000000E+001  0.12784844E+005  0.47780048E+001 -0.86747356E+000
  0.10000000E+001  0.26723090E+007 -0.12013817E+002  0.96293740E+001
  0.10000000E+001  0.79071658E+006  0.10157010E+002  0.83379842E+001
  0.10000000E+001  0.13314980E+007 -0.58884274E+001 -0.32542338E+001
  0.10000000E+001  0.10872839E+007 -0.54419188E+001  0.17352096E+000
  0.10000000E+001  0.54688113E+006 -0.20754554E+001 -0.44839120E+001
  0.10000000E+001  0.13730744E+006  0.82221374E+001 -0.96110354E+001
  0.10000000E+001  0.12270238E+007 -0.54931497E+001 -0.32015165E+001
  0.10000000E+001  0.70791157E+004  0.33345322E+001 -0.21310831E+001
  0.10000000E+001  0.94544649E+004  0.46876803E+001 -0.81408651E+001
  0.10000000E+001  0.20851236E+007  0.15399303E+002  0.58051275E+001
  0.10000000E+001  0.12440876E+005  0.33875061E+001  0.72646233E+001
  0.10000000E+001  0.73878919E+006  0.10090408E+002  0.71106695E+001
  0.10000000E+001  0.48883454E+006 -0.28123714E+001  0.26259937E+001
  0.10000000E+001  0.24698853E+007 -0.98692816E+001 -0.10640387E+001
  0.10000000E+001  0.57184220E+006 -0.30825408E+001  0.11065368E+001
  0.10000000E+001  0.11793158E+006  0.74735573E+001 -0.56853845E+001
  0.10000000E+001  0.11517015E+006  0.54795019E+001  0.73618443E+001
  0.10000000E+001  0.16685254E+007 -0.68889316E+001 -0.45695783E+001
  0.10000000E+001  0.28719672E+006 -0.16208471E+001  0.42173721E+001
  0.10000000E+001  0.30155501E+007 -0.11340229E+002 -0.85653251E+000
  0.10000000E+001  0.71495422E+007 -0.20574448E+002  0.61648379E+001
  0.10000000E+001  0.86118202E+006  0.12376295E+002 -0.40488456E+001
  0.10000000E+001  0.75493978E+005  0.14922846E+001 -0.13018732E+001
  0.10000000E+001  0.10260682E+005  0.52564543E+001 -0.77452113E+001
  0.10000000E+001  0.29947127E+006  0.81376455E+001  0.21039809E+001
  0.10000000E+001  0.24911037E+006  0.89765860E+001 -0.65920976E+001
  0.10000000E+001  0.56919869E+006 -0.39664238E+001  0.72171485E+001
  0.10000000E+001  0.50683688E+006  0.93575819E+001  0.35267343E+001
  0.10000000E+001  0.56499540E+005  0.18655071E+001 -0.16010638E+001
  0.10000000E+001  0.76155232E+007 -0.19476551E+002 -0.60556387E+001
  0.10000000E+001  0.16832193E+005  0.41294640E+001 -0.81486715E+001
  0.10000000E+001  0.86870975E+007 -0.23082115E+002  0.69732503E+001
  0.10000000E+001  0.19864002E+007  0.15983689E+002 -0.31455040E-001
  0.10000000E+001  0.10800310E+007  0.11860134E+002  0.58348192E+001
  0.10000000E+001  0.25957226E+006  0.82801555E+001 -0.10483827E+001
  0.10000000E+001  0.17328792E+006  0.89912664E+000 -0.53320272E+001
  0.10000000E+001  0.13502884E+007 -0.54147091E+001 -0.67582876E+001
  0.10000000E+001  0.14973929E+006  0.55077898E+001  0.97036235E+001
  0.10000000E+001  0.23726735E+006  0.64788377E+001  0.92289692E+001
  0.10000000E+001  0.52083727E+006 -0.26900470E+001  0.50227402E+000
  0.10000000E+001  0.57799164E+006  0.95318360E+001  0.51302154E+001
  0.10000000E+001  0.14267956E+007  0.12958342E+002  0.74986026E+001
  0.10000000E+001  0.17970150E+006  0.70564095E+001  0.21335407E+001
  0.10000000E+001  0.15913685E+007  0.13844081E+002  0.55564883E+001
  0.10000000E+001  0.39260186E+007 -0.13615455E+002  0.56575233E-001
  0.10000000E+001  0.22664291E+007 -0.89197877E+001 -0.35025888E+001
  0.10000000E+001  0.49718434E+006 -0.14115429E+001 -0.67621972E+001
  0.10000000E+001  0.21764893E+007 -0.85785843E+001 -0.40087597E+001
  0.10000000E+001  0.14411596E+007 -0.62934655E+001 -0.32652019E+001
  0.10000000E+001  0.47310840E+007 -0.15119197E+002 -0.11741809E+001
  0.10000000E+001  0.53876259E+007 -0.18046593E+002  0.98831605E+001
  0.10000000E+001  0.22175179E+006  0.16456747E+000 -0.37679345E+001
  0.10000000E+001  0.18609309E+007  0.16304143E+002 -0.48490918E+001
  0.10000000E+001  0.12074417E+007  0.13426137E+002 -0.10523706E+001
  0.10000000E+001  0.21821646E+007  0.15193917E+002  0.90107954E+001
  0.10000000E+001  0.45385848E+006  0.90420877E+001  0.34072062E+001
  0.10000000E+001  0.10261504E+007 -0.47659132E+001 -0.25530461E+001
  0.10000000E+001  0.61597674E+006 -0.20364008E+001 -0.72305368E+001
  0.10000000E+001  0.63033264E+003  0.35168650E+001  0.14351868E-002
  0.10000000E+001  0.11555079E+006  0.77522807E+001 -0.80805868E+001
  0.10000000E+001  0.39467668E+007  0.19586194E+002  0.93853997E+001
  0.10000000E+001  0.11903939E+007  0.12219870E+002  0.64340938E+001
  0.10000000E+001  0.18695046E+007 -0.80551937E+001 -0.12694156E+001
  0.10000000E+001  0.10034440E+007  0.12997386E+002 -0.38904550E+001
  0.10000000E+001  0.38631398E+006 -0.12520169E+001 -0.31549428E+001
  0.10000000E+001  0.83533424E+007  0.29478238E+002 -0.38552670E+001
  0.10000000E+001  0.15140996E+005  0.55310953E+001 -0.69624939E+001
  0.10000000E+001  0.32959766E+006 -0.17453945E+001  0.27932866E+001
  0.10000000E+001  0.14666338E+005  0.42309840E+001 -0.81004934E+001
  0.10000000E+001  0.13809016E+006  0.96413051E+000 -0.33152042E+001
  0.10000000E+001  0.18124390E+006 -0.88489767E+000  0.58158300E+001
  0.10000000E+001  0.14644614E+007  0.14191333E+002  0.32594415E+000
  0.10000000E+001  0.55382023E+004  0.33615783E+001 -0.17789443E+001
  0.10000000E+001  0.51271411E+005  0.23683715E+001 -0.40284590E+001
  0.10000000E+001  0.21934865E+007 -0.10379174E+002  0.76353827E+001
  0.10000000E+001  0.40715122E+006 -0.23753908E+001  0.32755360E+001
  0.10000000E+001  0.21755008E+007 -0.10538402E+002  0.90861740E+001
  0.10000000E+001  0.13948849E+005  0.30470901E+001 -0.22945773E+001
  0.10000000E+001  0.18780911E+007  0.15545595E+002  0.62147502E+000
  0.10000000E+001  0.64437784E+006 -0.22798616E+001 -0.66890894E+001
  0.10000000E+001  0.93789454E+005  0.52730163E+001  0.68370853E+001
  0.10000000E+001  0.32903956E+006  0.76635304E+001  0.66246579E+001
  0.10000000E+001  0.33920770E+006 -0.24799438E+000 -0.72796240E+001
  0.10000000E+001  0.13741724E+006  0.14312149E+001 -0.61008659E+001
  0.10000000E+001  0.10063996E+007 -0.41193292E+001 -0.61593015E+001
  0.10000000E+001  0.10121688E+007  0.12438309E+002  0.13989617E+000
  0.10000000E+001  0.11849658E+005  0.39230381E+001 -0.61952551E+001
  0.10000000E+001  0.27715701E+007 -0.11228617E+002  0.25523394E+001
  0.10000000E+001  0.24832214E+007  0.17162617E+002  0.17833139E+001
  0.10000000E+001  0.24910251E+007 -0.10521642E+002  0.28719859E+001
  0.10000000E+001  0.18830923E+007 -0.78195825E+001 -0.30938366E+001
  0.10000000E+001  0.16584690E+005  0.39044916E+001 -0.71354097E+001
  0.10000000E+001  0.37538010E+007 -0.13499198E+002  0.18282670E+001
  0.10000000E+001  0.48786838E+007 -0.14450933E+002 -0.74652639E+001
  0.10000000E+001  0.13034103E+007 -0.65879937E+001  0.20486401E+001
  0.10000000E+001  0.53202517E+007 -0.17608875E+002  0.77814955E+001
  0.10000000E+001  0.21704733E+007 -0.83968329E+001 -0.50722866E+001
  0.10000000E+001  0.10641085E+007  0.12998416E+002 -0.21268735E+001
  0.10000000E+001  0.30607899E+006  0.32079631E+000 -0.91563556E+001
  0.10000000E+001  0.77802385E+006 -0.30845614E+001 -0.59975955E+001
  0.10000000E+001  0.10202327E+007  0.11419440E+002  0.70300236E+001
  0.10000000E+001  0.41869877E+007  0.20845218E+002  0.45660341E+001
  0.10000000E+001  0.67375811E+006 -0.26643668E+001 -0.52634432E+001
  0.10000000E+001  0.18181393E+007 -0.77227921E+001 -0.23654494E+001
  0.10000000E+001  0.56767367E+005  0.58541071E+001 -0.67633087E+000
  0.10000000E+001  0.36564646E+007 -0.11500556E+002 -0.97847099E+001
  0.10000000E+001  0.16906507E+006  0.17165128E+001 -0.98755417E+001
  0.10000000E+001  0.79295646E+005  0.21035732E+001 -0.53716053E+001
  0.10000000E+001  0.10845066E+006  0.13949467E+001 -0.36741361E+001
  0.10000000E+001  0.23992697E+006  0.73532872E+001  0.39395283E+001
  0.10000000E+001  0.37999105E+005  0.47088879E+001  0.42918065E+001
  0.10000000E+001  0.30902782E+006 -0.13570893E+001  0.12567644E+001
  0.10000000E+001  0.17233706E+007  0.15144172E+002 -0.55923705E-001
  0.10000000E+001  0.26381000E+007 -0.11902690E+002  0.94965989E+001
  0.10000000E+001  0.30621039E+004  0.41297644E+001  0.95788163E-001
  0.10000000E+001  0.16698858E+007 -0.64910118E+001 -0.71576117E+001
  0.10000000E+001  0.51954815E+005  0.52461054E+001  0.27612790E+001
  0.10000000E+001  0.22628691E+006  0.78603168E+001 -0.20354304E+000
  0.10000000E+001  0.49224874E+007 -0.14350236E+002 -0.86768809E+001
  0.10000000E+001  0.10511833E+007 -0.63451982E+001  0.72832063E+001
  0.10000000E+001  0.30562306E+007  0.19882201E+002 -0.63714634E+001
  0.10000000E+001  0.12217217E+007 -0.68144497E+001  0.57094496E+001
  0.10000000E+001  0.48024598E+007 -0.15935741E+002  0.32956329E+001
  0.10000000E+001  0.23447822E+006  0.55652942E+000 -0.68970693E+001
  0.10000000E+001  0.17320807E+007 -0.68870601E+001 -0.59546757E+001
  0.10000000E+001  0.21115003E+006 -0.83098514E-001 -0.15679011E+001
  0.10000000E+001  0.21203475E+006  0.48319440E+000 -0.51734374E+001
  0.10000000E+001  0.14244650E+007 -0.59413182E+001 -0.51479998E+001
  0.10000000E+001  0.28773688E+007  0.17950531E+002  0.35198326E+001
  0.10000000E+001  0.13453420E+007 -0.53748131E+001 -0.68938791E+001
  0.10000000E+001  0.37191065E+006  0.85959424E+001  0.26817292E+001
  0.10000000E+001  0.54285238E+003  0.36271505E+001  0.14832546E+001
  0.10000000E+001  0.59174930E+006 -0.14588900E+001 -0.99506955E+001
  0.10000000E+001  0.67964762E+005  0.56555620E+001  0.19713167E+001
  0.10000000E+001  0.31329299E+004  0.36453297E+001  0.31626230E+001
  0.10000000E+001  0.56269561E+006 -0.26600033E+001 -0.13219132E+001
  0.10000000E+001  0.14158463E+006  0.13250174E+001 -0.57634980E+001
  0.10000000E+001  0.31984860E+007 -0.13115869E+002  0.79896441E+001
  0.10000000E+001  0.12904296E+007  0.12164560E+002  0.93034008E+001
  0.10000000E+001  0.49430923E+006 -0.31911447E+001  0.49653093E+001
  0.10000000E+001  0.42005985E+007 -0.14127304E+002 -0.48894234E+000
  0.10000000E+001  0.21832072E+004  0.28028202E+001  0.37182833E+001
  0.10000000E+001  0.34721524E+007 -0.11761372E+002 -0.53455774E+001
  0.10000000E+001  0.45363850E+006  0.10234427E+002 -0.46313938E+001
  0.10000000E+001  0.52114682E+006 -0.36545189E+001  0.70297045E+001
  0.10000000E+001  0.66201678E+006  0.10785608E+002 -0.37694580E-001
  0.10000000E+001  0.91469520E+006 -0.32839733E+001 -0.88417757E+001
  0.10000000E+001  0.24117281E+007 -0.83940169E+001 -0.95660596E+001
  0.10000000E+001  0.43650653E+006  0.90737670E+001  0.24593182E+001
  0.10000000E+001  0.23046117E+007  0.15621429E+002  0.85580396E+001
  0.10000000E+001  0.36250379E+007  0.20607402E+002 -0.20890438E+001
  0.10000000E+001  0.31370275E+007 -0.10391306E+002 -0.89931180E+001
  0.10000000E+001  0.14929441E+007 -0.62761057E+001 -0.45866684E+001
  0.10000000E+001  0.76445792E+006 -0.52874085E+001  0.91102656E+001
  0.10000000E+001  0.50515565E+006 -0.25172446E+001 -0.66512865E-002
  0.10000000E+001  0.81786629E+005  0.12249732E+001 -0.22261004E+000
  0.10000000E+001  0.49635582E+005  0.23517548E+001 -0.37402289E+001
  0.10000000E+001  0.15139496E+005  0.46649456E+001 -0.97348718E+001
  0.10000000E+001  0.13931096E+006  0.13482188E+001 -0.57411130E+001
  0.10000000E+001  0.27832466E+006 -0.13112594E+001  0.26059869E+001
  0.10000000E+001  0.30849295E+004  0.43099761E+001 -0.13865399E+001
  0.10000000E+001  0.83267716E+007 -0.20788400E+002 -0.46668433E+001
  0.10000000E+001  0.49949588E+006 -0.33352833E+001  0.57354299E+001
  0.10000000E+001  0.50258105E+005  0.11127990E+001  0.42132107E+001
  0.10000000E+001  0.26921107E+007 -0.10992098E+002  0.23739853E+001
  0.10000000E+001  0.25729212E+005  0.29756200E+001 -0.40688523E+001
  0.10000000E+001  0.13708577E+007 -0.59657165E+001 -0.37117486E+001
  0.10000000E+001  0.27554555E+006  0.67417112E+001  0.96633480E+001
  0.10000000E+001  0.19686740E+006 -0.74744279E+000  0.37561207E+001
  0.10000000E+001  0.10108752E+007  0.11369828E+002  0.70878751E+001
  0.10000000E+001  0.13493388E+007 -0.76798516E+001  0.82648742E+001
  0.10000000E+001  0.16485980E+005  0.56431119E+001 -0.76530581E+001
  0.10000000E+001  0.40292168E+004  0.27968993E+001  0.23400514E+001
  0.10000000E+001  0.52038096E+007  0.23653732E+002 -0.44893313E+000
  0.10000000E+001  0.17806718E+005  0.35381485E+001  0.76320502E+001
  0.10000000E+001  0.11458189E+006  0.20586584E+001 -0.80692327E+001
  0.10000000E+001  0.16677182E+007  0.13686745E+002  0.82607371E+001
  0.10000000E+001  0.75500675E+006  0.11072010E+002  0.12662817E+001
  0.10000000E+001  0.33521049E+007 -0.11053853E+002 -0.80878996E+001
  0.10000000E+001  0.33634973E+006  0.77338496E+001  0.65319770E+001
  0.10000000E+001  0.59420579E+006 -0.30609068E+001  0.11888909E+000
  0.10000000E+001  0.11474731E+006  0.70531158E+001 -0.29089477E+001
  0.10000000E+001  0.10170511E+007 -0.50781239E+001 -0.25478650E+000
  0.10000000E+001  0.59394066E+007 -0.16280683E+002 -0.85289679E+001
  0.10000000E+001  0.95861397E+004  0.36146642E+001  0.54582362E+001
  0.10000000E+001  0.64506700E+004  0.22774623E+001  0.89460001E+001
  0.10000000E+001  0.10961115E+006 -0.21127692E+000  0.69852160E+001
  0.10000000E+001  0.27281345E+007 -0.11023390E+002  0.19466136E+001
  0.10000000E+001  0.14108634E+007 -0.74250466E+001  0.49657686E+001
  0.10000000E+001  0.16263939E+006 -0.58341981E+000  0.50770624E+001
  0.10000000E+001  0.24506270E+007 -0.11152552E+002  0.78814286E+001
  0.10000000E+001  0.87128480E+006  0.12074728E+002 -0.16745973E+001
  0.10000000E+001  0.30080993E+007  0.19569744E+002 -0.50694626E+001
  0.10000000E+001  0.79026486E+005  0.59670141E+001  0.10969456E+001
  0.10000000E+001  0.23218545E+007 -0.90489521E+001 -0.37017538E+001
  0.10000000E+001  0.36362628E+006  0.93853863E+001 -0.30208374E+001
  0.10000000E+001  0.14901880E+007 -0.55027495E+001 -0.94603108E+001
  0.10000000E+001  0.13953902E+006  0.69519412E+001 -0.93558460E-001
  0.10000000E+001  0.14694060E+007 -0.77864053E+001  0.59714203E+001
  0.10000000E+001  0.76393202E+004  0.35041439E+001  0.54833545E+001
  0.10000000E+001  0.83626879E+006 -0.52149477E+001  0.61723386E+001
  0.10000000E+001  0.76557400E+007 -0.21642693E+002  0.78864491E+001
  0.10000000E+001  0.67224201E+007 -0.19137579E+002  0.12995693E+001
  0.10000000E+001  0.10101661E+006  0.51477254E+001  0.81871074E+001
  0.10000000E+001  0.25729249E+007 -0.97703653E+001 -0.35671966E+001
  0.10000000E+001  0.18539772E+007 -0.75311711E+001 -0.43637789E+001
  0.10000000E+001  0.88166500E+005  0.11006120E+001 -0.36911071E-001
  0.10000000E+001  0.10352874E+005  0.32935311E+001 -0.28087647E+001
  0.10000000E+001  0.21540851E+005  0.59797958E+001 -0.93878521E+001
  0.10000000E+001  0.12582736E+004  0.40535724E+001 -0.21650800E+001
  0.10000000E+001  0.45371618E+007 -0.16217664E+002  0.87943765E+001
  0.10000000E+001  0.10325215E+006  0.47214797E+000  0.27302742E+001
  0.10000000E+001  0.81788384E+005  0.23037768E+001 -0.67511948E+001
  0.10000000E+001  0.15093994E+006  0.14655119E+000  0.97481421E+000
  0.10000000E+001  0.18166145E+005  0.27517323E+001 -0.14552721E+001
  0.10000000E+001  0.98843099E+005  0.48021199E+001  0.99952760E+001
  0.10000000E+001  0.80903096E+005  0.58858714E+001  0.18219657E+001
  0.10000000E+001  0.36672163E+006 -0.22397718E+001  0.42854448E+001
  0.10000000E+001  0.20991533E+007 -0.99518100E+001  0.66416894E+001
  0.10000000E+001  0.25699252E+006  0.94608512E+001 -0.96818576E+001
  0.10000000E+001  0.39569780E+006  0.94603647E+001 -0.19725530E+001
  0.10000000E+001  0.20804679E+007 -0.85674008E+001 -0.22076738E+001
  0.10000000E+001  0.43674396E+004  0.34857030E+001 -0.19963305E+001
  0.10000000E+001  0.37982160E+007 -0.13898004E+002  0.38225883E+001
  0.10000000E+001  0.40356341E+006  0.79875394E+001  0.79813057E+001
  0.10000000E+001  0.34715055E+006  0.98873033E+001 -0.74321835E+001
  0.10000000E+001  0.37767573E+007 -0.13923142E+002  0.43128853E+001
  0.10000000E+001  0.35703688E+007 -0.11613180E+002 -0.77861215E+001
  0.10000000E+001  0.10350955E+008 -0.24026125E+002 -0.24102582E+001
  0.10000000E+001  0.33193602E+006  0.74516238E+001  0.80831528E+001
  0.10000000E+001  0.14594279E+007  0.12855046E+002  0.89217901E+001
  0.10000000E+001  0.78773103E+005  0.64461288E+001 -0.22230475E+001
  0.10000000E+001  0.68508384E+006  0.12047677E+002 -0.78778755E+001
  0.10000000E+001  0.36170773E+005  0.63207459E+001 -0.78318188E+001
  0.10000000E+001  0.47801953E+006  0.11105081E+002 -0.97304886E+001
  0.10000000E+001  0.68441326E+005  0.28044367E+001 -0.82824606E+001
  0.10000000E+001  0.21700114E+006  0.71856446E+001  0.36693059E+001
  0.10000000E+001  0.27730790E+007 -0.12127296E+002  0.85825605E+001
  0.10000000E+001  0.84779449E+004  0.47773800E+001 -0.23935500E+001
  0.10000000E+001  0.21672618E+005  0.35005599E+001 -0.61597306E+001
  0.10000000E+001  0.14291792E+005  0.35819847E+001  0.67143438E+001
  0.10000000E+001  0.88756574E+006 -0.58459423E+001  0.88642465E+001
  0.10000000E+001  0.45478037E+007 -0.14105877E+002 -0.53823061E+001
  0.10000000E+001  0.15142379E+008 -0.31335418E+002  0.70769395E+001
  0.10000000E+001  0.21128433E+006  0.90807655E-001 -0.26838788E+001
  0.10000000E+001  0.16135005E+007 -0.66541501E+001 -0.48743155E+001
  0.10000000E+001  0.23243308E+007 -0.82027613E+001 -0.92016864E+001
  0.10000000E+001  0.22472409E+007  0.15884515E+002  0.57771562E+001
  0.10000000E+001  0.12544511E+005  0.46658740E+001 -0.90629477E+001
  0.10000000E+001  0.25553596E+007 -0.10937838E+002  0.44757057E+001
  0.10000000E+001  0.23944618E+007 -0.11119093E+002  0.87280730E+001
  0.10000000E+001  0.11650012E+006  0.13064223E+001 -0.37804574E+001
  0.10000000E+001  0.26064759E+007 -0.96151682E+001 -0.51684680E+001
  0.10000000E+001  0.10251664E+007 -0.54520265E+001  0.19900173E+001
  0.10000000E+001  0.42512385E+006 -0.95518934E+000 -0.66988294E+001
  0.10000000E+001  0.57269163E+007  0.23924338E+002  0.42246926E+001
  0.10000000E+001  0.39089565E+007  0.21197460E+002 -0.17652668E+001
  0.10000000E+001  0.19201811E+006  0.69952429E+001  0.33401787E+001
  0.10000000E+001  0.46571775E+005  0.44406484E+001  0.69587623E+001
  0.10000000E+001  0.17574391E+006  0.12603118E+001 -0.76494161E+001
  0.10000000E+001  0.71064989E+006 -0.45077464E+001  0.56068826E+001
  0.10000000E+001  0.13413836E+005  0.29447667E+001 -0.15898879E+001
  0.10000000E+001  0.44569941E+007 -0.14839296E+002  0.66374786E+000
  0.10000000E+001  0.97085239E+006  0.11517947E+002  0.50011346E+001
  0.10000000E+001  0.16423689E+006 -0.84804037E+000  0.68429704E+001
  0.10000000E+001  0.16676442E+007 -0.68157574E+001 -0.50230344E+001
  0.10000000E+001  0.21623430E+006  0.87611174E+000 -0.77908006E+001
  0.10000000E+001  0.15844566E+007 -0.73172695E+001  0.10895250E+000
  0.10000000E+001  0.85413605E+007 -0.21380174E+002 -0.28976648E+001
  0.10000000E+001  0.11473964E+008 -0.26138609E+002  0.17499607E+001
  0.10000000E+001  0.26428340E+006  0.90368132E+001 -0.60693882E+001
  0.10000000E+001  0.58933359E+006 -0.19032565E+001 -0.71213976E+001
  0.10000000E+001  0.78606913E+006 -0.28416632E+001 -0.77783902E+001
  0.10000000E+001  0.23913975E+005  0.12818114E+001  0.79409390E+001
  0.10000000E+001  0.42023106E+006 -0.18180359E+001 -0.10120273E+001
  0.10000000E+001  0.23702123E+007 -0.91761344E+001 -0.37710302E+001
  0.10000000E+001  0.75123750E+007 -0.18904564E+002 -0.87156442E+001
  0.10000000E+001  0.12820832E+007 -0.48373842E+001 -0.87702119E+001
  0.10000000E+001  0.57354551E+006 -0.15605014E+001 -0.86823804E+001
  0.10000000E+001  0.27035529E+006 -0.79426422E+000 -0.38332334E+000
  0.10000000E+001  0.27551444E+006  0.73449243E+001  0.59423074E+001
  0.10000000E+001  0.19181914E+007 -0.98493819E+001  0.97553598E+001
  0.10000000E+001  0.42635039E+006 -0.19248018E+001 -0.58351037E+000
  0.10000000E+001  0.76411928E+005  0.27965592E+000  0.69532060E+001
  0.10000000E+001  0.51858309E+006 -0.36545735E+001  0.71386863E+001
  0.10000000E+001  0.24186591E+006 -0.35495296E+000 -0.16349054E+001
  0.10000000E+001  0.59085447E+005  0.11220562E+001  0.29712109E+001
  0.10000000E+001  0.21820663E+007 -0.10240243E+002  0.69198776E+001
  0.10000000E+001  0.63348267E+006 -0.35713264E+001  0.20532573E+001
  0.10000000E+001  0.90468875E+007  0.28892149E+002  0.68314271E+001
  0.10000000E+001  0.16446314E+007 -0.73166645E+001 -0.12553466E+001
  0.10000000E+001  0.41619089E+005  0.29611085E+001 -0.62092648E+001
  0.10000000E+001  0.74163690E+005  0.67695577E+000  0.42968918E+001
  0.10000000E+001  0.18050709E+007  0.14975504E+002  0.28395363E+001
  0.10000000E+001  0.79848759E+006 -0.43353234E+001  0.14646378E+001
  0.10000000E+001  0.17947667E+007 -0.71206653E+001 -0.57786893E+001
  0.10000000E+001  0.62141054E+005  0.55927834E+001  0.17299153E+001
  0.10000000E+001  0.20004253E+006  0.69167553E+001  0.43496854E+001
  0.10000000E+001  0.30571738E+007 -0.11045475E+002 -0.34744133E+001
  0.10000000E+001  0.41597743E+006 -0.26113717E+001  0.44727505E+001
  0.10000000E+001  0.13252943E+006  0.25611454E+000  0.16673390E+001
  0.10000000E+001  0.30971428E+006  0.80739884E+001  0.30488145E+001
  0.10000000E+001  0.21633652E+007  0.15428539E+002  0.71371109E+001
  0.10000000E+001  0.12349019E+007 -0.63732754E+001  0.23865842E+001
  0.10000000E+001  0.59177683E+007 -0.18240237E+002  0.46300146E+001
  0.10000000E+001  0.19981404E+007 -0.74810582E+001 -0.76097698E+001
  0.10000000E+001  0.21378424E+006  0.73680312E+000 -0.68166094E+001
  0.10000000E+001  0.13084894E+006  0.67207608E+001  0.76570808E+000
  0.10000000E+001  0.69562424E+006 -0.48264303E+001  0.83544698E+001
  0.10000000E+001  0.86596568E+005  0.47123850E+000  0.43877889E+001
  0.10000000E+001  0.34652561E+007 -0.11678349E+002 -0.57799337E+001
  0.10000000E+001  0.12508508E+007  0.13422427E+002  0.11529485E+000
  0.10000000E+001  0.52871983E+006 -0.28810023E+001  0.14530795E+001
  0.10000000E+001  0.75021400E+005  0.63014328E+001 -0.16186962E+001
  0.10000000E+001  0.48012243E+007 -0.14416949E+002 -0.66879661E+001
  0.10000000E+001  0.15985062E+007  0.13892909E+002  0.53994688E+001
  0.10000000E+001  0.86651241E+006 -0.58353520E+001  0.94783823E+001
  0.10000000E+001  0.37169403E+006  0.92476346E+001 -0.16763326E+001
  0.10000000E+001  0.63505740E+006  0.12054580E+002 -0.98645091E+001
  0.10000000E+001  0.96445088E+005  0.56966193E+001  0.44867763E+001
  0.10000000E+001  0.18836202E+006  0.88215325E+001 -0.98001264E+001
  0.10000000E+001  0.28071237E+007 -0.11032107E+002  0.62935917E+000
  0.10000000E+001  0.23320406E+006  0.66565131E+001  0.79245786E+001
  0.10000000E+001  0.56194783E+007 -0.15474016E+002 -0.99874869E+001
  0.10000000E+001  0.14796171E+006  0.62032419E+001  0.53860780E+001
  0.10000000E+001  0.95616430E+004  0.51747203E+001 -0.78986076E+001
  0.10000000E+001  0.74204493E+006 -0.35455030E+001 -0.18830190E+001
  0.10000000E+001  0.10134032E+006  0.52860370E+001  0.73996016E+001
  0.10000000E+001  0.10806660E+005  0.48438542E+001 -0.89327479E+001
  0.10000000E+001  0.59531069E+006 -0.32257472E+001  0.11672534E+001
  0.10000000E+001  0.71479391E+006 -0.38784511E+001  0.12195282E+001
  0.10000000E+001  0.18491051E+007  0.15547906E+002 -0.10536986E-001
  0.10000000E+001  0.15826516E+007 -0.64314457E+001 -0.56223301E+001
  0.10000000E+001  0.13006357E+007  0.13716150E+002 -0.56186138E+000
  0.10000000E+001  0.95938529E+006  0.10793923E+002  0.93087731E+001
  0.10000000E+001  0.21973076E+006  0.67762334E+001  0.64177995E+001
  0.10000000E+001  0.21330380E+007  0.15166277E+002  0.82479066E+001
  0.10000000E+001  0.25131243E+004  0.34009253E+001  0.40742716E+001
  0.10000000E+001  0.88423047E+006 -0.57614306E+001  0.83838955E+001
  0.10000000E+001  0.18307091E+004  0.30088907E+001  0.21784192E+001
  0.10000000E+001  0.12812153E+006  0.20200766E+001 -0.88533791E+001
  0.10000000E+001  0.22180057E+006  0.30760122E+000 -0.46602361E+001
